0 0.0325 0.37166666666666665 0.06 0.10333333333333333
0 0.0875 0.3566666666666667 0.05 0.08
0 0.05375 0.31666666666666665 0.0425 0.06666666666666667
0 0.22375 0.3333333333333333 0.0625 0.1
0 0.19375 0.31833333333333336 0.0425 0.07
0 0.31375 0.30666666666666664 0.0375 0.06
0 0.345 0.33 0.05 0.08
0 0.415 0.305 0.03 0.05
0 0.42875 0.3333333333333333 0.0325 0.06
0 0.54375 0.3416666666666667 0.0525 0.07666666666666666
0 0.6325 0.31166666666666665 0.04 0.06333333333333334
0 0.72 0.3616666666666667 0.075 0.13666666666666666
0 0.85125 0.3416666666666667 0.0725 0.12333333333333334