0 0.323 0.0666156202143951 0.094 0.07503828483920368
0 0.397 0.10183767228177641 0.046 0.0444104134762634
0 0.488 0.25344563552833077 0.188 0.1546707503828484
0 0.73 0.09341500765696784 0.076 0.06125574272588055
0 0.441 0.12021439509954059 0.022 0.016845329249617153
0 0.476 0.13552833078101073 0.02 0.019908116385911178
0 0.571 0.1362940275650842 0.018 0.015313935681470138
0 0.612 0.1339969372128637 0.02 0.013782542113323124
0 0.64 0.1584992343032159 0.024 0.016845329249617153
0 0.539 0.13935681470137826 0.018 0.015313935681470138
0 0.515 0.1416539050535988 0.018 0.016845329249617153