0 0.7489019033674963 0.54541015625 0.05417276720351391 0.0439453125
0 0.7042459736456809 0.55029296875 0.043923865300146414 0.0380859375
0 0.6617862371888726 0.53466796875 0.04685212298682284 0.0361328125
0 0.5673499267935578 0.55126953125 0.03953147877013177 0.0380859375
0 0.4882869692532943 0.5390625 0.05124450951683748 0.04296875
0 0.12152269399707175 0.40966796875 0.08784773060029283 0.0771484375
0 0.19326500732064422 0.265625 0.07906295754026355 0.0703125
0 0.23792093704245973 0.16015625 0.06881405563689605 0.05078125
0 0.2569546120058565 0.1298828125 0.0629575402635432 0.05078125
0 0.30380673499267935 0.0732421875 0.05710102489019034 0.052734375
0 0.5212298682284041 0.22998046875 0.032210834553440704 0.0302734375
0 0.5512445095168375 0.244140625 0.03074670571010249 0.03125
1 0.3301610541727672 0.0859375 0.03367496339677892 0.033203125