0 0.30579710144927535 0.4334061135371179 0.15072463768115943 0.2816593886462882
0 0.38913043478260867 0.3034934497816594 0.08840579710144927 0.1615720524017467
0 0.6159420289855072 0.2631004366812227 0.08985507246376812 0.17685589519650655
0 0.7869565217391304 0.2925764192139738 0.09855072463768116 0.17903930131004367
0 0.8326086956521739 0.2903930131004367 0.04492753623188406 0.14410480349344978
1 0.15144927536231884 0.2685589519650655 0.013043478260869565 0.026200873362445413
1 0.17898550724637682 0.20305676855895197 0.007246376811594203 0.013100436681222707
1 0.21739130434782608 0.21069868995633187 0.008695652173913044 0.015283842794759825
1 0.19927536231884058 0.21397379912663755 0.007246376811594203 0.013100436681222707
1 0.19710144927536233 0.23580786026200873 0.008695652173913044 0.017467248908296942
1 0.7420289855072464 0.29366812227074235 0.017391304347826087 0.03711790393013101