0 0.8345864661654135 0.7698412698412699 0.07218045112781955 0.1111111111111111
0 0.9834586466165414 0.7222222222222222 0.03308270676691729 0.07936507936507936
0 0.6827067669172933 0.717687074829932 0.05714285714285714 0.09297052154195011
0 0.7578947368421053 0.7222222222222222 0.05413533834586466 0.07482993197278912
0 0.7849624060150376 0.6360544217687075 0.03609022556390978 0.061224489795918366
0 0.8443609022556391 0.6700680272108843 0.055639097744360905 0.08843537414965986
0 0.9015037593984963 0.6723356009070295 0.04360902255639098 0.061224489795918366
0 0.5496240601503759 0.6621315192743764 0.04661654135338346 0.07256235827664399
0 0.5180451127819549 0.7925170068027211 0.07067669172932331 0.10204081632653061
0 0.46766917293233085 0.6303854875283447 0.039097744360902256 0.05895691609977324
0 0.27593984962406015 0.7142857142857143 0.055639097744360905 0.09523809523809523
0 0.34661654135338343 0.6700680272108843 0.04962406015037594 0.07029478458049887
0 0.3015037593984962 0.5997732426303855 0.031578947368421054 0.05668934240362812
0 0.18721804511278195 0.6326530612244898 0.03759398496240601 0.05895691609977324
0 0.1849624060150376 0.5952380952380952 0.03308270676691729 0.04308390022675737
0 0.1511278195488722 0.5748299319727891 0.022556390977443608 0.034013605442176874
0 0.12631578947368421 0.5589569160997733 0.02406015037593985 0.034013605442176874
0 0.5323308270676692 0.5861678004535147 0.021052631578947368 0.02947845804988662
0 0.5842105263157895 0.5759637188208617 0.02556390977443609 0.031746031746031744
0 0.6248120300751879 0.6224489795918368 0.03458646616541353 0.05215419501133787
0 0.6541353383458647 0.6666666666666666 0.039097744360902256 0.05895691609977324
0 0.6894736842105263 0.6133786848072562 0.02857142857142857 0.04308390022675737
0 0.7345864661654136 0.6519274376417233 0.03759398496240601 0.05668934240362812
0 0.7556390977443609 0.5861678004535147 0.02556390977443609 0.03854875283446712
0 0.7225563909774436 0.590702947845805 0.02857142857142857 0.03854875283446712
0 0.9225563909774436 0.6213151927437641 0.03458646616541353 0.045351473922902494
0 0.9263157894736842 0.5351473922902494 0.02406015037593985 0.036281179138321996
0 0.8120300751879699 0.5612244897959183 0.01804511278195489 0.02947845804988662
0 0.7909774436090226 0.562358276643991 0.021052631578947368 0.036281179138321996
0 0.662406015037594 0.5170068027210885 0.019548872180451128 0.031746031746031744
0 0.6909774436090226 0.5226757369614512 0.019548872180451128 0.02947845804988662
0 0.412781954887218 0.6133786848072562 0.031578947368421054 0.04308390022675737
0 0.37593984962406013 0.5861678004535147 0.02406015037593985 0.034013605442176874
0 0.2661654135338346 0.5952380952380952 0.03007518796992481 0.04308390022675737
0 0.23834586466165414 0.5714285714285714 0.02556390977443609 0.036281179138321996
0 0.22030075187969925 0.5668934240362812 0.022556390977443608 0.036281179138321996
0 0.4789473684210526 0.5929705215419501 0.02556390977443609 0.034013605442176874
0 0.8729323308270677 0.5657596371882087 0.016541353383458645 0.024943310657596373
0 0.5669172932330827 0.5748299319727891 0.01804511278195489 0.024943310657596373
0 0.606015037593985 0.5612244897959183 0.021052631578947368 0.02947845804988662
0 0.6157894736842106 0.5736961451247166 0.019548872180451128 0.027210884353741496
0 0.6300751879699248 0.5408163265306123 0.015037593984962405 0.02040816326530612
0 0.6473684210526316 0.5759637188208617 0.022556390977443608 0.031746031746031744
0 0.7022556390977444 0.5521541950113379 0.015037593984962405 0.024943310657596373
0 0.7646616541353384 0.5589569160997733 0.016541353383458645 0.024943310657596373
0 0.4255639097744361 0.5714285714285714 0.021052631578947368 0.031746031746031744
0 0.40902255639097745 0.5861678004535147 0.02706766917293233 0.034013605442176874
0 0.46466165413533833 0.5816326530612245 0.02706766917293233 0.03854875283446712
0 0.48721804511278194 0.5736961451247166 0.021052631578947368 0.031746031746031744
0 0.5398496240601504 0.5555555555555556 0.015037593984962405 0.027210884353741496
0 0.7353383458646616 0.5612244897959183 0.015037593984962405 0.02040816326530612
0 0.5278195488721804 0.6519274376417233 0.02706766917293233 0.05215419501133787
0 0.5639097744360902 0.536281179138322 0.012030075187969926 0.015873015873015872
0 0.5827067669172933 0.5374149659863946 0.016541353383458645 0.022675736961451247
0 0.4443609022556391 0.5657596371882087 0.019548872180451128 0.02947845804988662
0 0.7804511278195488 0.6065759637188208 0.03007518796992481 0.03854875283446712
0 0.0406015037593985 0.8537414965986394 0.07819548872180451 0.1473922902494331
0 0.058646616541353384 0.7267573696145124 0.06917293233082707 0.10657596371882086
0 0.06090225563909774 0.6609977324263039 0.058646616541353384 0.05668934240362812
0 0.06390977443609022 0.6303854875283447 0.04962406015037594 0.049886621315192746
0 0.06992481203007518 0.5895691609977324 0.04360902255639098 0.045351473922902494
0 0.09323308270676692 0.5782312925170068 0.02706766917293233 0.036281179138321996
0 0.07969924812030076 0.5521541950113379 0.01804511278195489 0.02947845804988662
0 0.19323308270676692 0.5600907029478458 0.019548872180451128 0.027210884353741496
0 0.30601503759398496 0.5555555555555556 0.016541353383458645 0.022675736961451247
0 0.34962406015037595 0.5714285714285714 0.019548872180451128 0.031746031746031744
0 0.33157894736842103 0.5532879818594104 0.016541353383458645 0.022675736961451247
0 0.37894736842105264 0.5566893424036281 0.01804511278195489 0.024943310657596373
0 0.04962406015037594 0.4943310657596372 0.015037593984962405 0.027210884353741496
0 0.06090225563909774 0.5340136054421769 0.016541353383458645 0.024943310657596373
0 0.12105263157894737 0.5306122448979592 0.013533834586466165 0.018140589569160998
0 0.23458646616541354 0.5430839002267573 0.015037593984962405 0.02040816326530612
0 0.21954887218045113 0.5419501133786848 0.012030075187969926 0.018140589569160998
0 0.8428571428571429 0.6145124716553289 0.03759398496240601 0.04081632653061224
0 0.8210526315789474 0.63718820861678 0.03007518796992481 0.04081632653061224
0 0.9639097744360903 0.5804988662131519 0.01804511278195489 0.027210884353741496
0 0.9834586466165414 0.5839002267573696 0.02406015037593985 0.034013605442176874
0 0.9233082706766917 0.7233560090702947 0.06917293233082707 0.09523809523809523
0 0.4120300751879699 0.7142857142857143 0.05413533834586466 0.07709750566893424
0 0.3323308270676692 0.5839002267573696 0.02406015037593985 0.03854875283446712
0 0.8421052631578947 0.5600907029478458 0.015037593984962405 0.022675736961451247
0 0.8548872180451128 0.5600907029478458 0.016541353383458645 0.022675736961451247
0 0.9593984962406015 0.5521541950113379 0.012030075187969926 0.02040816326530612
0 0.8932330827067669 0.5634920634920635 0.01804511278195489 0.024943310657596373
0 0.6112781954887218 0.528344671201814 0.010526315789473684 0.018140589569160998
0 0.8233082706766918 0.5328798185941043 0.013533834586466165 0.018140589569160998
0 0.849624060150376 0.5385487528344671 0.012030075187969926 0.02040816326530612