0 0.096 0.34534534534534533 0.072 0.10810810810810811
0 0.222 0.35585585585585583 0.064 0.10510510510510511
0 0.266 0.34534534534534533 0.048 0.0960960960960961
0 0.314 0.3483483483483483 0.048 0.10810810810810811
0 0.365 0.3483483483483483 0.062 0.11411411411411411
0 0.426 0.3663663663663664 0.056 0.0960960960960961
0 0.543 0.34534534534534533 0.066 0.12612612612612611
0 0.584 0.3228228228228228 0.048 0.09309309309309309
0 0.614 0.34684684684684686 0.064 0.10510510510510511
0 0.673 0.33183183183183185 0.066 0.12912912912912913
0 0.723 0.34684684684684686 0.046 0.08708708708708708
0 0.783 0.34384384384384387 0.07 0.12312312312312312
0 0.906 0.38738738738738737 0.072 0.12012012012012012
1 0.156 0.36786786786786785 0.056 0.09309309309309309
1 0.455 0.35135135135135137 0.034 0.06606606606606606
1 0.518 0.31981981981981983 0.028 0.06906906906906907