0 0.484 0.5127118644067796 0.068 0.09322033898305085
0 0.456 0.5338983050847458 0.04 0.07344632768361582
0 0.568 0.5112994350282486 0.064 0.07909604519774012
0 0.668 0.5296610169491526 0.072 0.09322033898305085
0 0.726 0.5028248587570622 0.048 0.05649717514124294
0 0.734 0.5466101694915254 0.056 0.07627118644067797
0 0.795 0.556497175141243 0.062 0.07909604519774012
0 0.916 0.5494350282485876 0.068 0.08757062146892655
1 0.052 0.536723163841808 0.072 0.10734463276836158
1 0.159 0.5282485875706214 0.026 0.03954802259887006
1 0.197 0.5451977401129944 0.026 0.03954802259887006
1 0.248 0.5324858757062146 0.028 0.0423728813559322
1 0.293 0.5466101694915254 0.034 0.05367231638418079
1 0.353 0.5833333333333334 0.042 0.06497175141242938
1 0.87 0.5536723163841808 0.068 0.1016949152542373