0 0.395 0.24371859296482412 0.09 0.1658291457286432
0 0.5116666666666667 0.17336683417085427 0.07 0.135678391959799
0 0.6483333333333333 0.17336683417085427 0.05 0.08542713567839195
0 0.725 0.20351758793969849 0.07666666666666666 0.1457286432160804
0 0.7833333333333333 0.24120603015075376 0.03333333333333333 0.06030150753768844
0 0.845 0.23618090452261306 0.03666666666666667 0.07035175879396985
0 0.89 0.23115577889447236 0.06666666666666667 0.1507537688442211
0 0.095 0.10552763819095477 0.18333333333333332 0.20100502512562815
1 0.10833333333333334 0.31909547738693467 0.21 0.2663316582914573
1 0.23833333333333334 0.23618090452261306 0.03 0.04020100502512563
0 0.28833333333333333 0.22110552763819097 0.023333333333333334 0.04020100502512563
1 0.9433333333333334 0.36432160804020103 0.11333333333333333 0.6884422110552764