0 0.43944444444444447 0.5183333333333333 0.023333333333333334 0.04666666666666667
0 0.49833333333333335 0.5008333333333334 0.027777777777777776 0.04833333333333333
0 0.7177777777777777 0.5 0.013333333333333334 0.02
0 0.5622222222222222 0.5166666666666667 0.006666666666666667 0.013333333333333334
0 0.47333333333333333 0.5125 0.011111111111111112 0.018333333333333333
0 0.6766666666666666 0.5008333333333334 0.011111111111111112 0.018333333333333333
0 0.7061111111111111 0.5008333333333334 0.01 0.015
0 0.5383333333333333 0.5116666666666667 0.012222222222222223 0.016666666666666666
0 0.34833333333333333 0.5233333333333333 0.01 0.02
0 0.8027777777777778 0.5058333333333334 0.012222222222222223 0.021666666666666667
0 0.8427777777777777 0.4975 0.012222222222222223 0.021666666666666667