0 0.15208333333333332 0.39791666666666664 0.07083333333333333 0.12916666666666668
0 0.21319444444444444 0.45416666666666666 0.04027777777777778 0.06666666666666667
0 0.25833333333333336 0.43645833333333334 0.03611111111111111 0.06458333333333334
0 0.23958333333333334 0.434375 0.02638888888888889 0.06458333333333334
0 0.28958333333333336 0.46145833333333336 0.02638888888888889 0.052083333333333336
0 0.3090277777777778 0.4583333333333333 0.029166666666666667 0.058333333333333334
0 0.3375 0.425 0.04722222222222222 0.07916666666666666
0 0.3736111111111111 0.409375 0.03888888888888889 0.08125
0 0.40069444444444446 0.425 0.034722222222222224 0.06666666666666667
0 0.44305555555555554 0.41875 0.05277777777777778 0.09583333333333334
0 0.4673611111111111 0.41770833333333335 0.03194444444444444 0.06458333333333334
0 0.5013888888888889 0.4395833333333333 0.03611111111111111 0.0625
0 0.5659722222222222 0.396875 0.05416666666666667 0.10208333333333333
0 0.6180555555555556 0.403125 0.06388888888888888 0.11041666666666666
0 0.17777777777777778 0.453125 0.022222222222222223 0.04791666666666667
0 0.7034722222222223 0.396875 0.06805555555555555 0.11875
0 0.6666666666666666 0.41354166666666664 0.03611111111111111 0.09375
0 0.7875 0.39166666666666666 0.06944444444444445 0.11666666666666667
0 0.8520833333333333 0.4114583333333333 0.04861111111111111 0.08958333333333333
0 0.9097222222222222 0.3927083333333333 0.058333333333333334 0.10625
0 0.9694444444444444 0.41041666666666665 0.05555555555555555 0.09166666666666666