0 0.15166666666666667 0.3932038834951456 0.15 0.24271844660194175
0 0.2783333333333333 0.3859223300970874 0.10333333333333333 0.1796116504854369
0 0.415 0.3883495145631068 0.09666666666666666 0.1650485436893204
0 0.5416666666666666 0.3883495145631068 0.09 0.14563106796116504
0 0.7266666666666667 0.41019417475728154 0.07333333333333333 0.13106796116504854
0 0.77 0.4441747572815534 0.08666666666666667 0.15048543689320387
0 0.955 0.3592233009708738 0.09 0.18446601941747573
0 0.7216666666666667 0.2354368932038835 0.03 0.043689320388349516
0 0.9166666666666666 0.05339805825242718 0.02666666666666667 0.038834951456310676
0 0.8533333333333334 0.13349514563106796 0.02666666666666667 0.043689320388349516
0 0.785 0.23300970873786409 0.03 0.038834951456310676
0 0.565 0.23300970873786409 0.03 0.04854368932038835
0 0.51 0.21844660194174756 0.03333333333333333 0.04854368932038835
0 0.43666666666666665 0.23786407766990292 0.02666666666666667 0.04854368932038835
0 0.315 0.21359223300970873 0.03 0.04854368932038835
0 0.13333333333333333 0.22330097087378642 0.04 0.05825242718446602
0 0.10166666666666667 0.1650485436893204 0.03666666666666667 0.06796116504854369