0 0.8475 0.43 0.145 0.20666666666666667
0 0.705 0.445 0.045 0.07
0 0.7575 0.4533333333333333 0.045 0.08666666666666667
0 0.6075 0.42333333333333334 0.04 0.06666666666666667
0 0.465 0.425 0.035 0.056666666666666664
0 0.575 0.43166666666666664 0.03 0.056666666666666664
0 0.6525 0.4533333333333333 0.035 0.06
1 0.16625 0.4633333333333333 0.1025 0.11333333333333333
1 0.2875 0.4483333333333333 0.075 0.09666666666666666
1 0.32125 0.415 0.0525 0.08333333333333333
1 0.385 0.4483333333333333 0.03 0.06333333333333334
1 0.355 0.44 0.035 0.08