0 0.07555555555555556 0.6383333333333333 0.1288888888888889 0.23666666666666666
0 0.18777777777777777 0.705 0.15333333333333332 0.30333333333333334
0 0.3511111111111111 0.4633333333333333 0.10222222222222223 0.2
0 0.3233333333333333 0.2816666666666667 0.05555555555555555 0.11666666666666667
0 0.29444444444444445 0.2866666666666667 0.03333333333333333 0.08
0 0.39 0.3 0.051111111111111114 0.08666666666666667
0 0.4266666666666667 0.37 0.07111111111111111 0.12666666666666668
0 0.49666666666666665 0.30666666666666664 0.051111111111111114 0.1
0 0.47555555555555556 0.2633333333333333 0.035555555555555556 0.07333333333333333
0 0.4488888888888889 0.25666666666666665 0.03111111111111111 0.07333333333333333
0 0.6144444444444445 0.325 0.06 0.12333333333333334
0 0.7011111111111111 0.32166666666666666 0.04666666666666667 0.11
0 0.7722222222222223 0.2733333333333333 0.04666666666666667 0.09333333333333334
0 0.8077777777777778 0.20833333333333334 0.028888888888888888 0.06333333333333334
0 0.7044444444444444 0.235 0.035555555555555556 0.07
0 0.5366666666666666 0.21333333333333335 0.03777777777777778 0.08
0 0.5888888888888889 0.24166666666666667 0.044444444444444446 0.07666666666666666
0 0.5811111111111111 0.185 0.03333333333333333 0.07
0 0.6544444444444445 0.18666666666666668 0.028888888888888888 0.06
0 0.6111111111111112 0.19333333333333333 0.022222222222222223 0.04666666666666667
0 0.6955555555555556 0.17333333333333334 0.022222222222222223 0.04666666666666667
0 0.7577777777777778 0.15333333333333332 0.022222222222222223 0.04666666666666667
0 0.7177777777777777 0.19666666666666666 0.02666666666666667 0.04666666666666667
0 0.8566666666666667 0.15666666666666668 0.028888888888888888 0.06
0 0.6277777777777778 0.17666666666666667 0.024444444444444446 0.04666666666666667
0 0.8166666666666667 0.14166666666666666 0.02 0.03666666666666667