0 0.08545454545454545 0.3895631067961165 0.05454545454545454 0.08495145631067962
0 0.16090909090909092 0.3786407766990291 0.04909090909090909 0.07281553398058252
0 0.22090909090909092 0.375 0.04181818181818182 0.06553398058252427
0 0.2818181818181818 0.3907766990291262 0.04 0.06310679611650485
0 0.35454545454545455 0.4029126213592233 0.03272727272727273 0.05339805825242718
0 0.43727272727272726 0.3725728155339806 0.03090909090909091 0.055825242718446605
0 0.5045454545454545 0.3895631067961165 0.03090909090909091 0.06067961165048544
0 0.56 0.38349514563106796 0.03272727272727273 0.06310679611650485
0 0.64 0.3616504854368932 0.03272727272727273 0.05339805825242718
0 0.66 0.3932038834951456 0.03272727272727273 0.05825242718446602
0 0.7045454545454546 0.38349514563106796 0.038181818181818185 0.07281553398058252
0 0.7854545454545454 0.39805825242718446 0.04727272727272727 0.07766990291262135
0 0.8818181818181818 0.33980582524271846 0.05090909090909091 0.07766990291262135
0 0.9290909090909091 0.38228155339805825 0.04 0.055825242718446605