0 0.135 0.28488372093023256 0.06666666666666667 0.10930232558139535
0 0.1625 0.3244186046511628 0.041666666666666664 0.08139534883720931
0 0.36916666666666664 0.3058139534883721 0.028333333333333332 0.06744186046511629
0 0.395 0.30697674418604654 0.04 0.06976744186046512
0 0.42 0.3383720930232558 0.05 0.09069767441860466
0 0.4741666666666667 0.34418604651162793 0.051666666666666666 0.09767441860465116
0 0.525 0.3581395348837209 0.06 0.10697674418604651
0 0.5416666666666666 0.3023255813953488 0.04 0.06511627906976744
0 0.5841666666666666 0.29186046511627906 0.041666666666666664 0.06744186046511629
0 0.6058333333333333 0.34186046511627904 0.06833333333333333 0.11162790697674418
0 0.665 0.3174418604651163 0.05 0.09069767441860466
0 0.7391666666666666 0.313953488372093 0.06166666666666667 0.10232558139534884
0 0.8316666666666667 0.34069767441860466 0.06666666666666667 0.1186046511627907