0 0.28486646884273 0.32222222222222224 0.18397626112759644 0.20444444444444446
0 0.6810089020771514 0.3088888888888889 0.21068249258160238 0.19555555555555557
0 0.8026706231454006 0.21888888888888888 0.18100890207715134 0.20222222222222222
0 0.9065281899109793 0.22444444444444445 0.11572700296735905 0.15555555555555556
0 0.05637982195845697 0.3022222222222222 0.10682492581602374 0.17333333333333334
0 0.20771513353115728 0.21222222222222223 0.1661721068249258 0.15333333333333332
0 0.129080118694362 0.20777777777777778 0.12166172106824925 0.15333333333333332
0 0.4599406528189911 0.2688888888888889 0.18991097922848665 0.17333333333333334
0 0.5771513353115727 0.20222222222222222 0.17507418397626112 0.16444444444444445
0 0.43026706231454004 0.1411111111111111 0.142433234421365 0.12666666666666668
0 0.2522255192878338 0.15666666666666668 0.13056379821958458 0.11777777777777777
0 0.7388724035608308 0.057777777777777775 0.10682492581602374 0.08
0 0.04302670623145401 0.16666666666666666 0.08011869436201781 0.10222222222222223
0 0.9584569732937686 0.19555555555555557 0.0830860534124629 0.16
0 0.38130563798219586 0.07111111111111111 0.10385756676557864 0.08888888888888889
0 0.8397626112759644 0.09555555555555556 0.10089020771513353 0.10222222222222223
1 0.09198813056379822 0.06111111111111111 0.0712166172106825 0.06
1 0.2818991097922849 0.034444444444444444 0.05934718100890208 0.04666666666666667
0 0.47774480712166173 0.05555555555555555 0.0771513353115727 0.057777777777777775