0 0.21266666666666667 0.7293906810035843 0.04666666666666667 0.06810035842293907
0 0.2693333333333333 0.7508960573476703 0.04533333333333334 0.07168458781362007
0 0.5886666666666667 0.7652329749103942 0.02 0.02867383512544803
0 0.6126666666666667 0.767921146953405 0.02266666666666667 0.026881720430107527
0 0.7546666666666667 0.6290322580645161 0.016 0.021505376344086023
0 0.7793333333333333 0.6379928315412187 0.014666666666666666 0.021505376344086023
0 0.8173333333333334 0.6953405017921147 0.018666666666666668 0.025089605734767026
0 0.8613333333333333 0.724910394265233 0.016 0.023297491039426525
0 0.8833333333333333 0.7222222222222222 0.014666666666666666 0.025089605734767026
0 0.404 0.35663082437275984 0.021333333333333333 0.025089605734767026
0 0.43 0.32526881720430106 0.02 0.034050179211469536
0 0.47 0.28046594982078854 0.014666666666666666 0.023297491039426525
0 0.5466666666666666 0.25268817204301075 0.016 0.025089605734767026