0 0.869 0.2733333333333333 0.074 0.10933333333333334
0 0.639 0.252 0.05 0.088
0 0.584 0.304 0.056 0.096
0 0.542 0.248 0.036 0.06933333333333333
0 0.562 0.2693333333333333 0.032 0.064
0 0.47 0.31866666666666665 0.072 0.104
0 0.519 0.312 0.054 0.10133333333333333
0 0.357 0.2853333333333333 0.078 0.128
0 0.427 0.2733333333333333 0.042 0.072
0 0.293 0.272 0.058 0.096
0 0.232 0.31866666666666665 0.096 0.14666666666666667
0 0.149 0.284 0.07 0.10933333333333334
0 0.041 0.2773333333333333 0.078 0.13333333333333333
0 0.67 0.2786666666666667 0.028 0.06666666666666667
1 0.956 0.25333333333333335 0.044 0.07466666666666667
1 0.907 0.248 0.034 0.064
1 0.717 0.24933333333333332 0.042 0.06133333333333333
1 0.773 0.256 0.026 0.042666666666666665