0 0.07714285714285714 0.4838709677419355 0.045714285714285714 0.11827956989247312
0 0.12714285714285714 0.4731182795698925 0.04285714285714286 0.0967741935483871
0 0.18285714285714286 0.4650537634408602 0.03428571428571429 0.08064516129032258
0 0.21714285714285714 0.4946236559139785 0.03428571428571429 0.06451612903225806
0 0.5485714285714286 0.4838709677419355 0.03428571428571429 0.07526881720430108
0 0.6 0.4596774193548387 0.03428571428571429 0.08064516129032258
0 0.43857142857142856 0.47043010752688175 0.037142857142857144 0.08064516129032258
0 0.40285714285714286 0.4596774193548387 0.02857142857142857 0.06989247311827956
0 0.35714285714285715 0.47043010752688175 0.03428571428571429 0.08064516129032258
0 0.2785714285714286 0.48118279569892475 0.037142857142857144 0.06989247311827956
0 0.6342857142857142 0.47043010752688175 0.02857142857142857 0.08064516129032258
0 0.4957142857142857 0.4731182795698925 0.037142857142857144 0.07526881720430108
1 0.7314285714285714 0.49193548387096775 0.03428571428571429 0.06989247311827956
0 0.7871428571428571 0.49193548387096775 0.03142857142857143 0.06989247311827956