0 0.3640625 0.8458333333333333 0.078125 0.1125
0 0.63046875 0.8416666666666667 0.0703125 0.12916666666666668
0 0.915625 0.8291666666666667 0.078125 0.1125
0 0.96875 0.6885416666666667 0.04375 0.06041666666666667
0 0.85546875 0.75625 0.0640625 0.0875
0 0.78984375 0.7291666666666666 0.0578125 0.075
0 0.7328125 0.7270833333333333 0.046875 0.0625
0 0.59375 0.7333333333333333 0.05 0.07083333333333333
0 0.4234375 0.7708333333333334 0.059375 0.0875
0 0.2015625 0.7791666666666667 0.065625 0.07916666666666666
0 0.109375 0.8541666666666666 0.08125 0.10833333333333334
0 0.11640625 0.6760416666666667 0.0359375 0.05625
0 0.0625 0.6916666666666667 0.0375 0.058333333333333334
0 0.26875 0.6583333333333333 0.03125 0.05416666666666667
0 0.31171875 0.7260416666666667 0.0390625 0.06458333333333334
0 0.34140625 0.7145833333333333 0.0390625 0.0625
0 0.91796875 0.684375 0.0359375 0.052083333333333336
0 0.83203125 0.65 0.0265625 0.041666666666666664
0 0.80859375 0.6416666666666667 0.0234375 0.03333333333333333
0 0.87421875 0.6458333333333334 0.0234375 0.0375
0 0.56484375 0.665625 0.0296875 0.04375
0 0.26796875 0.7677083333333333 0.0546875 0.07708333333333334
0 0.40703125 0.6552083333333333 0.0234375 0.03125
0 0.61171875 0.6541666666666667 0.0234375 0.03333333333333333
0 0.47265625 0.634375 0.0203125 0.027083333333333334
0 0.54453125 0.6604166666666667 0.0203125 0.0375
0 0.5375 0.63125 0.025 0.029166666666666667
0 0.33203125 0.6260416666666667 0.0171875 0.027083333333333334
0 0.3171875 0.6166666666666667 0.015625 0.025
0 0.3671875 0.69375 0.034375 0.04583333333333333
0 0.678125 0.678125 0.03125 0.04375
0 0.70234375 0.7114583333333333 0.0328125 0.04791666666666667