0 0.2942028985507246 0.4527027027027027 0.06666666666666667 0.08687258687258688
0 0.3789855072463768 0.4584942084942085 0.04492753623188406 0.07528957528957529
0 0.7065217391304348 0.4411196911196911 0.08840579710144927 0.12934362934362933
0 0.7695652173913043 0.46525096525096526 0.04927536231884058 0.05791505791505792
0 0.9855072463768116 0.4391891891891892 0.028985507246376812 0.09845559845559845
0 0.6471014492753623 0.4276061776061776 0.06521739130434782 0.09845559845559845
0 0.5413043478260869 0.4613899613899614 0.0391304347826087 0.06177606177606178
0 0.44782608695652176 0.46621621621621623 0.06376811594202898 0.08687258687258688
0 0.4043478260869565 0.43243243243243246 0.05217391304347826 0.0888030888030888
1 0.23550724637681159 0.5945945945945946 0.05652173913043478 0.08494208494208494
1 0.36231884057971014 0.6225868725868726 0.08695652173913043 0.12162162162162163
1 0.2246376811594203 0.4343629343629344 0.043478260869565216 0.06563706563706563
1 0.09565217391304348 0.5521235521235521 0.043478260869565216 0.06177606177606178
1 0.0644927536231884 0.5328185328185329 0.02753623188405797 0.04247104247104247