0 0.26 0.2727272727272727 0.044 0.11818181818181818
0 0.326 0.26590909090909093 0.04 0.11363636363636363
0 0.382 0.5204545454545455 0.04 0.11363636363636363
0 0.47 0.49318181818181817 0.04 0.11363636363636363
0 0.541 0.48409090909090907 0.042 0.11363636363636363
0 0.395 0.2681818181818182 0.038 0.10909090909090909
0 0.456 0.26590909090909093 0.036 0.11363636363636363
0 0.544 0.24772727272727274 0.04 0.11363636363636363
0 0.613 0.27045454545454545 0.038 0.12272727272727273
0 0.669 0.225 0.034 0.09545454545454546
0 0.757 0.19318181818181818 0.038 0.10454545454545454
1 0.178 0.5613636363636364 0.044 0.12272727272727273
1 0.071 0.2727272727272727 0.042 0.11818181818181818
1 0.177 0.29545454545454547 0.042 0.11818181818181818
1 0.836 0.20681818181818182 0.036 0.09545454545454546
1 0.923 0.19090909090909092 0.038 0.10909090909090909