0 0.2740740740740741 0.4448574969021066 0.12222222222222222 0.16356877323420074
0 0.43148148148148147 0.459727385377943 0.09074074074074075 0.1536555142503098
0 0.5106481481481482 0.4838909541511772 0.0787037037037037 0.1325898389095415
0 0.5435185185185185 0.4560099132589839 0.053703703703703705 0.1090458488228005
0 0.6263888888888889 0.442998760842627 0.11388888888888889 0.1623296158612144
0 0.8203703703703704 0.48946716232961585 0.05740740740740741 0.08178438661710037
0 0.8555555555555555 0.459727385377943 0.05 0.08426270136307311
0 0.04027777777777778 0.4950433705080545 0.0787037037037037 0.1895910780669145
1 0.7662037037037037 0.4962825278810409 0.06018518518518518 0.1127633209417596
1 0.7138888888888889 0.49256505576208176 0.05185185185185185 0.09293680297397769
0 0.9888888888888889 0.46406443618339527 0.020370370370370372 0.06815365551425032