0 0.72734375 0.4602040816326531 0.0984375 0.14489795918367346
0 0.575 0.45102040816326533 0.04375 0.06938775510204082
0 0.51796875 0.4826530612244898 0.0515625 0.0836734693877551
0 0.62265625 0.710204081632653 0.1078125 0.1346938775510204
0 0.42109375 0.4479591836734694 0.0671875 0.10408163265306122
0 0.459375 0.4683673469387755 0.021875 0.03877551020408163
0 0.49140625 0.45408163265306123 0.0265625 0.04285714285714286
0 0.3265625 0.45918367346938777 0.04375 0.05714285714285714
0 0.13125 0.36122448979591837 0.096875 0.12244897959183673
0 0.17734375 0.47653061224489796 0.0203125 0.03877551020408163
0 0.68125 0.4479591836734694 0.028125 0.0673469387755102