0 0.6254545454545455 0.5946601941747572 0.01818181818181818 0.02912621359223301
0 0.5072727272727273 0.7038834951456311 0.02181818181818182 0.03398058252427184
0 0.16636363636363635 0.6589805825242718 0.023636363636363636 0.03155339805825243
0 0.2318181818181818 0.6589805825242718 0.023636363636363636 0.0412621359223301
1 0.5463636363636364 0.44902912621359226 0.02 0.02912621359223301
0 0.6954545454545454 0.6383495145631068 0.023636363636363636 0.03398058252427184
0 0.4781818181818182 0.7766990291262136 0.02181818181818182 0.02912621359223301
0 0.3563636363636364 0.30461165048543687 0.014545454545454545 0.021844660194174758
0 0.2 0.2366504854368932 0.014545454545454545 0.021844660194174758
0 0.4309090909090909 0.22451456310679613 0.01090909090909091 0.021844660194174758
0 0.9227272727272727 0.2766990291262136 0.012727272727272728 0.019417475728155338