0 0.265 0.5127931769722814 0.07 0.09594882729211088
0 0.10583333333333333 0.5213219616204691 0.021666666666666667 0.031982942430703626
0 0.030833333333333334 0.511727078891258 0.018333333333333333 0.0255863539445629
0 0.045 0.5298507462686567 0.013333333333333334 0.023454157782515993
0 0.1525 0.5266524520255863 0.008333333333333333 0.01279317697228145
0 0.17416666666666666 0.5202558635394456 0.008333333333333333 0.01279317697228145
0 0.19416666666666665 0.5223880597014925 0.008333333333333333 0.01279317697228145
0 0.9875 0.5426439232409381 0.015 0.023454157782515993
1 0.325 0.5181236673773987 0.02 0.029850746268656716
1 0.4483333333333333 0.5106609808102346 0.02 0.031982942430703626
1 0.4841666666666667 0.5138592750533049 0.018333333333333333 0.0255863539445629
1 0.5116666666666667 0.5490405117270789 0.016666666666666666 0.02771855010660981
1 0.54 0.5213219616204691 0.02 0.03624733475479744
1 0.615 0.5437100213219617 0.023333333333333334 0.03837953091684435
1 0.625 0.5277185501066098 0.02 0.02771855010660981
1 0.6025 0.5202558635394456 0.018333333333333333 0.0255863539445629