0 0.46166666666666667 0.5491071428571429 0.12333333333333334 0.1875
0 0.36333333333333334 0.5513392857142857 0.09333333333333334 0.13839285714285715
0 0.06333333333333334 0.6026785714285714 0.11333333333333333 0.17857142857142858
0 0.105 0.5178571428571429 0.07666666666666666 0.11607142857142858
0 0.8966666666666666 0.5178571428571429 0.08666666666666667 0.13392857142857142
0 0.7533333333333333 0.49776785714285715 0.06666666666666667 0.10267857142857142
0 0.7183333333333334 0.4575892857142857 0.043333333333333335 0.07589285714285714
0 0.665 0.47098214285714285 0.056666666666666664 0.08482142857142858
0 0.6183333333333333 0.46651785714285715 0.05 0.08482142857142858
0 0.5683333333333334 0.45982142857142855 0.043333333333333335 0.05357142857142857
0 0.17166666666666666 0.38839285714285715 0.043333333333333335 0.0625
0 0.42833333333333334 0.4107142857142857 0.03 0.044642857142857144
0 0.46166666666666667 0.4330357142857143 0.03 0.05357142857142857
0 0.49333333333333335 0.43526785714285715 0.02666666666666667 0.04017857142857143
0 0.5216666666666666 0.4375 0.03666666666666667 0.044642857142857144
0 0.39666666666666667 0.4107142857142857 0.02 0.03571428571428571
0 0.5166666666666667 0.375 0.02 0.026785714285714284
0 0.465 0.36830357142857145 0.016666666666666666 0.022321428571428572
1 0.5783333333333334 0.3482142857142857 0.023333333333333334 0.044642857142857144
1 0.7933333333333333 0.484375 0.05333333333333334 0.08482142857142858
1 0.5316666666666666 0.25892857142857145 0.023333333333333334 0.026785714285714284