0 0.22890625 0.5692771084337349 0.0453125 0.06626506024096386
0 0.31328125 0.5983935742971888 0.0359375 0.060240963855421686
0 0.39296875 0.572289156626506 0.0390625 0.0642570281124498
0 0.553125 0.5602409638554217 0.0375 0.0642570281124498
0 0.6484375 0.5401606425702812 0.0375 0.05622489959839357
0 0.7296875 0.5441767068273092 0.040625 0.0642570281124498
1 0.4734375 0.5642570281124498 0.03125 0.04819277108433735
1 0.51328125 0.5542168674698795 0.0265625 0.04417670682730924
1 0.4359375 0.5401606425702812 0.025 0.03614457831325301
1 0.175 0.5853413654618473 0.028125 0.04216867469879518
1 0.090625 0.6014056224899599 0.03125 0.03815261044176707
1 0.05859375 0.6365461847389559 0.0234375 0.03614457831325301
1 0.0328125 0.7068273092369478 0.021875 0.0321285140562249
1 0.0171875 0.6104417670682731 0.021875 0.0321285140562249
1 0.0125 0.7018072289156626 0.021875 0.03815261044176707
1 0.6046875 0.5953815261044176 0.03125 0.04618473895582329
1 0.6796875 0.572289156626506 0.025 0.0321285140562249
1 0.759375 0.5582329317269076 0.025 0.03614457831325301
1 0.828125 0.5732931726907631 0.028125 0.03815261044176707