0 0.49537037037037035 0.23353909465020575 0.07716049382716049 0.12551440329218108
0 0.8765432098765432 0.1800411522633745 0.1111111111111111 0.15020576131687244
0 0.7361111111111112 0.3333333333333333 0.05246913580246913 0.09053497942386832
0 0.6566358024691358 0.3148148148148148 0.047839506172839504 0.07818930041152264
0 0.6373456790123457 0.3611111111111111 0.06481481481481481 0.10082304526748971
0 0.6905864197530864 0.3395061728395062 0.032407407407407406 0.06172839506172839
1 0.5308641975308642 0.3271604938271605 0.08333333333333333 0.11934156378600823
1 0.8063271604938271 0.2829218106995885 0.07253086419753087 0.10493827160493827
1 0.1566358024691358 0.29835390946502055 0.0941358024691358 0.12345679012345678
1 0.2970679012345679 0.3487654320987654 0.06327160493827161 0.10082304526748971
1 0.3773148148148148 0.2808641975308642 0.08796296296296297 0.16255144032921812
1 0.4097222222222222 0.3168724279835391 0.06018518518518518 0.10699588477366255
1 0.05015432098765432 0.32510288065843623 0.05092592592592592 0.06995884773662552
1 0.19290123456790123 0.3487654320987654 0.04938271604938271 0.08024691358024691
1 0.22608024691358025 0.32613168724279834 0.041666666666666664 0.06790123456790123
1 0.25462962962962965 0.3292181069958848 0.037037037037037035 0.07818930041152264
1 0.5987654320987654 0.3271604938271605 0.037037037037037035 0.07407407407407407