0 0.483 0.3117469879518072 0.05 0.11746987951807229
0 0.515 0.28463855421686746 0.046 0.1355421686746988
0 0.56 0.28463855421686746 0.08 0.1536144578313253
0 0.57 0.15060240963855423 0.044 0.0783132530120482
0 0.646 0.2183734939759036 0.052 0.1355421686746988
0 0.719 0.16716867469879518 0.134 0.25
0 0.875 0.2891566265060241 0.198 0.3192771084337349
0 0.829 0.17018072289156627 0.094 0.1355421686746988
0 0.98 0.21686746987951808 0.04 0.18674698795180722
1 0.196 0.19126506024096385 0.148 0.3042168674698795
1 0.073 0.2710843373493976 0.058 0.09036144578313253
1 0.268 0.18072289156626506 0.084 0.19879518072289157