0 0.22249690976514216 0.4563279857397504 0.08405438813349815 0.1711229946524064
0 0.37021013597033375 0.6265597147950089 0.030902348578491966 0.058823529411764705
0 0.5086526576019778 0.6693404634581105 0.0580964153275649 0.11586452762923351
0 0.6143386897404203 0.7263814616755794 0.049443757725587144 0.0873440285204991
0 0.6427688504326329 0.7736185383244206 0.029666254635352288 0.053475935828877004
0 0.6847960444993819 0.7932263814616756 0.024721878862793572 0.049910873440285206
0 0.7255871446229913 0.8226381461675579 0.022249690976514216 0.0374331550802139
0 0.7478368355995055 0.8440285204991087 0.0173053152039555 0.030303030303030304
0 0.7657601977750309 0.839572192513369 0.016069221260815822 0.03208556149732621
0 0.8003708281829419 0.8493761140819964 0.018541409147095178 0.030303030303030304
0 0.830655129789864 0.8627450980392157 0.014833127317676144 0.024955436720142603