0 0.853125 0.5409090909090909 0.13125 0.21363636363636362
0 0.1578125 0.7306818181818182 0.1 0.12954545454545455
0 0.5125 0.2534090909090909 0.021875 0.038636363636363635
0 0.425 0.32386363636363635 0.021875 0.038636363636363635
0 0.40703125 0.3125 0.0171875 0.03409090909090909
0 0.32890625 0.48863636363636365 0.0296875 0.05
0 0.20078125 0.3886363636363636 0.0296875 0.045454545454545456
1 0.56640625 0.825 0.1421875 0.22727272727272727
1 0.3953125 0.6761363636363636 0.11875 0.15227272727272728
0 0.63203125 0.2 0.0140625 0.022727272727272728
0 0.49140625 0.29545454545454547 0.0171875 0.02727272727272727
1 0.48984375 0.43068181818181817 0.0234375 0.029545454545454545
0 0.5859375 0.19090909090909092 0.01875 0.02727272727272727
1 0.09296875 0.6636363636363637 0.0703125 0.10909090909090909
1 0.0390625 0.6375 0.0625 0.10227272727272728
1 0.025 0.6954545454545454 0.046875 0.15
1 0.40703125 0.8852272727272728 0.2046875 0.22954545454545455