0 0.1845 0.05631067961165048 0.083 0.09902912621359224
0 0.2795 0.11116504854368932 0.079 0.09029126213592233
0 0.4005 0.06019417475728155 0.075 0.10485436893203884
0 0.5595 0.08932038834951456 0.081 0.09902912621359224
0 0.7175 0.06310679611650485 0.077 0.09902912621359224
0 0.879 0.08640776699029126 0.08 0.1029126213592233
0 0.8825 0.39854368932038836 0.087 0.09805825242718447
0 0.671 0.3567961165048544 0.084 0.11359223300970873
0 0.555 0.3970873786407767 0.09 0.0854368932038835
0 0.3575 0.4 0.089 0.11067961165048544
0 0.1955 0.3888349514563107 0.089 0.10776699029126213
0 0.1535 0.695631067961165 0.085 0.11553398058252427
0 0.226 0.6936893203883495 0.066 0.10582524271844661
0 0.3745 0.6873786407766991 0.069 0.09514563106796116
0 0.4845 0.7 0.063 0.09320388349514563
0 0.5915 0.7029126213592233 0.075 0.07961165048543689
0 0.7005 0.6766990291262136 0.069 0.0912621359223301
0 0.7855 0.7266990291262136 0.067 0.0883495145631068
0 0.903 0.7053398058252427 0.068 0.0941747572815534