0 0.06717877094972068 0.36933333333333335 0.010893854748603353 0.016
0 0.09217877094972067 0.36644444444444446 0.01005586592178771 0.015555555555555555
0 0.12094972067039106 0.36088888888888887 0.009497206703910615 0.017777777777777778
0 0.15251396648044693 0.36244444444444446 0.009497206703910615 0.017333333333333333
0 0.17751396648044693 0.35755555555555557 0.010335195530726256 0.017333333333333333
0 0.164804469273743 0.32155555555555554 0.008938547486033519 0.016444444444444446
0 0.13226256983240223 0.3237777777777778 0.009217877094972068 0.016444444444444446
0 0.10321229050279329 0.3228888888888889 0.009217877094972068 0.016444444444444446
0 0.07779329608938547 0.3237777777777778 0.009217877094972068 0.016444444444444446
0 0.18631284916201118 0.31777777777777777 0.008379888268156424 0.016
0 0.08980446927374301 0.29088888888888886 0.008659217877094972 0.01911111111111111
0 0.11466480446927374 0.28555555555555556 0.009776536312849162 0.018222222222222223
0 0.12388268156424581 0.2551111111111111 0.008659217877094972 0.016
0 0.09329608938547486 0.25377777777777777 0.009497206703910615 0.016888888888888887
0 0.1005586592178771 0.228 0.0111731843575419 0.016
0 0.11075418994413408 0.2 0.010335195530726256 0.016
0 0.1409217877094972 0.2031111111111111 0.010335195530726256 0.015111111111111112
0 0.13268156424581007 0.2288888888888889 0.008938547486033519 0.017777777777777778
0 0.15921787709497207 0.23466666666666666 0.008938547486033519 0.015111111111111112
0 0.18533519553072625 0.2291111111111111 0.009217877094972068 0.017333333333333333
0 0.16955307262569833 0.1991111111111111 0.008379888268156424 0.016888888888888887
0 0.19399441340782123 0.20022222222222222 0.008659217877094972 0.015555555555555555
0 0.21284916201117318 0.20155555555555554 0.009497206703910615 0.016444444444444446
0 0.20991620111731843 0.23133333333333334 0.009217877094972068 0.015555555555555555
0 0.2032122905027933 0.3655555555555556 0.009217877094972068 0.017333333333333333
0 0.21550279329608937 0.3171111111111111 0.009776536312849162 0.016444444444444446
0 0.23798882681564246 0.36133333333333334 0.01005586592178771 0.017777777777777778
0 0.2350558659217877 0.39666666666666667 0.009776536312849162 0.015555555555555555
0 0.2607541899441341 0.39555555555555555 0.009217877094972068 0.016888888888888887
0 0.263268156424581 0.3631111111111111 0.008659217877094972 0.017777777777777778
0 0.24916201117318434 0.31977777777777777 0.009497206703910615 0.015555555555555555
0 0.26927374301675977 0.31866666666666665 0.008938547486033519 0.016888888888888887
0 0.22751396648044692 0.43022222222222223 0.009776536312849162 0.016888888888888887
0 0.2488826815642458 0.4331111111111111 0.009497206703910615 0.012888888888888889
0 0.2245810055865922 0.4617777777777778 0.009497206703910615 0.018666666666666668
0 0.2435754189944134 0.4713333333333333 0.009497206703910615 0.014666666666666666
0 0.2187150837988827 0.5044444444444445 0.0111731843575419 0.017777777777777778
0 0.23184357541899442 0.4971111111111111 0.01005586592178771 0.01911111111111111
0 0.23575418994413408 0.5311111111111111 0.010614525139664804 0.019555555555555555
0 0.20865921787709496 0.5268888888888889 0.011731843575418994 0.018222222222222223
0 0.1708100558659218 0.5171111111111111 0.010893854748603353 0.015555555555555555
0 0.16298882681564245 0.5386666666666666 0.011452513966480447 0.018666666666666668
0 0.14231843575418995 0.5148888888888888 0.010893854748603353 0.01911111111111111
0 0.13743016759776536 0.5457777777777778 0.012290502793296089 0.017777777777777778
0 0.11592178770949721 0.5108888888888888 0.010614525139664804 0.018222222222222223
0 0.10824022346368715 0.5462222222222223 0.011452513966480447 0.015111111111111112
0 0.5275139664804469 0.4464444444444444 0.009776536312849162 0.015555555555555555
0 0.5272346368715084 0.5084444444444445 0.008659217877094972 0.017777777777777778
0 0.4425977653631285 0.5128888888888888 0.008659217877094972 0.018666666666666668
0 0.44581005586592176 0.43955555555555553 0.008938547486033519 0.018666666666666668
0 0.9103351955307263 0.5177777777777778 0.013407821229050279 0.019555555555555555
0 0.8808659217877095 0.5188888888888888 0.010893854748603353 0.01911111111111111
0 0.8976256983240224 0.47333333333333333 0.010893854748603353 0.021333333333333333
0 0.8668994413407821 0.47533333333333333 0.010335195530726256 0.02
0 0.8864525139664804 0.434 0.009776536312849162 0.02
0 0.8582402234636871 0.43555555555555553 0.009776536312849162 0.016
0 0.8541899441340782 0.4008888888888889 0.010614525139664804 0.017777777777777778
0 0.8741620111731844 0.40644444444444444 0.010335195530726256 0.017333333333333333
0 0.8942737430167598 0.3688888888888889 0.010335195530726256 0.018666666666666668
0 0.9162011173184358 0.36177777777777775 0.0111731843575419 0.016
0 0.9391061452513967 0.3648888888888889 0.01005586592178771 0.015111111111111112
0 0.9231843575418994 0.32911111111111113 0.01005586592178771 0.017333333333333333
0 0.9023743016759777 0.3308888888888889 0.010335195530726256 0.016444444444444446
0 0.8832402234636871 0.33044444444444443 0.0111731843575419 0.015555555555555555
0 0.86731843575419 0.36644444444444446 0.010614525139664804 0.01911111111111111
0 0.8578212290502794 0.3357777777777778 0.01005586592178771 0.016444444444444446
0 0.840782122905028 0.37066666666666664 0.01005586592178771 0.018666666666666668
0 0.8296089385474861 0.3377777777777778 0.0111731843575419 0.017777777777777778
0 0.8445530726256983 0.30666666666666664 0.009217877094972068 0.017777777777777778
0 0.8226256983240223 0.3071111111111111 0.008938547486033519 0.016888888888888887
0 0.8414804469273743 0.2862222222222222 0.009217877094972068 0.016
0 0.6817039106145252 0.18622222222222223 0.008100558659217877 0.015111111111111112
0 0.7008379888268157 0.18422222222222223 0.00782122905027933 0.016444444444444446
0 0.7100558659217877 0.22155555555555556 0.00782122905027933 0.01911111111111111
0 0.7244413407821229 0.2831111111111111 0.009217877094972068 0.017777777777777778
0 0.7244413407821229 0.31422222222222224 0.010335195530726256 0.020444444444444446
0 0.7046089385474861 0.31022222222222223 0.010335195530726256 0.018666666666666668
0 0.7089385474860335 0.334 0.010614525139664804 0.018222222222222223
0 0.6972067039106146 0.2897777777777778 0.008379888268156424 0.016888888888888887
0 0.6958100558659218 0.26222222222222225 0.00782122905027933 0.016
0 0.6912011173184358 0.24177777777777779 0.008100558659217877 0.017777777777777778
0 0.6832402234636872 0.22155555555555556 0.008379888268156424 0.016444444444444446
0 0.716340782122905 0.24688888888888888 0.008659217877094972 0.017333333333333333
0 0.720391061452514 0.25422222222222224 0.0067039106145251395 0.017777777777777778
0 0.7139664804469273 0.3731111111111111 0.008938547486033519 0.018222222222222223
0 0.7417597765363129 0.36844444444444446 0.009217877094972068 0.018666666666666668
0 0.7759776536312849 0.37266666666666665 0.008938547486033519 0.01911111111111111
0 0.7685754189944134 0.33666666666666667 0.009776536312849162 0.017333333333333333
0 0.7392458100558659 0.33666666666666667 0.008659217877094972 0.017333333333333333
0 0.8156424581005587 0.2813333333333333 0.008938547486033519 0.019555555555555555
0 0.8040502793296089 0.37244444444444447 0.008659217877094972 0.018666666666666668
0 0.7988826815642458 0.33755555555555555 0.009497206703910615 0.01911111111111111
0 0.8101955307262569 0.25422222222222224 0.008100558659217877 0.018666666666666668
0 0.8329608938547486 0.25044444444444447 0.008379888268156424 0.01911111111111111
0 0.8277932960893855 0.2331111111111111 0.008100558659217877 0.016444444444444446
0 0.8206703910614526 0.208 0.008379888268156424 0.016888888888888887
0 0.8025139664804469 0.226 0.008938547486033519 0.017333333333333333
0 0.7925977653631285 0.2111111111111111 0.008659217877094972 0.017777777777777778
0 0.7840782122905028 0.18866666666666668 0.009497206703910615 0.01911111111111111
0 0.8132681564245811 0.1837777777777778 0.009776536312849162 0.017333333333333333
0 0.9407821229050279 0.7737777777777778 0.016201117318435754 0.022222222222222223
0 0.9259776536312849 0.826 0.015083798882681564 0.020888888888888887
0 0.9215083798882682 0.8668888888888889 0.01564245810055866 0.023555555555555555
0 0.8761173184357542 0.7475555555555555 0.015921787709497207 0.022222222222222223
0 0.542877094972067 0.9324444444444444 0.012569832402234637 0.024
0 0.5106145251396648 0.7575555555555555 0.01452513966480447 0.023555555555555555
0 0.4871508379888268 0.7695555555555555 0.0111731843575419 0.02266666666666667
0 0.4662011173184358 0.7544444444444445 0.01005586592178771 0.023555555555555555
0 0.44064245810055863 0.7628888888888888 0.011452513966480447 0.020888888888888887
0 0.4238826815642458 0.8706666666666667 0.013128491620111732 0.021333333333333333
0 0.4328212290502793 0.73 0.012569832402234637 0.01911111111111111
0 0.015223463687150838 0.7557777777777778 0.0164804469273743 0.02266666666666667
0 0.10013966480446927 0.7453333333333333 0.015921787709497207 0.018666666666666668
0 0.08002793296089386 0.516 0.010335195530726256 0.018666666666666668
0 0.0717877094972067 0.5484444444444444 0.012290502793296089 0.018666666666666668
0 0.040921787709497205 0.5526666666666666 0.011452513966480447 0.02
0 0.0164804469273743 0.5475555555555556 0.01452513966480447 0.022222222222222223
0 0.03547486033519553 0.5115555555555555 0.013407821229050279 0.017777777777777778
0 0.23701117318435755 0.2351111111111111 0.008659217877094972 0.016
0 0.24064245810055865 0.20866666666666667 0.008659217877094972 0.018222222222222223
0 0.2664804469273743 0.23244444444444445 0.008379888268156424 0.016888888888888887
0 0.2850558659217877 0.2331111111111111 0.008100558659217877 0.015555555555555555
0 0.28966480446927373 0.20444444444444446 0.00782122905027933 0.016
0 0.26927374301675977 0.20533333333333334 0.008379888268156424 0.016