0 0.467 0.5761245674740484 0.054 0.12110726643598616
0 0.376 0.5346020761245674 0.04 0.0726643598615917
0 0.36 0.6089965397923875 0.06 0.1245674740484429
0 0.327 0.6020761245674741 0.046 0.11764705882352941
0 0.26 0.5311418685121108 0.04 0.10034602076124567
0 0.184 0.6470588235294118 0.112 0.1522491349480969
0 0.183 0.8079584775086506 0.162 0.21107266435986158
0 0.56 0.6141868512110726 0.072 0.13494809688581316
0 0.589 0.5501730103806228 0.05 0.08304498269896193
0 0.562 0.5224913494809689 0.036 0.06920415224913495
0 0.634 0.610726643598616 0.064 0.12110726643598616
0 0.684 0.5155709342560554 0.044 0.07612456747404844
0 0.71 0.5674740484429066 0.052 0.09688581314878893
0 0.796 0.5190311418685121 0.04 0.08304498269896193
0 0.898 0.532871972318339 0.044 0.07612456747404844
0 0.91 0.6141868512110726 0.076 0.10726643598615918
0 0.948 0.5501730103806228 0.052 0.08304498269896193
1 0.845 0.5934256055363322 0.066 0.10726643598615918
1 0.841 0.5380622837370242 0.054 0.058823529411764705
1 0.986 0.5397923875432526 0.028 0.06920415224913495
1 0.539 0.3027681660899654 0.026 0.058823529411764705
1 0.439 0.5865051903114187 0.026 0.08650519031141868