1 0.18352601156069365 0.3717504332755633 0.049132947976878616 0.08838821490467938
1 0.2817919075144509 0.21923743500866552 0.014450867052023121 0.036395147313691506
1 0.3270712909441233 0.16984402079722705 0.016377649325626204 0.02772963604852686
1 0.3078034682080925 0.22097053726169844 0.016377649325626204 0.03986135181975736
1 0.32996146435452794 0.2296360485268631 0.02023121387283237 0.03292894280762565
1 0.3439306358381503 0.18977469670710573 0.015414258188824663 0.03986135181975736
1 0.3670520231213873 0.19410745233968804 0.017341040462427744 0.0415944540727903
1 0.3492292870905588 0.24003466204506066 0.018304431599229287 0.03986135181975736
1 0.4147398843930636 0.16031195840554593 0.014450867052023121 0.029462738301559793
1 0.4210019267822736 0.1360485268630849 0.019267822736030827 0.03292894280762565
1 0.38872832369942195 0.18630849220103987 0.016377649325626204 0.03292894280762565
1 0.41811175337186895 0.2244367417677643 0.02119460500963391 0.03986135181975736
1 0.4436416184971098 0.1559792027729636 0.018304431599229287 0.03119584055459272
1 0.4576107899807322 0.15251299826689774 0.015414258188824663 0.038128249566724434
1 0.4667630057803468 0.1291161178509532 0.014450867052023121 0.025996533795493933
1 0.5081888246628131 0.11525129982668977 0.016377649325626204 0.029462738301559793
1 0.4889210019267823 0.1317157712305026 0.018304431599229287 0.038128249566724434
1 0.46001926782273606 0.19844020797227035 0.016377649325626204 0.03986135181975736
1 0.4701348747591522 0.16897746967071056 0.02119460500963391 0.036395147313691506
1 0.5024084778420038 0.18110918544194107 0.022157996146435453 0.036395147313691506
1 0.4836223506743738 0.2218370883882149 0.023121387283236993 0.0415944540727903
1 0.49277456647398843 0.2781629116117851 0.02023121387283237 0.043327556325823226
1 0.5260115606936416 0.1195840554592721 0.015414258188824663 0.02772963604852686
1 0.5472061657032755 0.1265164644714038 0.015414258188824663 0.02772963604852686
1 0.5563583815028902 0.14731369150779897 0.02023121387283237 0.03466204506065858
1 0.5236030828516378 0.1559792027729636 0.014450867052023121 0.03119584055459272
1 0.5549132947976878 0.17417677642980936 0.019267822736030827 0.036395147313691506
1 0.5727360308285164 0.11265164644714037 0.012524084778420038 0.03466204506065858
1 0.5920038535645472 0.09878682842287695 0.012524084778420038 0.02772963604852686
1 0.5534682080924855 0.27902946273830154 0.02601156069364162 0.05545927209705372
1 0.5847784200385356 0.16464471403812825 0.015414258188824663 0.03119584055459272
1 0.6122350674373795 0.10398613518197573 0.012524084778420038 0.024263431542461005
1 0.6319845857418112 0.09705372616984402 0.01348747591522158 0.03466204506065858
1 0.6204238921001927 0.1369150779896014 0.01348747591522158 0.02772963604852686
1 0.6146435452793835 0.2296360485268631 0.02119460500963391 0.060658578856152515
1 0.6666666666666666 0.09532062391681109 0.015414258188824663 0.024263431542461005
1 0.6560693641618497 0.11178509532062392 0.017341040462427744 0.022530329289428077
1 0.6883429672447013 0.08925476603119584 0.012524084778420038 0.025996533795493933
1 0.6878612716763006 0.11265164644714037 0.015414258188824663 0.03466204506065858
1 0.714354527938343 0.09532062391681109 0.010597302504816955 0.024263431542461005
1 0.6955684007707129 0.15424610051993068 0.015414258188824663 0.03119584055459272
1 0.6835260115606936 0.1637781629116118 0.018304431599229287 0.036395147313691506
1 0.6729287090558767 0.23743500866551126 0.022157996146435453 0.05199306759098787
1 0.6021194605009634 0.3188908145580589 0.02697495183044316 0.058925476603119586
1 0.674373795761079 0.3344887348353553 0.03468208092485549 0.07279029462738301
1 0.7201348747591522 0.28422876949740034 0.022157996146435453 0.05199306759098787
1 0.7292870905587668 0.2123050259965338 0.023121387283236993 0.036395147313691506
1 0.733140655105973 0.12824956672443674 0.015414258188824663 0.03466204506065858
1 0.7456647398843931 0.12305025996533796 0.015414258188824663 0.02772963604852686
1 0.7813102119460501 0.1265164644714038 0.015414258188824663 0.03119584055459272
1 0.7495183044315993 0.16464471403812825 0.02119460500963391 0.03119584055459272
1 0.7716763005780347 0.21923743500866552 0.019267822736030827 0.03986135181975736
1 0.7890173410404624 0.14558058925476602 0.019267822736030827 0.038128249566724434
1 0.8073217726396917 0.1464471403812825 0.01348747591522158 0.036395147313691506
1 0.7933526011560693 0.19410745233968804 0.018304431599229287 0.038128249566724434
1 0.7837186897880539 0.2850953206239168 0.022157996146435453 0.060658578856152515
1 0.74373795761079 0.36221837088388215 0.028901734104046242 0.0658578856152513
1 0.8155105973025049 0.3856152512998267 0.029865125240847785 0.06759098786828423
1 0.8188824662813102 0.24350086655112652 0.023121387283236993 0.053726169844020795
1 0.8713872832369942 0.25216637781629114 0.022157996146435453 0.05719237435008666
1 0.8448940269749519 0.30329289428076256 0.025048169556840076 0.058925476603119586
1 0.8839113680154143 0.21750433275563258 0.014450867052023121 0.04679376083188908
1 0.9229287090558767 0.2097053726169844 0.015414258188824663 0.03466204506065858
1 0.9214836223506744 0.2720970537261698 0.018304431599229287 0.04852686308492201
1 0.911849710982659 0.34055459272097055 0.018304431599229287 0.05719237435008666
1 0.8921001926782274 0.41767764298093585 0.03275529865125241 0.0831889081455806
1 0.7615606936416185 0.17504332755632582 0.022157996146435453 0.045060658578856154
1 0.7172447013487476 0.17937608318890816 0.016377649325626204 0.03986135181975736
1 0.6613680154142582 0.12998266897746968 0.02023121387283237 0.038128249566724434
1 0.5963391136801541 0.12478336221837089 0.01348747591522158 0.0415944540727903
1 0.5520231213872833 0.13951473136915077 0.017341040462427744 0.03986135181975736
1 0.3733140655105973 0.24696707105719237 0.016377649325626204 0.043327556325823226
1 0.5640655105973025 0.23483535528596186 0.024084778420038536 0.04679376083188908
1 0.41088631984585744 0.1949740034662045 0.018304431599229287 0.03292894280762565