1 0.09539473684210527 0.49835796387520526 0.05357142857142857 0.10673234811165845
1 0.25798872180451127 0.2824302134646962 0.019736842105263157 0.029556650246305417
1 0.27020676691729323 0.27011494252873564 0.015977443609022556 0.031198686371100164
1 0.2899436090225564 0.2832512315270936 0.015977443609022556 0.034482758620689655
1 0.3101503759398496 0.28653530377668307 0.015037593984962405 0.041050903119868636
1 0.3425751879699248 0.27832512315270935 0.021616541353383457 0.03776683087027915
1 0.40131578947368424 0.2914614121510673 0.02443609022556391 0.047619047619047616
1 0.3031015037593985 0.2504105090311987 0.017857142857142856 0.034482758620689655
1 0.3218984962406015 0.21592775041050905 0.015977443609022556 0.027914614121510674
1 0.3355263157894737 0.2315270935960591 0.018796992481203006 0.0361247947454844
1 0.35855263157894735 0.22085385878489328 0.015977443609022556 0.034482758620689655
1 0.3707706766917293 0.21428571428571427 0.015977443609022556 0.027914614121510674
1 0.39144736842105265 0.20032840722495895 0.017857142857142856 0.0361247947454844
1 0.4201127819548872 0.21674876847290642 0.016917293233082706 0.03284072249589491
1 0.4149436090225564 0.1683087027914614 0.015977443609022556 0.031198686371100164
1 0.43280075187969924 0.19540229885057472 0.014097744360902255 0.029556650246305417
1 0.43890977443609025 0.21921182266009853 0.016917293233082706 0.04433497536945813
1 0.45112781954887216 0.19047619047619047 0.016917293233082706 0.03284072249589491
1 0.46381578947368424 0.19540229885057472 0.015977443609022556 0.0361247947454844
1 0.46616541353383456 0.22988505747126436 0.020676691729323307 0.042692939244663386
1 0.44642857142857145 0.15435139573070608 0.015037593984962405 0.022988505747126436
1 0.47791353383458646 0.16174055829228243 0.014097744360902255 0.024630541871921183
1 0.47791353383458646 0.14532019704433496 0.014097744360902255 0.024630541871921183
1 0.4859022556390977 0.13218390804597702 0.013157894736842105 0.021346469622331693
1 0.5122180451127819 0.18308702791461412 0.016917293233082706 0.024630541871921183
1 0.5169172932330827 0.16420361247947454 0.013157894736842105 0.0361247947454844
1 0.5328947368421053 0.14203612479474548 0.015037593984962405 0.027914614121510674
1 0.5267857142857143 0.13054187192118227 0.010338345864661654 0.024630541871921183
1 0.5625 0.11822660098522167 0.012218045112781954 0.026272577996715927
1 0.5512218045112782 0.14203612479474548 0.014097744360902255 0.027914614121510674
1 0.5549812030075187 0.15270935960591134 0.015977443609022556 0.03284072249589491
1 0.5676691729323309 0.17159277504105092 0.018796992481203006 0.034482758620689655
1 0.5418233082706767 0.1921182266009852 0.019736842105263157 0.0361247947454844
1 0.5859962406015038 0.12807881773399016 0.015977443609022556 0.026272577996715927
1 0.5977443609022557 0.09688013136288999 0.015037593984962405 0.029556650246305417
1 0.587875939849624 0.1469622331691297 0.017857142857142856 0.027914614121510674
1 0.6207706766917294 0.138752052545156 0.015977443609022556 0.034482758620689655
1 0.6099624060150376 0.12151067323481117 0.013157894736842105 0.026272577996715927
1 0.6273496240601504 0.10098522167487685 0.014097744360902255 0.024630541871921183
1 0.6536654135338346 0.0993431855500821 0.012218045112781954 0.024630541871921183
1 0.6489661654135338 0.11494252873563218 0.012218045112781954 0.026272577996715927
1 0.6757518796992481 0.11412151067323481 0.015037593984962405 0.027914614121510674
1 0.6921992481203008 0.10919540229885058 0.012218045112781954 0.024630541871921183
1 0.706296992481203 0.13382594417077176 0.017857142857142856 0.03776683087027915
1 0.6851503759398496 0.15270935960591134 0.016917293233082706 0.03940886699507389
1 0.6517857142857143 0.16584564860426929 0.015977443609022556 0.0361247947454844
1 0.6630639097744361 0.19376026272577998 0.017857142857142856 0.042692939244663386
1 0.6127819548872181 0.20114942528735633 0.022556390977443608 0.04433497536945813
1 0.6217105263157895 0.25205254515599346 0.02537593984962406 0.04433497536945813
1 0.5620300751879699 0.28653530377668307 0.03007518796992481 0.05090311986863711
1 0.5657894736842105 0.24794745484400657 0.020676691729323307 0.042692939244663386
1 0.5902255639097744 0.36535303776683087 0.03571428571428571 0.060755336617405585
1 0.49107142857142855 0.30952380952380953 0.02725563909774436 0.054187192118226604
1 0.6762218045112782 0.33251231527093594 0.02913533834586466 0.060755336617405585
1 0.6668233082706767 0.2569786535303777 0.023496240601503758 0.05090311986863711
1 0.7015977443609023 0.2110016420361248 0.023496240601503758 0.041050903119868636
1 0.6983082706766918 0.18801313628899835 0.018796992481203006 0.03776683087027915
1 0.730733082706767 0.19704433497536947 0.019736842105263157 0.04926108374384237
1 0.7453007518796992 0.16091954022988506 0.013157894736842105 0.03284072249589491
1 0.7349624060150376 0.1174055829228243 0.013157894736842105 0.034482758620689655
1 0.7481203007518797 0.13218390804597702 0.013157894736842105 0.034482758620689655
1 0.7537593984962406 0.11658456486042693 0.011278195488721804 0.029556650246305417
1 0.7697368421052632 0.1297208538587849 0.015037593984962405 0.026272577996715927
1 0.7772556390977443 0.1206896551724138 0.011278195488721804 0.031198686371100164
1 0.7814849624060151 0.1592775041050903 0.014097744360902255 0.03284072249589491
1 0.7288533834586466 0.28078817733990147 0.03101503759398496 0.05582922824302135
1 0.7570488721804511 0.24958949096880131 0.023496240601503758 0.052545155993431854
1 0.7885338345864662 0.2791461412151067 0.02443609022556391 0.05582922824302135
1 0.8200187969924813 0.25533661740558294 0.023496240601503758 0.04433497536945813
1 0.8049812030075187 0.12315270935960591 0.012218045112781954 0.026272577996715927
1 0.8002819548872181 0.13793103448275862 0.010338345864661654 0.029556650246305417
1 0.8007518796992481 0.17405582922824303 0.018796992481203006 0.04926108374384237
1 0.8195488721804511 0.16748768472906403 0.016917293233082706 0.0361247947454844
1 0.8331766917293233 0.13628899835796388 0.015977443609022556 0.0361247947454844
1 0.8641917293233082 0.1535303776683087 0.014097744360902255 0.034482758620689655
1 0.8679511278195489 0.138752052545156 0.015977443609022556 0.024630541871921183
1 0.9017857142857143 0.1412151067323481 0.012218045112781954 0.022988505747126436
1 0.9285714285714286 0.15517241379310345 0.011278195488721804 0.021346469622331693
1 0.9276315789473685 0.16502463054187191 0.013157894736842105 0.031198686371100164
1 0.9285714285714286 0.19540229885057472 0.015037593984962405 0.0361247947454844
1 0.8952067669172933 0.16502463054187191 0.017857142857142856 0.03776683087027915
1 0.894266917293233 0.20032840722495895 0.015977443609022556 0.0361247947454844
1 0.849624060150376 0.18472906403940886 0.018796992481203006 0.041050903119868636
1 0.8627819548872181 0.21428571428571427 0.018796992481203006 0.04433497536945813
1 0.930921052631579 0.28735632183908044 0.019736842105263157 0.052545155993431854