1 0.205937794533459 0.3458401305057096 0.04806786050895382 0.08809135399673736
1 0.30442978322337416 0.2406199021207178 0.016965127238454288 0.040783034257748776
1 0.31950989632422244 0.26508972267536707 0.01885014137606032 0.04730831973898858
1 0.33883129123468425 0.26916802610114193 0.0235626767200754 0.04241435562805873
1 0.3350612629594722 0.21451876019575855 0.01413760603204524 0.03425774877650897
1 0.353440150801131 0.21941272430668843 0.01885014137606032 0.03425774877650897
1 0.36192271442035817 0.2365415986949429 0.016965127238454288 0.02936378466557912
1 0.3878416588124411 0.22430668841761828 0.0235626767200754 0.037520391517128875
1 0.3944392082940622 0.19738988580750408 0.0235626767200754 0.03262642740619902
1 0.4311969839773798 0.21778140293637846 0.019792648444863337 0.03425774877650897
1 0.43873704052780393 0.27814029363784665 0.027332704995287466 0.04730831973898858
1 0.4340245051837889 0.1761827079934747 0.017907634307257305 0.03262642740619902
1 0.4533459000942507 0.1859706362153344 0.020735155513666354 0.03915171288743882
1 0.4641847313854854 0.21207177814029363 0.017907634307257305 0.04241435562805873
1 0.47360980207351555 0.18923327895595432 0.016022620169651274 0.03588907014681892
1 0.4594721960414703 0.16802610114192496 0.016022620169651274 0.02936378466557912
1 0.46277097078228085 0.14763458401305057 0.015080113100848256 0.024469820554649267
1 0.48114985862393966 0.14600326264274063 0.01413760603204524 0.024469820554649267
1 0.4882186616399623 0.16639477977161501 0.016965127238454288 0.02936378466557912
1 0.5103675777568332 0.1867862969004894 0.017907634307257305 0.03425774877650897
1 0.5273327049952875 0.2039151712887439 0.0235626767200754 0.04567699836867863
1 0.4943449575871819 0.12887438825448613 0.016022620169651274 0.02936378466557912
1 0.5414703110273327 0.13784665579119088 0.019792648444863337 0.040783034257748776
1 0.5523091423185674 0.15579119086460033 0.016965127238454288 0.037520391517128875
1 0.5626767200754006 0.14110929853181076 0.013195098963242224 0.02773246329526917
1 0.5815268614514609 0.16476345840130505 0.020735155513666354 0.03915171288743882
1 0.5678605089538171 0.11582381729200653 0.016022620169651274 0.026101141924959218
1 0.5904806786050896 0.12887438825448613 0.01413760603204524 0.026101141924959218
1 0.6036757775683318 0.09951060358890701 0.016022620169651274 0.02936378466557912
1 0.6248821866163996 0.11174551386623165 0.013195098963242224 0.03099510603588907
1 0.6272384542884072 0.14763458401305057 0.017907634307257305 0.03425774877650897
1 0.6578699340245052 0.11092985318107668 0.013195098963242224 0.02936378466557912
1 0.67813383600377 0.1166394779771615 0.017907634307257305 0.03099510603588907
1 0.7016965127238455 0.100326264274062 0.01413760603204524 0.03425774877650897
1 0.5160226201696513 0.3075040783034258 0.03110273327049953 0.057096247960848286
1 0.553722902921772 0.29445350734094616 0.029217719132893498 0.06035889070146819
1 0.5801131008482564 0.2365415986949429 0.027332704995287466 0.048939641109298535
1 0.6225259189443921 0.24143556280587275 0.021677662582469368 0.048939641109298535
1 0.6211121583411876 0.2096247960848287 0.02639019792648445 0.040783034257748776
1 0.6687087653157399 0.24551386623164764 0.02544769085768143 0.05057096247960848
1 0.6239396795475967 0.33278955954323003 0.03581526861451461 0.06525285481239804
1 0.6828463713477851 0.33197389885807504 0.03298774740810556 0.0701468189233279
1 0.7304429783223374 0.26835236541598695 0.02827521206409048 0.04730831973898858
1 0.7808671065032988 0.2814029363784666 0.027332704995287466 0.057096247960848286
1 0.7163053722902922 0.21778140293637846 0.022620169651272386 0.040783034257748776
1 0.679076343072573 0.19820554649265906 0.021677662582469368 0.040783034257748776
1 0.6936852026390198 0.15823817292006526 0.01885014137606032 0.03915171288743882
1 0.7125353440150801 0.1729200652528548 0.020735155513666354 0.04241435562805873
1 0.7384542884071631 0.16965742251223492 0.016022620169651274 0.03262642740619902
1 0.7511781338360037 0.19738988580750408 0.020735155513666354 0.04567699836867863
1 0.7704995287464655 0.17781402936378465 0.019792648444863337 0.03588907014681892
1 0.7318567389255419 0.13376835236541598 0.016022620169651274 0.03262642740619902
1 0.7464655984919887 0.11582381729200653 0.015080113100848256 0.03588907014681892
1 0.7596606974552309 0.13539967373572595 0.015080113100848256 0.03588907014681892
1 0.763430725730443 0.10848287112561175 0.015080113100848256 0.03099510603588907
1 0.7808671065032988 0.13132137030995106 0.021677662582469368 0.037520391517128875
1 0.8138548539114043 0.1737357259380098 0.017907634307257305 0.04404567699836868
1 0.8176248821866164 0.13376835236541598 0.010367577756833177 0.026101141924959218
1 0.8270499528746466 0.1272430668841762 0.016022620169651274 0.026101141924959218
1 0.8421300659754948 0.1370309951060359 0.01413760603204524 0.03588907014681892
1 0.8369462770970783 0.16150081566068517 0.015080113100848256 0.03588907014681892
1 0.8576814326107446 0.18760195758564438 0.020735155513666354 0.04567699836867863
1 0.8722902921771913 0.15905383360522024 0.017907634307257305 0.04404567699836868
1 0.88124410933082 0.1468189233278956 0.01885014137606032 0.03915171288743882
1 0.913760603204524 0.13132137030995106 0.016022620169651274 0.03099510603588907
1 0.9114043355325165 0.1639477977161501 0.01885014137606032 0.040783034257748776
1 0.883129123468426 0.22593800978792822 0.020735155513666354 0.04404567699836868
1 0.9147031102733271 0.22104404567699837 0.017907634307257305 0.04404567699836868
1 0.9340245051837889 0.2724306688417618 0.024505183788878417 0.05546492659053834
1 0.9311969839773798 0.199836867862969 0.01885014137606032 0.04730831973898858
1 0.9439208294062206 0.1533442088091354 0.016022620169651274 0.03588907014681892