1 0.24493927125506074 0.5656474820143885 0.19838056680161945 0.289568345323741
1 0.27530364372469635 0.24730215827338128 0.10526315789473684 0.17805755395683454
1 0.4176788124156545 0.09532374100719425 0.06342780026990553 0.09352517985611511
1 0.48717948717948717 0.09352517985611511 0.05398110661268556 0.09352517985611511
1 0.5465587044534413 0.08183453237410072 0.048582995951417005 0.08453237410071943
1 0.558029689608637 0.1591726618705036 0.06072874493927125 0.09532374100719425
1 0.6079622132253711 0.28507194244604317 0.10661268556005399 0.17446043165467626
1 0.39541160593792174 0.03147482014388489 0.048582995951417005 0.05935251798561151
1 0.6821862348178138 0.030575539568345324 0.04723346828609987 0.05755395683453238
1 0.8076923076923077 0.03776978417266187 0.05263157894736842 0.06474820143884892
1 0.9230769230769231 0.02697841726618705 0.05128205128205128 0.050359712230215826
1 0.9001349527665317 0.49550359712230213 0.19973009446693657 0.3255395683453237