1 0.0797918473547268 0.5867052023121387 0.03469210754553339 0.04508670520231214
1 0.0836947094535993 0.5624277456647399 0.032090199479618386 0.035838150289017344
1 0.21118820468343452 0.4930635838150289 0.04596704249783174 0.06589595375722543
1 0.761925411968777 0.5988439306358382 0.030355594102341718 0.05317919075144509
1 0.8091934084995663 0.5872832369942197 0.022549869904596703 0.04393063583815029
1 0.8252385082393755 0.6028901734104046 0.033824804856895055 0.058959537572254334
1 0.8720728534258456 0.584393063583815 0.033824804856895055 0.04277456647398844
1 0.8690372940156115 0.6341040462427746 0.03469210754553339 0.04508670520231214
1 0.9488291413703382 0.5739884393063583 0.024284475281873375 0.035838150289017344
1 0.9765828274067649 0.5878612716763005 0.03469210754553339 0.04508670520231214
1 0.9492627927146574 0.5445086705202312 0.014744145706851692 0.03005780346820809
1 0.9735472679965308 0.5549132947976878 0.0199479618386817 0.027745664739884393
1 0.9666088464874241 0.5387283236994219 0.011274934952298352 0.020809248554913295
1 0.9293148308759757 0.5531791907514451 0.01821335646140503 0.03352601156069364
1 0.922376409366869 0.5393063583815029 0.014744145706851692 0.024277456647398842
1 0.898959236773634 0.5578034682080925 0.01821335646140503 0.028901734104046242
1 0.8959236773633998 0.5358381502890174 0.017346053772766695 0.021965317919075144
1 0.8603642671292281 0.5485549132947977 0.020815264527320035 0.035838150289017344
1 0.8469210754553339 0.5641618497109827 0.01821335646140503 0.027745664739884393
1 0.8386816999132697 0.5398843930635838 0.015611448395490026 0.025433526011560695
1 0.8287077189939289 0.5583815028901734 0.0199479618386817 0.03005780346820809
1 0.8148308759757156 0.5514450867052023 0.01647875108412836 0.025433526011560695
1 0.8152645273200347 0.5381502890173411 0.017346053772766695 0.021965317919075144
1 0.7758022549869905 0.5069364161849711 0.013009540329575022 0.017341040462427744
1 0.7285342584562012 0.577456647398844 0.020815264527320035 0.04046242774566474
1 0.7111882046834345 0.5606936416184971 0.020815264527320035 0.03005780346820809
1 0.694275802254987 0.553757225433526 0.01647875108412836 0.025433526011560695
1 0.6764960971379012 0.5502890173410404 0.015611448395490026 0.020809248554913295
1 0.645273200346921 0.5728323699421966 0.019080659150043366 0.03352601156069364
1 0.6821335646140503 0.5884393063583815 0.028620988725065046 0.03699421965317919
1 0.7424111014744146 0.5491329479768786 0.010407632263660017 0.018497109826589597
1 0.6183868169991327 0.5728323699421966 0.022549869904596703 0.035838150289017344
1 0.5832610581092801 0.5884393063583815 0.028620988725065046 0.04161849710982659
1 0.5524718126626192 0.5878612716763005 0.027753686036426712 0.035838150289017344
1 0.5650477016478751 0.5635838150289018 0.02168256721595837 0.03121387283236994
1 0.5424978317432784 0.5624277456647399 0.01647875108412836 0.026589595375722544
1 0.528620988725065 0.5601156069364162 0.01647875108412836 0.026589595375722544
1 0.5117085862966175 0.5502890173410404 0.013876843018213356 0.020809248554913295
1 0.5030355594102341 0.5682080924855492 0.020815264527320035 0.03352601156069364
1 0.4852558542931483 0.5676300578034682 0.01647875108412836 0.03236994219653179
1 0.2632263660017346 0.5433526011560693 0.007805724197745013 0.011560693641618497
1 0.2580225498699046 0.5381502890173411 0.007805724197745013 0.015028901734104046
1 0.28230702515177797 0.545664739884393 0.007805724197745013 0.013872832369942197
1 0.2918473547267997 0.5497109826589596 0.009540329575021683 0.015028901734104046
1 0.3026886383347788 0.5375722543352601 0.008673026886383347 0.020809248554913295
1 0.3074588031222897 0.5479768786127167 0.007805724197745013 0.011560693641618497
1 0.30919340849956634 0.5589595375722544 0.009540329575021683 0.017341040462427744
1 0.31743278404163056 0.5520231213872833 0.012142237640936688 0.017341040462427744
1 0.3282740676496097 0.5497109826589596 0.007805724197745013 0.012716763005780347
1 0.33998265394622723 0.5514450867052023 0.010407632263660017 0.016184971098265895
1 0.3512575888985256 0.5497109826589596 0.012142237640936688 0.019653179190751446
1 0.3460537727666956 0.5520231213872833 0.010407632263660017 0.017341040462427744
1 0.3633998265394623 0.5508670520231214 0.012142237640936688 0.021965317919075144
1 0.37597571552471815 0.5560693641618497 0.013009540329575022 0.023121387283236993
1 0.39809193408499566 0.5445086705202312 0.013876843018213356 0.020809248554913295
1 0.38638334778837813 0.553757225433526 0.009540329575021683 0.020809248554913295
1 0.41240242844752817 0.5497109826589596 0.011274934952298352 0.019653179190751446
1 0.4254119687771032 0.5549132947976878 0.011274934952298352 0.023121387283236993
1 0.43321769297484825 0.5485549132947977 0.013009540329575022 0.021965317919075144
1 0.4340849956634866 0.5653179190751445 0.014744145706851692 0.03005780346820809
1 0.45013009540329574 0.5722543352601156 0.019080659150043366 0.03236994219653179
1 0.49132697311361667 0.5393063583815029 0.006071118820468344 0.015028901734104046