1 0.2636986301369863 0.4418402777777778 0.04403131115459882 0.09895833333333333
1 0.28131115459882583 0.2569444444444444 0.016634050880626222 0.03125
1 0.31604696673189825 0.2673611111111111 0.021526418786692758 0.034722222222222224
1 0.3424657534246575 0.21788194444444445 0.01761252446183953 0.03993055555555555
1 0.36350293542074363 0.24913194444444445 0.016634050880626222 0.03993055555555555
1 0.40166340508806264 0.2439236111111111 0.016634050880626222 0.036458333333333336
1 0.388454011741683 0.2144097222222222 0.015655577299412915 0.036458333333333336
1 0.4090019569471624 0.21788194444444445 0.01761252446183953 0.029513888888888888
1 0.4417808219178082 0.2170138888888889 0.016634050880626222 0.03125
1 0.4187866927592955 0.1579861111111111 0.009784735812133072 0.024305555555555556
1 0.45792563600782776 0.1423611111111111 0.011741682974559686 0.027777777777777776
1 0.46673189823874756 0.16145833333333334 0.011741682974559686 0.024305555555555556
1 0.46868884540117417 0.19618055555555555 0.015655577299412915 0.03125
1 0.49070450097847357 0.16927083333333334 0.012720156555772993 0.029513888888888888
1 0.48385518590998045 0.1467013888888889 0.014677103718199608 0.029513888888888888
1 0.5582191780821918 0.1892361111111111 0.018590998043052837 0.03819444444444445
1 0.549412915851272 0.06336805555555555 0.010763209393346379 0.029513888888888888
1 0.5802348336594912 0.12065972222222222 0.011741682974559686 0.026041666666666668
1 0.6203522504892368 0.11458333333333333 0.011741682974559686 0.020833333333333332
1 0.6462818003913894 0.1232638888888889 0.012720156555772993 0.027777777777777776
1 0.6095890410958904 0.2621527777777778 0.023483365949119372 0.052083333333333336
1 0.662426614481409 0.2404513888888889 0.015655577299412915 0.043402777777777776
1 0.726027397260274 0.234375 0.01761252446183953 0.041666666666666664
1 0.7103718199608611 0.17274305555555555 0.0136986301369863 0.03298611111111111
1 0.7333659491193738 0.17708333333333334 0.016634050880626222 0.034722222222222224
1 0.7328767123287672 0.1519097222222222 0.01761252446183953 0.03298611111111111
1 0.8419765166340509 0.18663194444444445 0.016634050880626222 0.043402777777777776
1 0.7896281800391389 0.3246527777777778 0.023483365949119372 0.059027777777777776
1 0.9070450097847358 0.3532986111111111 0.021526418786692758 0.0642361111111111
1 0.9227005870841487 0.2960069444444444 0.01761252446183953 0.046875
1 0.9187866927592955 0.24913194444444445 0.019569471624266144 0.046875
1 0.9271037181996086 0.21961805555555555 0.016634050880626222 0.03993055555555555
1 0.9383561643835616 0.2170138888888889 0.011741682974559686 0.034722222222222224
1 0.9496086105675147 0.1996527777777778 0.014677103718199608 0.027777777777777776
1 0.8918786692759295 0.21006944444444445 0.014677103718199608 0.034722222222222224
1 0.898238747553816 0.18663194444444445 0.011741682974559686 0.029513888888888888
1 0.8718199608610567 0.1736111111111111 0.011741682974559686 0.03125
1 0.6169275929549902 0.1371527777777778 0.010763209393346379 0.024305555555555556
1 0.8884540117416829 0.2482638888888889 0.015655577299412915 0.052083333333333336