1 0.2718351324828263 0.22425828970331588 0.019627085377821395 0.03664921465968586
1 0.34003925417075564 0.23472949389179756 0.018645731108930325 0.03664921465968586
1 0.3645731108930324 0.2696335078534031 0.02649656526005888 0.03664921465968586
1 0.40922473012757604 0.27486910994764396 0.017664376840039256 0.03664921465968586
1 0.4283611383709519 0.2164048865619546 0.014720314033366046 0.031413612565445025
1 0.4494602551521099 0.2181500872600349 0.011776251226692836 0.034904013961605584
1 0.4833169774288518 0.22425828970331588 0.022571148184494603 0.029668411867364748
1 0.3900883218842002 0.225130890052356 0.014720314033366046 0.027923211169284468
1 0.3689892051030422 0.19633507853403143 0.017664376840039256 0.04013961605584642
1 0.4013738959764475 0.16579406631762653 0.015701668302257114 0.034904013961605584
1 0.42492639842983315 0.17102966841186737 0.015701668302257114 0.031413612565445025
1 0.48282630029440626 0.16055846422338568 0.019627085377821395 0.027923211169284468
1 0.47203140333660454 0.13525305410122165 0.015701668302257114 0.03315881326352531
1 0.5166830225711482 0.18150087260034903 0.016683022571148183 0.038394415357766144
1 0.5353287536800785 0.2006980802792321 0.014720314033366046 0.038394415357766144
1 0.5745829244357213 0.2774869109947644 0.02649656526005888 0.05235602094240838
1 0.5819430814524044 0.23909249563699825 0.021589793915603533 0.027923211169284468
1 0.6290480863591756 0.2024432809773124 0.017664376840039256 0.031413612565445025
1 0.6815505397448479 0.26090750436300175 0.02649656526005888 0.04013961605584642
1 0.677134445534838 0.2198952879581152 0.017664376840039256 0.031413612565445025
1 0.7222767419038273 0.2425828970331588 0.013738959764474975 0.038394415357766144
1 0.711972522080471 0.18673647469458987 0.016683022571148183 0.031413612565445025
1 0.6859666339548577 0.12041884816753927 0.013738959764474975 0.027923211169284468
1 0.7149165848871443 0.1099476439790576 0.016683022571148183 0.038394415357766144
1 0.6712463199214916 0.10907504363001745 0.013738959764474975 0.02617801047120419
1 0.5824337585868499 0.11867364746945899 0.010794896957801767 0.031413612565445025
1 0.5191364082433758 0.12914485165794065 0.017664376840039256 0.027923211169284468
1 0.7374877330716388 0.262652705061082 0.018645731108930325 0.04712041884816754
1 0.7649656526005888 0.2931937172774869 0.02453385672227674 0.06282722513089005
1 0.8213935230618253 0.29842931937172773 0.02747791952894995 0.055846422338568937
1 0.9038272816486752 0.34205933682373474 0.023552502453385672 0.059336823734729496
1 0.8675171736997056 0.268760907504363 0.017664376840039256 0.04537521815008726
1 0.8429833169774289 0.23647469458987783 0.017664376840039256 0.03664921465968586
1 0.7904808635917566 0.22425828970331588 0.022571148184494603 0.03664921465968586
1 0.7414131501472031 0.20157068062827224 0.016683022571148183 0.029668411867364748
1 0.7610402355250245 0.17452006980802792 0.010794896957801767 0.02443280977312391
1 0.7968596663395485 0.15968586387434555 0.011776251226692836 0.02617801047120419
1 0.7860647693817469 0.14048865619546247 0.009813542688910697 0.02617801047120419
1 0.81648675171737 0.14223385689354276 0.009813542688910697 0.03315881326352531
1 0.844946025515211 0.15532286212914484 0.015701668302257114 0.031413612565445025
1 0.9077526987242395 0.20855148342059338 0.015701668302257114 0.029668411867364748
1 0.8935230618253189 0.15270506108202445 0.012757605495583905 0.02617801047120419
1 0.9151128557409225 0.156195462478185 0.010794896957801767 0.029668411867364748
1 0.9347399411187438 0.23298429319371727 0.012757605495583905 0.03315881326352531
1 0.9347399411187438 0.30715532286212915 0.018645731108930325 0.038394415357766144
1 0.9131501472031404 0.26090750436300175 0.016683022571148183 0.04013961605584642
1 0.5829244357212954 0.17539267015706805 0.011776251226692836 0.029668411867364748
1 0.6157998037291462 0.17015706806282724 0.014720314033366046 0.029668411867364748
1 0.725711481844946 0.15008726003490402 0.014720314033366046 0.031413612565445025
1 0.6148184494602551 0.29668411867364747 0.038272816486751716 0.06282722513089005
1 0.6059862610402356 0.1212914485165794 0.010794896957801767 0.019197207678883072
1 0.6074582924435721 0.1012216404886562 0.013738959764474975 0.017452006980802792
1 0.6251226692836114 0.11954624781849912 0.009813542688910697 0.019197207678883072
1 0.6545632973503435 0.11605584642233857 0.009813542688910697 0.02268760907504363
1 0.8591756624141315 0.15532286212914484 0.010794896957801767 0.031413612565445025
1 0.8473994111874387 0.20506108202443282 0.018645731108930325 0.029668411867364748
1 0.9563297350343474 0.21465968586387435 0.016683022571148183 0.027923211169284468
1 0.8640824337585868 0.18150087260034903 0.014720314033366046 0.034904013961605584
1 0.9553483807654564 0.1806282722513089 0.016683022571148183 0.03664921465968586
1 0.6570166830225711 0.14223385689354276 0.014720314033366046 0.03664921465968586
1 0.6310107948969578 0.13699825479930192 0.013738959764474975 0.029668411867364748
1 0.5318940137389597 0.14397905759162305 0.017664376840039256 0.029668411867364748
1 0.47006869479882235 0.19982547993019198 0.015701668302257114 0.03315881326352531
1 0.4278704612365064 0.14921465968586387 0.013738959764474975 0.02617801047120419
1 0.49803729146221787 0.12827225130890052 0.014720314033366046 0.019197207678883072
1 0.4985279685966634 0.14834205933682373 0.013738959764474975 0.027923211169284468
1 0.3856722276741904 0.19197207678883071 0.015701668302257114 0.041884816753926704