1 0.080859375 0.5357561547479485 0.06171875 0.10316529894490035
1 0.123828125 0.20574443141852286 0.05703125 0.09261430246189918
1 0.434765625 0.26436107854630714 0.05078125 0.09495896834701055
1 0.47265625 0.5164126611957796 0.0640625 0.11840562719812427
1 0.40625 0.8212192262602579 0.10625 0.16060961313012895
1 0.184765625 0.8499413833528722 0.12578125 0.1969519343493552
1 0.034765625 0.738569753810082 0.06796875 0.12661195779601406
1 0.03359375 0.6629542790152403 0.0640625 0.11371629542790153
1 0.69453125 0.14595545134818289 0.065625 0.12778429073856976
1 0.5703125 0.7930832356389215 0.1015625 0.14654161781946073
1 0.862109375 0.15767878077373973 0.05546875 0.09261430246189918
1 0.92421875 0.4859320046893318 0.0859375 0.141852286049238
1 0.959375 0.6922626025791325 0.08125 0.20281359906213364
1 0.89609375 0.8593200468933178 0.1453125 0.20867526377491208