1 0.06289308176100629 0.5521126760563381 0.041928721174004195 0.056338028169014086
1 0.07651991614255765 0.4647887323943662 0.027253668763102725 0.03943661971830986
1 0.1331236897274633 0.4732394366197183 0.031446540880503145 0.04507042253521127
1 0.16142557651991615 0.5183098591549296 0.029350104821802937 0.05070422535211268
1 0.19077568134171907 0.6366197183098592 0.04612159329140461 0.0676056338028169
1 0.15932914046121593 0.6746478873239437 0.041928721174004195 0.07042253521126761
1 0.240041928721174 0.5957746478873239 0.03563941299790356 0.059154929577464786
1 0.279874213836478 0.45774647887323944 0.027253668763102725 0.036619718309859155
1 0.3972746331236897 0.4591549295774648 0.023060796645702306 0.03943661971830986
1 0.41823899371069184 0.5098591549295775 0.023060796645702306 0.03380281690140845
1 0.5020964360587002 0.45492957746478874 0.023060796645702306 0.04225352112676056
1 0.5167714884696016 0.5014084507042254 0.027253668763102725 0.04507042253521127
1 0.5387840670859538 0.5521126760563381 0.029350104821802937 0.03943661971830986
1 0.6352201257861635 0.4943661971830986 0.029350104821802937 0.04225352112676056
1 0.6855345911949685 0.547887323943662 0.033542976939203356 0.04788732394366197
1 0.790356394129979 0.49295774647887325 0.041928721174004195 0.061971830985915494
1 0.909853249475891 0.7450704225352113 0.06289308176100629 0.09859154929577464