1 0.13050847457627118 0.49660633484162897 0.08135593220338982 0.11085972850678733
1 0.14661016949152542 0.45588235294117646 0.059322033898305086 0.07918552036199095
1 0.09661016949152543 0.4309954751131222 0.05423728813559322 0.07013574660633484
1 0.16864406779661018 0.38574660633484165 0.04915254237288136 0.07013574660633484
1 0.22033898305084745 0.3778280542986425 0.05084745762711865 0.07239819004524888
1 0.27796610169491526 0.3608597285067873 0.04745762711864407 0.0746606334841629
1 0.3466101694915254 0.3744343891402715 0.0423728813559322 0.06561085972850679
1 0.39322033898305087 0.3563348416289593 0.03389830508474576 0.05656108597285068
1 0.4245762711864407 0.34615384615384615 0.03559322033898305 0.058823529411764705
1 0.45847457627118643 0.3382352941176471 0.03220338983050847 0.05656108597285068
1 0.5101694915254237 0.3597285067873303 0.03728813559322034 0.05429864253393665
1 0.5542372881355933 0.3438914027149321 0.030508474576271188 0.04524886877828054
1 0.5983050847457627 0.36425339366515835 0.03389830508474576 0.04524886877828054
1 0.6542372881355932 0.35294117647058826 0.030508474576271188 0.04072398190045249
1 0.7016949152542373 0.3721719457013575 0.030508474576271188 0.04751131221719457
1 0.7440677966101695 0.3936651583710407 0.04067796610169491 0.049773755656108594
1 0.8059322033898305 0.38461538461538464 0.0423728813559322 0.049773755656108594
1 0.8576271186440678 0.3755656108597285 0.02711864406779661 0.05429864253393665
1 0.9042372881355932 0.36764705882352944 0.07627118644067797 0.10633484162895927