1 0.026041666666666668 0.5057870370370371 0.04513888888888889 0.07175925925925926
1 0.0625 0.4791666666666667 0.027777777777777776 0.05092592592592592
1 0.03211805555555555 0.4236111111111111 0.03298611111111111 0.05092592592592592
1 0.0642361111111111 0.4386574074074074 0.027777777777777776 0.03935185185185185
1 0.09375 0.38657407407407407 0.017361111111111112 0.032407407407407406
1 0.09722222222222222 0.3680555555555556 0.017361111111111112 0.023148148148148147
1 0.043402777777777776 0.3680555555555556 0.017361111111111112 0.027777777777777776
1 0.13802083333333334 0.5023148148148148 0.050347222222222224 0.06018518518518518
1 0.21354166666666666 0.5636574074074074 0.0625 0.09027777777777778
1 0.2013888888888889 0.5196759259259259 0.04861111111111111 0.0625
1 0.2282986111111111 0.4895833333333333 0.022569444444444444 0.03935185185185185
1 0.16145833333333334 0.4351851851851852 0.017361111111111112 0.023148148148148147
1 0.2230902777777778 0.42824074074074076 0.019097222222222224 0.037037037037037035
1 0.2751736111111111 0.53125 0.022569444444444444 0.04398148148148148
1 0.2986111111111111 0.5497685185185185 0.034722222222222224 0.0625
1 0.3298611111111111 0.47337962962962965 0.017361111111111112 0.03009259259259259
1 0.4236111111111111 0.5509259259259259 0.04513888888888889 0.06481481481481481
1 0.4696180555555556 0.5578703703703703 0.026041666666666668 0.037037037037037035
1 0.4921875 0.5798611111111112 0.019097222222222224 0.034722222222222224
1 0.5347222222222222 0.5833333333333334 0.024305555555555556 0.037037037037037035
1 0.5494791666666666 0.5972222222222222 0.03298611111111111 0.041666666666666664
1 0.6276041666666666 0.6041666666666666 0.019097222222222224 0.037037037037037035
1 0.6623263888888888 0.6168981481481481 0.022569444444444444 0.034722222222222224
1 0.6883680555555556 0.625 0.019097222222222224 0.032407407407407406
1 0.9487847222222222 0.6932870370370371 0.06770833333333333 0.08564814814814815