1 0.02596830985915493 0.4284037558685446 0.04841549295774648 0.11737089201877934
1 0.09419014084507042 0.37910798122065725 0.03169014084507042 0.051643192488262914
1 0.13468309859154928 0.3937793427230047 0.06338028169014084 0.07863849765258216
1 0.207306338028169 0.443075117370892 0.09419014084507042 0.10915492957746478
1 0.19410211267605634 0.3720657276995305 0.03433098591549296 0.051643192488262914
1 0.21742957746478872 0.3673708920187793 0.02992957746478873 0.04929577464788732
1 0.24559859154929578 0.3902582159624413 0.05985915492957746 0.08333333333333333
1 0.30369718309859156 0.3720657276995305 0.02992957746478873 0.04929577464788732
1 0.3283450704225352 0.38967136150234744 0.045774647887323945 0.056338028169014086
1 0.3956866197183099 0.4624413145539906 0.10827464788732394 0.1431924882629108
1 0.37588028169014087 0.36971830985915494 0.02992957746478873 0.04460093896713615
1 0.3996478873239437 0.36561032863849763 0.02464788732394366 0.04107981220657277
1 0.4414612676056338 0.3884976525821596 0.03961267605633803 0.06103286384976526
1 0.47755281690140844 0.43133802816901406 0.06426056338028169 0.08568075117370892
1 0.47315140845070425 0.36619718309859156 0.025528169014084508 0.04225352112676056
1 0.5136443661971831 0.4096244131455399 0.037852112676056336 0.06103286384976526
1 0.528169014084507 0.38204225352112675 0.028169014084507043 0.045774647887323945
1 0.5686619718309859 0.3873239436619718 0.02640845070422535 0.046948356807511735
1 0.596830985915493 0.38321596244131456 0.02992957746478873 0.04812206572769953
1 0.6223591549295775 0.4354460093896714 0.06690140845070422 0.11032863849765258
1 0.641725352112676 0.3738262910798122 0.028169014084507043 0.045774647887323945
1 0.6786971830985915 0.42664319248826293 0.04225352112676056 0.06690140845070422
1 0.6725352112676056 0.39436619718309857 0.03169014084507042 0.03755868544600939
1 0.6941021126760564 0.37910798122065725 0.032570422535211266 0.04929577464788732
1 0.7570422535211268 0.3984741784037559 0.04753521126760563 0.062206572769953054
1 0.7856514084507042 0.3996478873239437 0.03433098591549296 0.05516431924882629
1 0.8450704225352113 0.4055164319248826 0.03697183098591549 0.05046948356807512
1 0.971830985915493 0.40082159624413144 0.04753521126760563 0.057511737089201875