1 0.056451612903225805 0.6368038740920097 0.03870967741935484 0.06295399515738499
1 0.11370967741935484 0.6283292978208233 0.04032258064516129 0.06537530266343826
1 0.18306451612903227 0.6404358353510896 0.037096774193548385 0.06053268765133172
1 0.24838709677419354 0.6271186440677966 0.04838709677419355 0.07263922518159806
1 0.3153225806451613 0.6271186440677966 0.03387096774193549 0.06295399515738499
1 0.3870967741935484 0.612590799031477 0.03225806451612903 0.06295399515738499
1 0.45483870967741935 0.6004842615012107 0.035483870967741936 0.05811138014527845
1 0.5362903225806451 0.5968523002421308 0.04032258064516129 0.05569007263922518
1 0.6112903225806452 0.6077481840193705 0.035483870967741936 0.05811138014527845
1 0.692741935483871 0.6755447941888619 0.03387096774193549 0.06295399515738499
1 0.7314516129032258 0.6452784503631961 0.03064516129032258 0.05569007263922518
1 0.7870967741935484 0.6283292978208233 0.03870967741935484 0.06053268765133172
1 0.8338709677419355 0.5968523002421308 0.03870967741935484 0.06537530266343826
1 0.9274193548387096 0.635593220338983 0.041935483870967745 0.07506053268765134
1 0.9274193548387096 0.5835351089588378 0.03225806451612903 0.05811138014527845
1 0.9911290322580645 0.5702179176755447 0.017741935483870968 0.03631961259079903
1 0.9048387096774193 0.5193704600484261 0.01935483870967742 0.03631961259079903
1 0.9258064516129032 0.5012106537530266 0.01935483870967742 0.029055690072639227
1 0.864516129032258 0.4963680387409201 0.016129032258064516 0.029055690072639227
1 0.8387096774193549 0.4975786924939467 0.016129032258064516 0.021791767554479417
1 0.8451612903225807 0.559322033898305 0.025806451612903226 0.048426150121065374
1 0.8137096774193548 0.5145278450363197 0.017741935483870968 0.031476997578692496
1 0.7782258064516129 0.572639225181598 0.03387096774193549 0.04600484261501211
1 0.7354838709677419 0.5375302663438256 0.02258064516129032 0.043583535108958835
1 0.7620967741935484 0.5072639225181598 0.020967741935483872 0.03631961259079903
1 0.6870967741935484 0.5314769975786925 0.02258064516129032 0.04116222760290557
1 0.7032258064516129 0.513317191283293 0.016129032258064516 0.029055690072639227
1 0.6758064516129032 0.4963680387409201 0.01935483870967742 0.03389830508474576
1 0.6346774193548387 0.49878934624697335 0.017741935483870968 0.03389830508474576
1 0.6104838709677419 0.5569007263922519 0.027419354838709678 0.043583535108958835
1 0.5637096774193548 0.5387409200968523 0.020967741935483872 0.031476997578692496
1 0.5524193548387096 0.49515738498789347 0.014516129032258065 0.031476997578692496
1 0.5209677419354839 0.47094430992736075 0.012903225806451613 0.031476997578692496
1 0.4790322580645161 0.46246973365617433 0.012903225806451613 0.024213075060532687
1 0.4314516129032258 0.49031476997578693 0.017741935483870968 0.031476997578692496
1 0.3975806451612903 0.5169491525423728 0.024193548387096774 0.04600484261501211
1 0.3758064516129032 0.4975786924939467 0.01935483870967742 0.026634382566585957
1 0.34516129032258064 0.4975786924939467 0.016129032258064516 0.021791767554479417
1 0.31693548387096776 0.5423728813559322 0.027419354838709678 0.0387409200968523
1 0.24516129032258063 0.5302663438256658 0.025806451612903226 0.03389830508474576
1 0.21774193548387097 0.5423728813559322 0.02258064516129032 0.0387409200968523
1 0.1685483870967742 0.5254237288135594 0.020967741935483872 0.029055690072639227
1 0.1443548387096774 0.5423728813559322 0.027419354838709678 0.048426150121065374
1 0.1217741935483871 0.5254237288135594 0.017741935483870968 0.029055690072639227
1 0.10725806451612903 0.5072639225181598 0.01129032258064516 0.026634382566585957
1 0.07822580645161291 0.5048426150121066 0.024193548387096774 0.031476997578692496
1 0.024193548387096774 0.5738498789346247 0.035483870967741936 0.053268765133171914
1 0.04435483870967742 0.5145278450363197 0.020967741935483872 0.03631961259079903
1 0.2564516129032258 0.4939467312348668 0.016129032258064516 0.029055690072639227
1 0.24516129032258063 0.4600484261501211 0.012903225806451613 0.024213075060532687
1 0.2620967741935484 0.46731234866828086 0.01129032258064516 0.024213075060532687
1 0.21451612903225806 0.5 0.016129032258064516 0.031476997578692496
1 0.15403225806451612 0.46973365617433416 0.014516129032258065 0.024213075060532687
1 0.13709677419354838 0.4661016949152542 0.012903225806451613 0.021791767554479417