1 0.055862831858407076 0.28094302554027506 0.016592920353982302 0.03536345776031434
1 0.26548672566371684 0.224950884086444 0.017699115044247787 0.0412573673870334
1 0.3733407079646018 0.24656188605108054 0.023230088495575223 0.04911591355599214
1 0.336283185840708 0.24852652259332023 0.01991150442477876 0.0412573673870334
1 0.37057522123893805 0.18860510805500982 0.015486725663716814 0.03536345776031434
1 0.38716814159292035 0.1650294695481336 0.01327433628318584 0.03143418467583497
1 0.3954646017699115 0.1925343811394892 0.018805309734513276 0.03929273084479371
1 0.4043141592920354 0.1581532416502947 0.016592920353982302 0.029469548133595286
1 0.4170353982300885 0.20923379174852652 0.015486725663716814 0.03339882121807466
1 0.43307522123893805 0.23772102161100198 0.032079646017699116 0.06286836935166994
1 0.4684734513274336 0.2013752455795678 0.02101769911504425 0.04518664047151277
1 0.4939159292035398 0.20530451866404714 0.02101769911504425 0.04518664047151277
1 0.4336283185840708 0.16699410609037327 0.015486725663716814 0.03536345776031434
1 0.44026548672566373 0.13654223968565815 0.01327433628318584 0.025540275049115914
1 0.46073008849557523 0.137524557956778 0.012168141592920354 0.0275049115913556
1 0.47013274336283184 0.15324165029469547 0.01327433628318584 0.03143418467583497
1 0.47732300884955753 0.16994106090373282 0.016592920353982302 0.029469548133595286
1 0.5188053097345132 0.1787819253438114 0.015486725663716814 0.03929273084479371
1 0.48451327433628316 0.13359528487229863 0.015486725663716814 0.0275049115913556
1 0.4983407079646018 0.11886051080550099 0.012168141592920354 0.03339882121807466
1 0.5105088495575221 0.13163064833005894 0.014380530973451327 0.03536345776031434
1 0.5243362831858407 0.11984282907662082 0.01327433628318584 0.023575638506876228
1 0.5287610619469026 0.13064833005893908 0.011061946902654867 0.025540275049115914
1 0.5392699115044248 0.13654223968565815 0.012168141592920354 0.029469548133595286
1 0.5282079646017699 0.1581532416502947 0.014380530973451327 0.025540275049115914
1 0.5547566371681416 0.17681728880157171 0.018805309734513276 0.03536345776031434
1 0.5813053097345132 0.16306483300589392 0.016592920353982302 0.043222003929273084
1 0.5719026548672567 0.12671905697445973 0.01327433628318584 0.03339882121807466
1 0.5757743362831859 0.11198428290766209 0.012168141592920354 0.0275049115913556
1 0.6012168141592921 0.10117878192534381 0.00995575221238938 0.025540275049115914
1 0.6017699115044248 0.12475442043222004 0.011061946902654867 0.029469548133595286
1 0.6133849557522124 0.12573673870333987 0.014380530973451327 0.03536345776031434
1 0.6272123893805309 0.10903732809430255 0.011061946902654867 0.029469548133595286
1 0.6382743362831859 0.11100196463654224 0.01327433628318584 0.025540275049115914
1 0.6349557522123894 0.14047151277013753 0.015486725663716814 0.03339882121807466
1 0.6526548672566371 0.10117878192534381 0.01327433628318584 0.03339882121807466
1 0.6653761061946902 0.1100196463654224 0.012168141592920354 0.03536345776031434
1 0.6797566371681416 0.10412573673870335 0.00995575221238938 0.03143418467583497
1 0.6935840707964602 0.11394891944990176 0.01327433628318584 0.03536345776031434
1 0.5785398230088495 0.24361493123772102 0.02654867256637168 0.05893909626719057
1 0.6172566371681416 0.24263261296660119 0.02654867256637168 0.05697445972495088
1 0.6344026548672567 0.19155206286836934 0.023230088495575223 0.04518664047151277
1 0.6598451327433629 0.18172888015717092 0.02101769911504425 0.04518664047151277
1 0.6620575221238938 0.22298624754420432 0.023230088495575223 0.04518664047151277
1 0.6731194690265486 0.26031434184675833 0.023230088495575223 0.05697445972495088
1 0.7212389380530974 0.23772102161100198 0.01991150442477876 0.05108055009823183
1 0.7394911504424779 0.2583497053045187 0.023230088495575223 0.060903732809430254
1 0.7610619469026548 0.24165029469548133 0.022123893805309734 0.047151277013752456
1 0.7920353982300885 0.2819253438113949 0.028761061946902654 0.06483300589390963
1 0.8373893805309734 0.3104125736738703 0.02654867256637168 0.06286836935166994
1 0.8960176991150443 0.3241650294695481 0.028761061946902654 0.07072691552062868
1 0.9308628318584071 0.27210216110019647 0.023230088495575223 0.05304518664047151
1 0.9209070796460177 0.23084479371316308 0.018805309734513276 0.04911591355599214
1 0.8871681415929203 0.2200392927308448 0.015486725663716814 0.03929273084479371
1 0.8617256637168141 0.2544204322200393 0.024336283185840708 0.05304518664047151
1 0.8396017699115044 0.21611001964636542 0.017699115044247787 0.043222003929273084
1 0.7837389380530974 0.206286836935167 0.016592920353982302 0.03536345776031434
1 0.7466814159292036 0.2013752455795678 0.015486725663716814 0.03732809430255403
1 0.702433628318584 0.1719056974459725 0.015486725663716814 0.03339882121807466
1 0.735066371681416 0.1787819253438114 0.014380530973451327 0.03536345776031434
1 0.7571902654867256 0.16011787819253437 0.016592920353982302 0.03732809430255403
1 0.7295353982300885 0.13457760314341846 0.012168141592920354 0.029469548133595286
1 0.7417035398230089 0.13064833005893908 0.012168141592920354 0.029469548133595286
1 0.7511061946902655 0.12966601178781925 0.011061946902654867 0.0275049115913556
1 0.7704646017699115 0.13948919449901767 0.012168141592920354 0.0275049115913556
1 0.790929203539823 0.12966601178781925 0.011061946902654867 0.0275049115913556
1 0.7970132743362832 0.15324165029469547 0.016592920353982302 0.03143418467583497
1 0.8108407079646017 0.13654223968565815 0.015486725663716814 0.03339882121807466
1 0.8230088495575221 0.12671905697445973 0.01327433628318584 0.03339882121807466
1 0.8451327433628318 0.15029469548133595 0.017699115044247787 0.0412573673870334
1 0.8611725663716814 0.17779960707269155 0.016592920353982302 0.03339882121807466
1 0.8362831858407079 0.1719056974459725 0.01327433628318584 0.03339882121807466
1 0.8761061946902655 0.15422396856581533 0.015486725663716814 0.03732809430255403
1 0.9032079646017699 0.17681728880157171 0.014380530973451327 0.03143418467583497
1 0.9131637168141593 0.1512770137524558 0.012168141592920354 0.03143418467583497
1 0.9297566371681416 0.18467583497053044 0.014380530973451327 0.03143418467583497
1 0.9402654867256637 0.2043222003929273 0.017699115044247787 0.03536345776031434
1 0.9402654867256637 0.17092337917485265 0.01327433628318584 0.0275049115913556