1 0.027647058823529413 0.84 0.024705882352941175 0.05176470588235294
1 0.05058823529411765 0.7588235294117647 0.021176470588235293 0.05411764705882353
1 0.10352941176470588 0.9035294117647059 0.03058823529411765 0.05647058823529412
1 0.12117647058823529 0.8164705882352942 0.02588235294117647 0.0611764705882353
1 0.16 0.7341176470588235 0.02588235294117647 0.042352941176470586
1 0.20470588235294118 0.7270588235294118 0.021176470588235293 0.047058823529411764
1 0.20470588235294118 0.8023529411764706 0.021176470588235293 0.047058823529411764
1 0.32529411764705884 0.8129411764705883 0.024705882352941175 0.058823529411764705
1 0.3447058823529412 0.7458823529411764 0.023529411764705882 0.042352941176470586
1 0.4688235294117647 0.8776470588235294 0.02 0.042352941176470586
1 0.5523529411764706 0.951764705882353 0.024705882352941175 0.058823529411764705
1 0.5729411764705883 0.32588235294117646 0.018823529411764704 0.058823529411764705
1 0.65 0.2952941176470588 0.02 0.04941176470588235
1 0.6323529411764706 0.5729411764705883 0.02235294117647059 0.06352941176470588
1 0.6923529411764706 0.7047058823529412 0.029411764705882353 0.06823529411764706
1 0.7464705882352941 0.6188235294117647 0.024705882352941175 0.0611764705882353
1 0.8170588235294117 0.6941176470588235 0.027058823529411764 0.05176470588235294
1 0.88 0.9458823529411765 0.04 0.0988235294117647
1 0.9623529411764706 0.8917647058823529 0.03294117647058824 0.06588235294117648
1 0.77 0.3623529411764706 0.02 0.0611764705882353
1 0.7517647058823529 0.3376470588235294 0.018823529411764704 0.04470588235294118