1 0.08001592356687898 0.447508896797153 0.019904458598726114 0.05516014234875445
1 0.06687898089171974 0.5124555160142349 0.020700636942675158 0.05338078291814947
1 0.12300955414012739 0.6290035587188612 0.02308917197452229 0.07651245551601424
1 0.04578025477707006 0.25355871886120995 0.013535031847133758 0.030249110320284697
1 0.0481687898089172 0.23487544483985764 0.01194267515923567 0.03558718861209965
1 0.15843949044585987 0.16548042704626334 0.012738853503184714 0.03914590747330961
1 0.125 0.23843416370106763 0.01592356687898089 0.03914590747330961
1 0.1859076433121019 0.21530249110320285 0.01194267515923567 0.03558718861209965
1 0.1731687898089172 0.2846975088967972 0.015127388535031847 0.03914590747330961
1 0.2448248407643312 0.304270462633452 0.016719745222929936 0.0498220640569395
1 0.2360668789808917 0.36743772241992884 0.019904458598726114 0.05516014234875445
1 0.2089968152866242 0.45640569395017794 0.019904458598726114 0.05516014234875445
1 0.19148089171974522 0.1512455516014235 0.010350318471337579 0.03202846975088968
1 0.2249203821656051 0.1601423487544484 0.010350318471337579 0.028469750889679714
1 0.24402866242038215 0.1423487544483986 0.010350318471337579 0.03202846975088968
1 0.29697452229299365 0.17437722419928825 0.014331210191082803 0.042704626334519574
1 0.29418789808917195 0.2179715302491103 0.016719745222929936 0.037366548042704624
1 0.3093152866242038 0.24822064056939502 0.016719745222929936 0.04092526690391459
1 0.32762738853503187 0.24644128113879005 0.01194267515923567 0.033807829181494664
1 0.3570859872611465 0.10587188612099645 0.010350318471337579 0.030249110320284697
1 0.37898089171974525 0.19217081850533807 0.012738853503184714 0.03558718861209965
1 0.39888535031847133 0.1103202846975089 0.012738853503184714 0.028469750889679714
1 0.4195859872611465 0.10765124555160142 0.011146496815286623 0.026690391459074734
1 0.41878980891719747 0.19750889679715303 0.01592356687898089 0.028469750889679714
1 0.45581210191082805 0.13701067615658363 0.015127388535031847 0.021352313167259787
1 0.4645700636942675 0.13612099644128114 0.00875796178343949 0.030249110320284697
1 0.5055732484076433 0.12455516014234876 0.011146496815286623 0.021352313167259787
1 0.535828025477707 0.09341637010676157 0.009554140127388535 0.026690391459074734
1 0.4737261146496815 0.23487544483985764 0.01910828025477707 0.042704626334519574
1 0.4781050955414013 0.304270462633452 0.019904458598726114 0.046263345195729534
1 0.49880573248407645 0.19661921708185054 0.01194267515923567 0.037366548042704624
1 0.5561305732484076 0.3291814946619217 0.019904458598726114 0.046263345195729534
1 0.5469745222929936 0.18594306049822065 0.011146496815286623 0.037366548042704624
1 0.5752388535031847 0.11120996441281139 0.00875796178343949 0.026690391459074734
1 0.5720541401273885 0.1601423487544484 0.010350318471337579 0.03202846975088968
1 0.5907643312101911 0.15035587188612098 0.011146496815286623 0.026690391459074734
1 0.6146496815286624 0.13256227758007116 0.012738853503184714 0.023131672597864767
1 0.5720541401273885 0.2179715302491103 0.01194267515923567 0.037366548042704624
1 0.6154458598726115 0.23665480427046262 0.014331210191082803 0.03558718861209965
1 0.642515923566879 0.16637010676156583 0.011146496815286623 0.030249110320284697
1 0.5581210191082803 0.505338078291815 0.025477707006369428 0.060498220640569395
1 0.6759554140127388 0.349644128113879 0.020700636942675158 0.05516014234875445
1 0.6875 0.23220640569395018 0.015127388535031847 0.033807829181494664
1 0.7193471337579618 0.23754448398576514 0.010350318471337579 0.030249110320284697
1 0.7105891719745223 0.19661921708185054 0.01194267515923567 0.030249110320284697
1 0.767515923566879 0.2304270462633452 0.01592356687898089 0.030249110320284697
1 0.8077229299363057 0.25355871886120995 0.015127388535031847 0.033807829181494664
1 0.7794585987261147 0.3896797153024911 0.01751592356687898 0.0498220640569395
1 0.8371815286624203 0.2846975088967972 0.013535031847133758 0.03558718861209965
1 0.9175955414012739 0.3816725978647687 0.018312101910828025 0.04448398576512456
1 0.7018312101910829 0.2891459074733096 0.016719745222929936 0.04092526690391459
1 0.464171974522293 0.1806049822064057 0.011146496815286623 0.023131672597864767