1 0.10671462829736211 0.6859205776173285 0.05995203836930456 0.10830324909747292
1 0.14148681055155876 0.6624548736462094 0.04316546762589928 0.07581227436823104
1 0.25539568345323743 0.6768953068592057 0.05515587529976019 0.08303249097472924
1 0.39688249400479614 0.5324909747292419 0.0407673860911271 0.06859205776173286
1 0.33213429256594723 0.8664259927797834 0.1223021582733813 0.18050541516245489
1 0.5563549160671463 0.7851985559566786 0.09112709832134293 0.13357400722021662
1 0.7889688249400479 0.6787003610108303 0.06235011990407674 0.10830324909747292
1 0.8093525179856115 0.740072202166065 0.05515587529976019 0.09386281588447654
1 0.8057553956834532 0.851985559566787 0.09112709832134293 0.16606498194945848
1 0.8705035971223022 0.6588447653429603 0.05275779376498801 0.09025270758122744
1 0.9052757793764988 0.7310469314079422 0.08393285371702638 0.13357400722021662
1 0.9004796163069544 0.6389891696750902 0.050359712230215826 0.07220216606498195