1 0.134 0.4829059829059829 0.072 0.09971509971509972
1 0.122 0.5883190883190883 0.072 0.1168091168091168
1 0.058 0.6239316239316239 0.096 0.15384615384615385
1 0.396 0.4928774928774929 0.052 0.09116809116809117
1 0.448 0.5 0.072 0.1396011396011396
1 0.496 0.5242165242165242 0.076 0.10826210826210826
1 0.591 0.5541310541310541 0.086 0.1396011396011396
1 0.649 0.4472934472934473 0.066 0.10256410256410256
1 0.628 0.292022792022792 0.04 0.07692307692307693
1 0.72 0.5 0.056 0.1168091168091168
1 0.693 0.7350427350427351 0.114 0.22792022792022792
1 0.85 0.8048433048433048 0.216 0.31054131054131057
1 0.827 0.5470085470085471 0.094 0.12535612535612536
1 0.952 0.5754985754985755 0.092 0.13675213675213677
1 0.916 0.48575498575498577 0.064 0.10541310541310542