1 0.225 0.5048543689320388 0.13108108108108107 0.2961165048543689
1 0.39594594594594595 0.8106796116504854 0.13783783783783785 0.2524271844660194
1 0.3108108108108108 0.32524271844660196 0.0945945945945946 0.20388349514563106
1 0.24662162162162163 0.08737864077669903 0.060810810810810814 0.1407766990291262
1 0.14527027027027026 0.35558252427184467 0.11216216216216217 0.220873786407767
1 0.11351351351351352 0.11286407766990292 0.05675675675675676 0.10922330097087378
1 0.18243243243243243 0.27427184466019416 0.07837837837837838 0.16019417475728157
1 0.3885135135135135 0.2633495145631068 0.07702702702702703 0.16262135922330098
1 0.34324324324324323 0.05703883495145631 0.07027027027027027 0.10922330097087378
1 0.44256756756756754 0.050970873786407765 0.060810810810810814 0.0970873786407767
1 0.4891891891891892 0.28762135922330095 0.062162162162162166 0.13349514563106796
1 0.6351351351351351 0.2087378640776699 0.062162162162162166 0.13592233009708737
1 0.6608108108108108 0.12014563106796117 0.04864864864864865 0.08980582524271845
1 0.6324324324324324 0.04247572815533981 0.04594594594594595 0.08009708737864078
1 0.7391891891891892 0.05218446601941747 0.051351351351351354 0.09466019417475728
1 0.8189189189189189 0.20631067961165048 0.05945945945945946 0.14563106796116504
1 0.870945945945946 0.17354368932038836 0.06351351351351352 0.14320388349514562
1 0.8256756756756757 0.05825242718446602 0.043243243243243246 0.0970873786407767
1 0.9256756756756757 0.061893203883495146 0.04864864864864865 0.10436893203883495
1 0.9628378378378378 0.16262135922330098 0.052702702702702706 0.1262135922330097