1 0.0721951219512195 0.3064236111111111 0.02926829268292683 0.057291666666666664
1 0.32195121951219513 0.2309027777777778 0.0175609756097561 0.03819444444444445
1 0.35365853658536583 0.18489583333333334 0.02048780487804878 0.036458333333333336
1 0.3546341463414634 0.21006944444444445 0.016585365853658537 0.034722222222222224
1 0.41560975609756096 0.203125 0.0175609756097561 0.03819444444444445
1 0.42585365853658536 0.1796875 0.014634146341463415 0.029513888888888888
1 0.4175609756097561 0.16666666666666666 0.013658536585365854 0.03125
1 0.44878048780487806 0.2152777777777778 0.021463414634146343 0.041666666666666664
1 0.4741463414634146 0.2309027777777778 0.021463414634146343 0.04861111111111111
1 0.4814634146341463 0.1814236111111111 0.016585365853658537 0.03298611111111111
1 0.4653658536585366 0.1640625 0.015609756097560976 0.03298611111111111
1 0.4497560975609756 0.1623263888888889 0.015609756097560976 0.026041666666666668
1 0.44682926829268294 0.18489583333333334 0.0175609756097561 0.03298611111111111
1 0.4721951219512195 0.13975694444444445 0.013658536585365854 0.026041666666666668
1 0.49902439024390244 0.1605902777777778 0.016585365853658537 0.03298611111111111
1 0.5034146341463415 0.14322916666666666 0.011707317073170732 0.026041666666666668
1 0.5078048780487805 0.12413194444444445 0.012682926829268294 0.026041666666666668
1 0.5180487804878049 0.1684027777777778 0.015609756097560976 0.034722222222222224
1 0.5258536585365854 0.13194444444444445 0.015609756097560976 0.03125
1 0.5419512195121952 0.13194444444444445 0.012682926829268294 0.03125
1 0.5448780487804878 0.1449652777777778 0.012682926829268294 0.026041666666666668
1 0.5521951219512196 0.1684027777777778 0.0175609756097561 0.034722222222222224
1 0.5609756097560976 0.20225694444444445 0.0175609756097561 0.043402777777777776
1 0.5868292682926829 0.1814236111111111 0.02048780487804878 0.036458333333333336
1 0.595609756097561 0.1545138888888889 0.018536585365853658 0.03819444444444445
1 0.5873170731707317 0.11371527777777778 0.013658536585365854 0.029513888888888888
1 0.6053658536585366 0.1362847222222222 0.014634146341463415 0.03298611111111111
1 0.6278048780487805 0.15104166666666666 0.014634146341463415 0.03125
1 0.62 0.11197916666666667 0.010731707317073172 0.026041666666666668
1 0.6321951219512195 0.12065972222222222 0.013658536585365854 0.029513888888888888
1 0.6419512195121951 0.13368055555555555 0.00975609756097561 0.027777777777777776
1 0.6458536585365854 0.1501736111111111 0.013658536585365854 0.022569444444444444
1 0.6458536585365854 0.109375 0.00975609756097561 0.020833333333333332
1 0.6673170731707317 0.11979166666666667 0.011707317073170732 0.027777777777777776
1 0.6804878048780488 0.125 0.010731707317073172 0.024305555555555556
1 0.6912195121951219 0.12065972222222222 0.012682926829268294 0.029513888888888888
1 0.7063414634146341 0.1328125 0.013658536585365854 0.029513888888888888
1 0.5897560975609756 0.2404513888888889 0.02048780487804878 0.046875
1 0.5273170731707317 0.2960069444444444 0.026341463414634145 0.057291666666666664
1 0.593170731707317 0.2916666666666667 0.02926829268292683 0.0625
1 0.6263414634146341 0.2977430555555556 0.033170731707317075 0.07465277777777778
1 0.631219512195122 0.2204861111111111 0.023414634146341463 0.04513888888888889
1 0.6336585365853659 0.24913194444444445 0.024390243902439025 0.046875
1 0.6702439024390244 0.21961805555555555 0.025365853658536587 0.046875
1 0.6629268292682927 0.1875 0.02048780487804878 0.041666666666666664
1 0.6658536585365854 0.2786458333333333 0.024390243902439025 0.046875
1 0.6760975609756098 0.3315972222222222 0.0351219512195122 0.06944444444444445
1 0.7360975609756097 0.3385416666666667 0.03609756097560975 0.06597222222222222
1 0.806829268292683 0.3090277777777778 0.02926829268292683 0.06597222222222222
1 0.8351219512195122 0.3463541666666667 0.033170731707317075 0.0642361111111111
1 0.8575609756097561 0.3072916666666667 0.02926829268292683 0.059027777777777776
1 0.891219512195122 0.3949652777777778 0.02829268292682927 0.07465277777777778
1 0.9082926829268293 0.3263888888888889 0.023414634146341463 0.0625
1 0.86 0.2404513888888889 0.0224390243902439 0.043402777777777776
1 0.8853658536585366 0.2421875 0.02048780487804878 0.050347222222222224
1 0.9385365853658536 0.2907986111111111 0.025365853658536587 0.043402777777777776
1 0.9360975609756098 0.24305555555555555 0.018536585365853658 0.03819444444444445
1 0.9439024390243902 0.2109375 0.014634146341463415 0.036458333333333336
1 0.9414634146341463 0.1779513888888889 0.013658536585365854 0.036458333333333336
1 0.8946341463414634 0.2013888888888889 0.015609756097560976 0.03819444444444445
1 0.904390243902439 0.16493055555555555 0.015609756097560976 0.034722222222222224
1 0.8678048780487805 0.19010416666666666 0.016585365853658537 0.029513888888888888
1 0.853170731707317 0.20572916666666666 0.014634146341463415 0.026041666666666668
1 0.8312195121951219 0.18836805555555555 0.021463414634146343 0.043402777777777776
1 0.8453658536585366 0.1605902777777778 0.018536585365853658 0.03993055555555555
1 0.8121951219512196 0.20833333333333334 0.02048780487804878 0.041666666666666664
1 0.7736585365853659 0.22916666666666666 0.027317073170731707 0.04513888888888889
1 0.7195121951219512 0.22743055555555555 0.026341463414634145 0.04513888888888889
1 0.7053658536585365 0.20572916666666666 0.01951219512195122 0.043402777777777776
1 0.7 0.1814236111111111 0.016585365853658537 0.03298611111111111
1 0.7195121951219512 0.17447916666666666 0.016585365853658537 0.022569444444444444
1 0.7492682926829268 0.1362847222222222 0.013658536585365854 0.036458333333333336
1 0.7575609756097561 0.1623263888888889 0.016585365853658537 0.036458333333333336
1 0.74 0.1875 0.02048780487804878 0.041666666666666664
1 0.7790243902439025 0.1909722222222222 0.02048780487804878 0.03819444444444445
1 0.7985365853658537 0.1701388888888889 0.014634146341463415 0.034722222222222224
1 0.7834146341463415 0.1449652777777778 0.013658536585365854 0.03298611111111111
1 0.7639024390243903 0.1371527777777778 0.013658536585365854 0.027777777777777776
1 0.8102439024390244 0.2682291666666667 0.026341463414634145 0.050347222222222224