1 0.1955128205128205 0.44751908396946566 0.04487179487179487 0.08206106870229007
1 0.057158119658119656 0.24427480916030533 0.018162393162393164 0.03435114503816794
1 0.04807692307692308 0.2643129770992366 0.017094017094017096 0.03244274809160305
1 0.09241452991452992 0.2299618320610687 0.016025641025641024 0.03244274809160305
1 0.10096153846153846 0.24427480916030533 0.016025641025641024 0.04198473282442748
1 0.2954059829059829 0.22614503816793893 0.022435897435897436 0.03244274809160305
1 0.6127136752136753 0.10591603053435114 0.013888888888888888 0.03244274809160305
1 0.5817307692307693 0.11068702290076336 0.016025641025641024 0.030534351145038167
1 0.5726495726495726 0.125 0.021367521367521368 0.03244274809160305
1 0.6522435897435898 0.1049618320610687 0.013888888888888888 0.022900763358778626
1 0.6810897435897436 0.10973282442748092 0.013888888888888888 0.02480916030534351
1 0.43482905982905984 0.17461832061068702 0.019230769230769232 0.02862595419847328
1 0.4722222222222222 0.15553435114503816 0.017094017094017096 0.04007633587786259
1 0.328525641025641 0.18893129770992367 0.018162393162393164 0.03435114503816794
1 0.3547008547008547 0.19751908396946566 0.019230769230769232 0.03244274809160305
1 0.37927350427350426 0.19942748091603055 0.021367521367521368 0.04389312977099236
1 0.406517094017094 0.19083969465648856 0.022435897435897436 0.03816793893129771
1 0.4909188034188034 0.13931297709923665 0.0202991452991453 0.04198473282442748
1 0.5219017094017094 0.07347328244274809 0.018162393162393164 0.02480916030534351
1 0.3317307692307692 0.24141221374045801 0.028846153846153848 0.03625954198473282
1 0.36164529914529914 0.24045801526717558 0.0202991452991453 0.030534351145038167
1 0.5117521367521367 0.15171755725190839 0.017094017094017096 0.04389312977099236
1 0.5256410256410257 0.13263358778625955 0.019230769230769232 0.04007633587786259
1 0.38354700854700857 0.24904580152671757 0.019230769230769232 0.03244274809160305
1 0.42467948717948717 0.25190839694656486 0.026709401709401708 0.03816793893129771
1 0.4855769230769231 0.20229007633587787 0.0202991452991453 0.04198473282442748
1 0.5486111111111112 0.14694656488549618 0.018162393162393164 0.03816793893129771
1 0.49198717948717946 0.25 0.024572649572649572 0.04961832061068702
1 0.5363247863247863 0.20229007633587787 0.023504273504273504 0.04198473282442748
1 0.5822649572649573 0.17080152671755724 0.014957264957264958 0.03625954198473282
1 0.6330128205128205 0.14885496183206107 0.016025641025641024 0.03816793893129771
1 0.5721153846153846 0.26717557251908397 0.022435897435897436 0.04580152671755725
1 0.7040598290598291 0.10973282442748092 0.014957264957264958 0.04007633587786259
1 0.6698717948717948 0.1803435114503817 0.019230769230769232 0.03625954198473282
1 0.6196581196581197 0.21087786259541985 0.023504273504273504 0.04007633587786259
1 0.6159188034188035 0.2881679389312977 0.026709401709401708 0.05725190839694656
1 0.6485042735042735 0.3368320610687023 0.03418803418803419 0.06297709923664122
1 0.6746794871794872 0.2814885496183206 0.022435897435897436 0.04770992366412214
1 0.5993589743589743 0.23377862595419846 0.023504273504273504 0.04770992366412214
1 0.7013888888888888 0.19561068702290077 0.024572649572649572 0.04389312977099236
1 0.7088675213675214 0.15935114503816794 0.016025641025641024 0.03625954198473282
1 0.7569444444444444 0.13454198473282442 0.0202991452991453 0.03625954198473282
1 0.7900641025641025 0.1383587786259542 0.013888888888888888 0.04007633587786259
1 0.8066239316239316 0.15171755725190839 0.014957264957264958 0.03625954198473282
1 0.7516025641025641 0.20229007633587787 0.0202991452991453 0.03435114503816794
1 0.7131410256410257 0.24713740458015268 0.026709401709401708 0.04770992366412214
1 0.7649572649572649 0.25 0.023504273504273504 0.04198473282442748
1 0.8012820512820513 0.21946564885496184 0.021367521367521368 0.03816793893129771
1 0.813034188034188 0.2652671755725191 0.019230769230769232 0.03816793893129771
1 0.7564102564102564 0.3101145038167939 0.029914529914529916 0.05534351145038168
1 0.7483974358974359 0.3883587786259542 0.028846153846153848 0.05916030534351145
1 0.8231837606837606 0.3969465648854962 0.026709401709401708 0.06870229007633588
1 0.9107905982905983 0.10782442748091603 0.018162393162393164 0.04389312977099236
1 0.9358974358974359 0.22805343511450382 0.014957264957264958 0.04770992366412214
1 0.8835470085470085 0.24045801526717558 0.017094017094017096 0.04198473282442748
1 0.8643162393162394 0.28053435114503816 0.023504273504273504 0.04961832061068702
1 0.9273504273504274 0.3062977099236641 0.019230769230769232 0.05152671755725191
1 0.8360042735042735 0.3110687022900763 0.024572649572649572 0.05343511450381679
1 0.9113247863247863 0.34923664122137404 0.023504273504273504 0.05343511450381679
1 0.8974358974358975 0.4131679389312977 0.03205128205128205 0.07824427480916031
1 0.30982905982905984 0.23473282442748092 0.017094017094017096 0.030534351145038167
1 0.44925213675213677 0.15076335877862596 0.016025641025641024 0.03435114503816794
1 0.7441239316239316 0.1736641221374046 0.018162393162393164 0.030534351145038167
1 0.657051282051282 0.1383587786259542 0.01282051282051282 0.02480916030534351
1 0.6917735042735043 0.11736641221374046 0.013888888888888888 0.02862595419847328
1 0.42895299145299143 0.14790076335877864 0.016025641025641024 0.02480916030534351
1 0.5961538461538461 0.14217557251908397 0.021367521367521368 0.04389312977099236
1 0.452991452991453 0.22519083969465647 0.023504273504273504 0.04580152671755725