1 0.6111111111111112 0.6079136690647482 0.06575963718820861 0.09352517985611511
1 0.35600907029478457 0.45323741007194246 0.031746031746031744 0.05755395683453238
1 0.47959183673469385 0.6294964028776978 0.05668934240362812 0.1079136690647482
1 0.41156462585034015 0.7553956834532374 0.09297052154195011 0.1510791366906475
1 0.3424036281179138 0.5827338129496403 0.049886621315192746 0.08633093525179857
1 0.21882086167800455 0.7014388489208633 0.07936507936507936 0.1366906474820144
1 0.2018140589569161 0.5593525179856115 0.036281179138321996 0.0539568345323741
1 0.2562358276643991 0.591726618705036 0.045351473922902494 0.0683453237410072
1 0.10090702947845805 0.6996402877697842 0.07482993197278912 0.12589928057553956
1 0.045351473922902494 0.6474820143884892 0.05895691609977324 0.08633093525179857
1 0.02040816326530612 0.5935251798561151 0.036281179138321996 0.06474820143884892
1 0.1326530612244898 0.5665467625899281 0.02947845804988662 0.046762589928057555