1 0.40118577075098816 0.24561403508771928 0.021739130434782608 0.042105263157894736
1 0.39031620553359686 0.2412280701754386 0.015810276679841896 0.03333333333333333
1 0.37648221343873517 0.2026315789473684 0.023715415019762844 0.04736842105263158
1 0.4174901185770751 0.2 0.016798418972332016 0.03508771929824561
1 0.43132411067193677 0.20350877192982456 0.016798418972332016 0.042105263157894736
1 0.450098814229249 0.25 0.024703557312252964 0.054385964912280704
1 0.47134387351778656 0.21140350877192982 0.019762845849802372 0.04035087719298246
1 0.43280632411067194 0.17017543859649123 0.01383399209486166 0.028070175438596492
1 0.4125494071146245 0.16403508771929826 0.012845849802371542 0.03684210526315789
1 0.4624505928853755 0.16666666666666666 0.015810276679841896 0.031578947368421054
1 0.4980237154150198 0.2 0.021739130434782608 0.03859649122807018
1 0.5163043478260869 0.22280701754385965 0.020750988142292492 0.042105263157894736
1 0.532608695652174 0.19912280701754387 0.019762845849802372 0.05087719298245614
1 0.5543478260869565 0.1675438596491228 0.017786561264822136 0.03684210526315789
1 0.5370553359683794 0.1570175438596491 0.014822134387351778 0.04035087719298246
1 0.5291501976284585 0.1456140350877193 0.012845849802371542 0.028070175438596492
1 0.4955533596837945 0.12192982456140351 0.012845849802371542 0.02280701754385965
1 0.48616600790513836 0.15526315789473685 0.015810276679841896 0.03684210526315789
1 0.4654150197628458 0.14385964912280702 0.01383399209486166 0.028070175438596492
1 0.491600790513834 0.14210526315789473 0.016798418972332016 0.02456140350877193
1 0.5597826086956522 0.12982456140350876 0.008893280632411068 0.02456140350877193
1 0.575592885375494 0.14210526315789473 0.016798418972332016 0.03508771929824561
1 0.6017786561264822 0.1649122807017544 0.017786561264822136 0.031578947368421054
1 0.6002964426877471 0.13596491228070176 0.012845849802371542 0.02631578947368421
1 0.599802371541502 0.11491228070175438 0.01383399209486166 0.02631578947368421
1 0.6230237154150198 0.10175438596491228 0.012845849802371542 0.021052631578947368
1 0.6225296442687747 0.12719298245614036 0.011857707509881422 0.02280701754385965
1 0.6487154150197628 0.1482456140350877 0.016798418972332016 0.03333333333333333
1 0.6556324110671937 0.11228070175438597 0.016798418972332016 0.031578947368421054
1 0.6907114624505929 0.12280701754385964 0.015810276679841896 0.031578947368421054
1 0.7040513833992095 0.11578947368421053 0.014822134387351778 0.031578947368421054
1 0.6254940711462451 0.21403508771929824 0.017786561264822136 0.03859649122807018
1 0.6067193675889329 0.25701754385964914 0.029644268774703556 0.05789473684210526
1 0.5612648221343873 0.2710526315789474 0.025691699604743084 0.04736842105263158
1 0.6329051383399209 0.2964912280701754 0.036561264822134384 0.05263157894736842
1 0.6823122529644269 0.3570175438596491 0.03458498023715415 0.06842105263157895
1 0.758399209486166 0.3456140350877193 0.05039525691699605 0.10526315789473684
1 0.7425889328063241 0.27017543859649124 0.030632411067193676 0.06666666666666667
1 0.7564229249011858 0.24298245614035088 0.024703557312252964 0.05087719298245614
1 0.7564229249011858 0.19649122807017544 0.020750988142292492 0.03859649122807018
1 0.7445652173913043 0.1649122807017544 0.016798418972332016 0.03859649122807018
1 0.7257905138339921 0.15350877192982457 0.016798418972332016 0.03333333333333333
1 0.717391304347826 0.16052631578947368 0.015810276679841896 0.03684210526315789
1 0.7159090909090909 0.19912280701754387 0.016798418972332016 0.03684210526315789
1 0.6788537549407114 0.18771929824561404 0.019762845849802372 0.042105263157894736
1 0.758399209486166 0.1394736842105263 0.012845849802371542 0.02982456140350877
1 0.7821146245059288 0.13333333333333333 0.012845849802371542 0.03508771929824561
1 0.7924901185770751 0.15789473684210525 0.01383399209486166 0.03859649122807018
1 0.8028656126482213 0.1780701754385965 0.018774703557312252 0.04035087719298246
1 0.7949604743083004 0.21052631578947367 0.016798418972332016 0.03859649122807018
1 0.8206521739130435 0.27456140350877195 0.022727272727272728 0.05087719298245614
1 0.8428853754940712 0.22280701754385965 0.015810276679841896 0.03859649122807018
1 0.8270750988142292 0.18333333333333332 0.015810276679841896 0.043859649122807015
1 0.8404150197628458 0.16140350877192983 0.018774703557312252 0.03859649122807018
1 0.8572134387351779 0.18421052631578946 0.014822134387351778 0.03508771929824561
1 0.8784584980237155 0.1763157894736842 0.015810276679841896 0.03333333333333333
1 0.8720355731225297 0.2614035087719298 0.020750988142292492 0.05263157894736842
1 0.8591897233201581 0.31842105263157894 0.024703557312252964 0.06140350877192982
1 0.9253952569169961 0.3201754385964912 0.0266798418972332 0.054385964912280704
1 0.8863636363636364 0.24385964912280703 0.017786561264822136 0.0456140350877193
1 0.9051383399209486 0.22017543859649122 0.015810276679841896 0.04035087719298246
1 0.8967391304347826 0.193859649122807 0.012845849802371542 0.02982456140350877
1 0.9372529644268774 0.1692982456140351 0.016798418972332016 0.03684210526315789
1 0.9407114624505929 0.19824561403508772 0.01383399209486166 0.03508771929824561
1 0.9456521739130435 0.22017543859649122 0.019762845849802372 0.03333333333333333
1 0.9303359683794467 0.24649122807017543 0.014822134387351778 0.04035087719298246