1 0.14291736930860033 0.5204225352112676 0.04468802698145025 0.07746478873239436
1 0.23735244519392917 0.3323943661971831 0.0193929173693086 0.03380281690140845
1 0.27107925801011806 0.34225352112676055 0.024451939291736932 0.04225352112676056
1 0.2917369308600337 0.37183098591549296 0.023608768971332208 0.03943661971830986
1 0.29468802698145025 0.30140845070422534 0.021079258010118045 0.030985915492957747
1 0.34865092748735244 0.35774647887323946 0.024451939291736932 0.04225352112676056
1 0.36593591905564926 0.32535211267605635 0.02023608768971332 0.03380281690140845
1 0.36382799325463744 0.2964788732394366 0.021079258010118045 0.02676056338028169
1 0.403035413153457 0.25985915492957745 0.01854974704890388 0.029577464788732393
1 0.4211635750421585 0.3302816901408451 0.022765598650927487 0.04084507042253521
1 0.4169477234401349 0.2971830985915493 0.0193929173693086 0.03380281690140845
1 0.45784148397976393 0.3352112676056338 0.025295109612141653 0.03943661971830986
1 0.49325463743676223 0.39929577464788735 0.03372681281618887 0.06056338028169014
1 0.44645868465430016 0.326056338028169 0.01770657672849916 0.035211267605633804
1 0.43802698145025293 0.2563380281690141 0.01770657672849916 0.028169014084507043
1 0.4565767284991568 0.2556338028169014 0.016020236087689713 0.035211267605633804
1 0.47681281618887017 0.2380281690140845 0.01433389544688027 0.028169014084507043
1 0.48650927487352447 0.2964788732394366 0.02023608768971332 0.038028169014084505
1 0.5227655986509275 0.2605633802816901 0.013490725126475547 0.028169014084507043
1 0.5396290050590219 0.2746478873239437 0.01854974704890388 0.036619718309859155
1 0.5602866779089376 0.24929577464788732 0.01770657672849916 0.036619718309859155
1 0.5733558178752108 0.2267605633802817 0.01854974704890388 0.030985915492957747
1 0.5876897133220911 0.21549295774647886 0.01517706576728499 0.028169014084507043
1 0.5881112984822934 0.24084507042253522 0.01433389544688027 0.030985915492957747
1 0.5990725126475548 0.2563380281690141 0.01433389544688027 0.030985915492957747
1 0.5708263069139966 0.2767605633802817 0.01854974704890388 0.035211267605633804
1 0.5206576728499157 0.3176056338028169 0.0193929173693086 0.04366197183098591
1 0.5526981450252951 0.35352112676056335 0.024451939291736932 0.05070422535211268
1 0.6180438448566611 0.3767605633802817 0.026981450252951095 0.05211267605633803
1 0.5240303541315345 0.47676056338028167 0.03288364249578415 0.05211267605633803
1 0.612141652613828 0.4471830985915493 0.03204047217537943 0.07183098591549296
1 0.6513490725126475 0.4612676056338028 0.03625632377740304 0.07183098591549296
1 0.6707419898819561 0.3711267605633803 0.02782462057335582 0.06056338028169014
1 0.7086846543001686 0.35774647887323946 0.02782462057335582 0.04788732394366197
1 0.6201517706576728 0.3211267605633803 0.031197301854974706 0.05070422535211268
1 0.6505059021922428 0.2971830985915493 0.022765598650927487 0.04225352112676056
1 0.6193086003372681 0.24295774647887325 0.016020236087689713 0.035211267605633804
1 0.6197301854974705 0.21901408450704227 0.013490725126475547 0.02112676056338028
1 0.6247892074198989 0.20211267605633804 0.011804384485666104 0.023943661971830985
1 0.6441821247892074 0.21056338028169014 0.011804384485666104 0.023943661971830985
1 0.647133220910624 0.2415492957746479 0.016020236087689713 0.02676056338028169
1 0.657672849915683 0.2211267605633803 0.013490725126475547 0.028169014084507043
1 0.68929173693086 0.27887323943661974 0.0193929173693086 0.04507042253521127
1 0.6998313659359191 0.31408450704225355 0.016863406408094434 0.036619718309859155
1 0.7247048903878583 0.2964788732394366 0.024451939291736932 0.038028169014084505
1 0.7259696458684655 0.24859154929577465 0.016863406408094434 0.0323943661971831
1 0.6922428330522765 0.22746478873239437 0.011804384485666104 0.02676056338028169
1 0.6901349072512648 0.20492957746478874 0.010961214165261383 0.023943661971830985
1 0.7057335581787522 0.22746478873239437 0.013490725126475547 0.029577464788732393
1 0.7504215851602024 0.24788732394366197 0.016863406408094434 0.036619718309859155
1 0.7567453625632378 0.23591549295774647 0.01433389544688027 0.02676056338028169
1 0.7660202360876898 0.23380281690140844 0.010961214165261383 0.02535211267605634
1 0.8026981450252951 0.23450704225352112 0.016863406408094434 0.02676056338028169
1 0.7934232715008431 0.25985915492957745 0.01517706576728499 0.02676056338028169
1 0.806070826306914 0.2795774647887324 0.01517706576728499 0.035211267605633804
1 0.8330522765598651 0.24366197183098592 0.01517706576728499 0.030985915492957747
1 0.8452782462057336 0.2661971830985915 0.0193929173693086 0.036619718309859155
1 0.8309443507588533 0.29225352112676056 0.016020236087689713 0.035211267605633804
1 0.836424957841484 0.35563380281690143 0.025295109612141653 0.04647887323943662
1 0.8111298482293423 0.428169014084507 0.02866779089376054 0.056338028169014086
1 0.7415682967959528 0.39929577464788735 0.03288364249578415 0.054929577464788736
1 0.7221753794266442 0.5401408450704225 0.03794266441821248 0.07746478873239436
1 0.8419055649241147 0.5056338028169014 0.04131534569983136 0.07323943661971831
1 0.8646711635750421 0.45 0.031197301854974706 0.06901408450704226
1 0.8823777403035413 0.3936619718309859 0.026138279932546374 0.057746478873239436
1 0.8946037099494097 0.3352112676056338 0.02023608768971332 0.04507042253521127
1 0.8680438448566611 0.31408450704225355 0.021079258010118045 0.04225352112676056
1 0.8693086003372681 0.2711267605633803 0.016863406408094434 0.035211267605633804
1 0.8676222596964587 0.2528169014084507 0.01854974704890388 0.029577464788732393
1 0.8798482293423272 0.2633802816901408 0.016020236087689713 0.030985915492957747
1 0.9047217537942664 0.2549295774647887 0.01854974704890388 0.03380281690140845
1 0.9215851602023609 0.2795774647887324 0.02023608768971332 0.04366197183098591
1 0.9089376053962901 0.31338028169014087 0.01517706576728499 0.035211267605633804
1 0.9498313659359191 0.4640845070422535 0.02951096121416526 0.054929577464788736
1 0.9325463743676222 0.4387323943661972 0.02023608768971332 0.0323943661971831
1 0.9515177065767285 0.35492957746478876 0.0193929173693086 0.04225352112676056
1 0.9447723440134908 0.3126760563380282 0.0193929173693086 0.04507042253521127
1 0.9595278246205734 0.302112676056338 0.01517706576728499 0.04084507042253521
1 0.9616357504215851 0.2711267605633803 0.01770657672849916 0.029577464788732393