1 0.0675 0.41 0.055 0.08666666666666667
1 0.17 0.49166666666666664 0.105 0.15666666666666668
1 0.17375 0.4033333333333333 0.0425 0.07333333333333333
1 0.20375 0.39666666666666667 0.0375 0.07333333333333333
1 0.23875 0.43 0.0625 0.10666666666666667
1 0.26375 0.38666666666666666 0.0625 0.09333333333333334
1 0.4175 0.49666666666666665 0.115 0.18666666666666668
1 0.4975 0.41333333333333333 0.07 0.12666666666666668
1 0.455 0.38333333333333336 0.055 0.10666666666666667
1 0.64625 0.6 0.1375 0.20666666666666667
1 0.82375 0.4066666666666667 0.0925 0.14666666666666667
1 0.87875 0.4583333333333333 0.1125 0.15666666666666668