1 0.17626953125 0.8420621931260229 0.1650390625 0.29623567921440264
1 0.4287109375 0.7880523731587561 0.1640625 0.2896890343698854
1 0.75146484375 0.5842880523731587 0.1025390625 0.19639934533551553
1 0.78515625 0.48036006546644844 0.080078125 0.13584288052373159
1 0.724609375 0.34615384615384615 0.048828125 0.0867430441898527
1 0.708984375 0.2692307692307692 0.02734375 0.057283142389525366
1 0.6494140625 0.2725040916530278 0.02734375 0.054009819967266774
1 0.62255859375 0.3248772504091653 0.0400390625 0.06382978723404255
1 0.578125 0.27577741407528644 0.025390625 0.04746317512274959
1 0.49755859375 0.27086743044189854 0.0263671875 0.05073649754500818
1 0.4833984375 0.33469721767594107 0.041015625 0.08346972176759411
1 0.498046875 0.41243862520458263 0.0703125 0.10801963993453355
1 0.40185546875 0.24959083469721768 0.0244140625 0.04746317512274959
1 0.44677734375 0.25040916530278234 0.0224609375 0.049099836333878884
1 0.44921875 0.3117839607201309 0.041015625 0.07692307692307693
1 0.36083984375 0.34206219312602293 0.0517578125 0.09165302782324058
1 0.345703125 0.2618657937806874 0.03515625 0.07201309328968904
1 0.33154296875 0.2397708674304419 0.0166015625 0.031096563011456628
1 0.30859375 0.2528641571194763 0.0234375 0.03436988543371522
1 0.27978515625 0.2332242225859247 0.0224609375 0.04091653027823241
1 0.2373046875 0.28477905073649756 0.037109375 0.06546644844517185
1 0.18359375 0.34779050736497547 0.05859375 0.09983633387888707
1 0.76318359375 0.3109656301145663 0.0322265625 0.05237315875613748
1 0.76123046875 0.27577741407528644 0.0244140625 0.044189852700491
1 0.7841796875 0.2905073649754501 0.017578125 0.044189852700491
1 0.85498046875 0.3739770867430442 0.0439453125 0.07692307692307693
1 0.9599609375 0.3518821603927987 0.0390625 0.06546644844517185
1 0.95166015625 0.31260229132569556 0.0283203125 0.049099836333878884