1 0.07906712172923777 0.30184804928131415 0.023890784982935155 0.049281314168377825
1 0.3185437997724687 0.23408624229979466 0.01820250284414107 0.049281314168377825
1 0.3378839590443686 0.18583162217659138 0.020477815699658702 0.039014373716632446
1 0.35551763367463024 0.2032854209445585 0.017064846416382253 0.03285420944558522
1 0.41865756541524457 0.20123203285420946 0.01820250284414107 0.03696098562628337
1 0.42377701934015927 0.175564681724846 0.01478953356086462 0.039014373716632446
1 0.4539249146757679 0.2053388090349076 0.01820250284414107 0.04106776180698152
1 0.4459613196814562 0.1540041067761807 0.015927189988623434 0.03285420944558522
1 0.47838452787258245 0.18583162217659138 0.017064846416382253 0.039014373716632446
1 0.4857792946530148 0.22587268993839835 0.022753128555176336 0.049281314168377825
1 0.46928327645051193 0.15195071868583163 0.012514220705346985 0.028747433264887063
1 0.4738339021615472 0.13039014373716631 0.01478953356086462 0.03490759753593429
1 0.48976109215017066 0.1591375770020534 0.01478953356086462 0.030800821355236138
1 0.515358361774744 0.162217659137577 0.015927189988623434 0.04106776180698152
1 0.5056882821387941 0.14271047227926079 0.01478953356086462 0.026694045174537988
1 0.5170648464163823 0.11396303901437371 0.01478953356086462 0.026694045174537988
1 0.5295790671217292 0.12833675564681724 0.01478953356086462 0.026694045174537988
1 0.5381114903299203 0.14887063655030802 0.013651877133105802 0.030800821355236138
1 0.5494880546075085 0.1673511293634497 0.013651877133105802 0.03490759753593429
1 0.5523321956769056 0.188911704312115 0.019340159271899887 0.03285420944558522
1 0.5540386803185438 0.11909650924024641 0.011376564277588168 0.024640657084188913
1 0.5620022753128555 0.14476386036960986 0.013651877133105802 0.030800821355236138
1 0.5870307167235495 0.16324435318275154 0.01820250284414107 0.039014373716632446
1 0.6012514220705347 0.13963039014373715 0.012514220705346985 0.028747433264887063
1 0.5938566552901023 0.11088295687885011 0.013651877133105802 0.028747433264887063
1 0.6069397042093287 0.12012320328542095 0.012514220705346985 0.026694045174537988
1 0.6097838452787259 0.1026694045174538 0.011376564277588168 0.028747433264887063
1 0.6313993174061433 0.14476386036960986 0.013651877133105802 0.030800821355236138
1 0.6325369738339022 0.11601642710472279 0.015927189988623434 0.026694045174537988
1 0.6456200227531286 0.10882956878850103 0.012514220705346985 0.028747433264887063
1 0.6507394766780432 0.14271047227926079 0.011376564277588168 0.026694045174537988
1 0.6581342434584755 0.1324435318275154 0.012514220705346985 0.022587268993839837
1 0.6666666666666666 0.11396303901437371 0.011376564277588168 0.022587268993839837
1 0.689419795221843 0.12217659137577003 0.013651877133105802 0.026694045174537988
1 0.5779294653014789 0.25256673511293637 0.02502844141069397 0.053388090349075976
1 0.5130830489192264 0.29055441478439425 0.027303754266211604 0.059548254620123205
1 0.5915813424345847 0.3069815195071869 0.02957906712172924 0.06776180698151951
1 0.5819112627986348 0.2874743326488706 0.02161547212741752 0.049281314168377825
1 0.6308304891922639 0.25770020533880905 0.023890784982935155 0.055441478439425054
1 0.6262798634812287 0.2053388090349076 0.023890784982935155 0.045174537987679675
1 0.6746302616609784 0.2135523613963039 0.020477815699658702 0.053388090349075976
1 0.6632536973833902 0.3264887063655031 0.034129692832764506 0.061601642710472276
1 0.6581342434584755 0.28542094455852157 0.026166097838452786 0.045174537987679675
1 0.7241183162684869 0.2299794661190965 0.02161547212741752 0.049281314168377825
1 0.7047781569965871 0.20123203285420946 0.02161547212741752 0.053388090349075976
1 0.6746302616609784 0.17761806981519507 0.01820250284414107 0.04722792607802875
1 0.7110352673492605 0.162217659137577 0.015927189988623434 0.03696098562628337
1 0.7508532423208191 0.1273100616016427 0.01820250284414107 0.04106776180698152
1 0.7383390216154722 0.175564681724846 0.01820250284414107 0.043121149897330596
1 0.7656427758816837 0.14989733059548255 0.015927189988623434 0.03696098562628337
1 0.770193401592719 0.12320328542094455 0.013651877133105802 0.028747433264887063
1 0.7815699658703071 0.14168377823408623 0.015927189988623434 0.03696098562628337
1 0.7764505119453925 0.18480492813141683 0.017064846416382253 0.03696098562628337
1 0.7895335608646189 0.21149897330595482 0.020477815699658702 0.049281314168377825
1 0.8054607508532423 0.16324435318275154 0.013651877133105802 0.03490759753593429
1 0.8156996587030717 0.19507186858316222 0.01820250284414107 0.04106776180698152
1 0.8282138794084186 0.18172484599589322 0.015927189988623434 0.03490759753593429
1 0.8435722411831627 0.15811088295687886 0.01478953356086462 0.03285420944558522
1 0.8481228668941979 0.18480492813141683 0.017064846416382253 0.03285420944558522
1 0.8452787258248009 0.21560574948665298 0.01820250284414107 0.04106776180698152
1 0.8014789533560864 0.28439425051334705 0.023890784982935155 0.059548254620123205
1 0.8111490329920364 0.2597535934291581 0.02502844141069397 0.04722792607802875
1 0.8299203640500569 0.3069815195071869 0.02844141069397042 0.059548254620123205
1 0.8179749715585893 0.36960985626283366 0.038680318543799774 0.07802874743326489
1 0.6848691695108078 0.37474332648870634 0.040955631399317405 0.08008213552361396
1 0.9004550625711035 0.4322381930184805 0.03981797497155859 0.09240246406570841
1 0.9135381114903299 0.3336755646817248 0.027303754266211604 0.07186858316221766
1 0.8748577929465301 0.25667351129363447 0.02502844141069397 0.049281314168377825
1 0.8862343572241184 0.22279260780287474 0.020477815699658702 0.04722792607802875
1 0.8691695108077361 0.18583162217659138 0.01820250284414107 0.043121149897330596
1 0.875995449374289 0.16119096509240247 0.013651877133105802 0.030800821355236138
1 0.8828213879408419 0.15092402464065707 0.013651877133105802 0.030800821355236138
1 0.9004550625711035 0.16119096509240247 0.01478953356086462 0.030800821355236138
1 0.9118316268486917 0.16632443531827515 0.012514220705346985 0.028747433264887063
1 0.9129692832764505 0.24229979466119098 0.02161547212741752 0.04106776180698152
1 0.9300341296928327 0.28336755646817247 0.023890784982935155 0.049281314168377825
1 0.9323094425483504 0.2351129363449692 0.01478953356086462 0.030800821355236138
1 0.9459613196814562 0.2166324435318275 0.01478953356086462 0.030800821355236138
1 0.9425483503981797 0.17453798767967146 0.019340159271899887 0.04106776180698152