1 0.228125 0.5069444444444444 0.05 0.09166666666666666
1 0.346875 0.49583333333333335 0.046875 0.08055555555555556
1 0.325 0.44027777777777777 0.034375 0.06944444444444445
1 0.43125 0.5305555555555556 0.05625 0.09444444444444444
1 0.459375 0.4791666666666667 0.04375 0.08055555555555556
1 0.440625 0.45555555555555555 0.034375 0.05555555555555555
1 0.5140625 0.4666666666666667 0.034375 0.08333333333333333
1 0.54921875 0.4986111111111111 0.0546875 0.10277777777777777
1 0.575 0.43472222222222223 0.028125 0.05277777777777778
1 0.64453125 0.44722222222222224 0.0296875 0.06111111111111111
1 0.65 0.5666666666666667 0.065625 0.1111111111111111
1 0.71015625 0.46111111111111114 0.0484375 0.07222222222222222
1 0.80234375 0.5166666666666667 0.0890625 0.15555555555555556
1 0.9125 0.475 0.04375 0.09444444444444444
1 0.98125 0.49166666666666664 0.034375 0.10555555555555556
1 0.97265625 0.6805555555555556 0.0546875 0.22777777777777777
1 0.94375 0.4638888888888889 0.0375 0.09444444444444444