1 0.23021001615508885 0.24617524339360222 0.025848142164781908 0.04728789986091794
1 0.2520193861066236 0.23713490959666203 0.024232633279483037 0.048678720445062586
1 0.28554119547657514 0.26286509040333794 0.018578352180936994 0.030598052851182198
1 0.30290791599353795 0.27885952712100137 0.0210016155088853 0.04033379694019471
1 0.324313408723748 0.23852573018080667 0.020193861066235864 0.043115438108484005
1 0.3525848142164782 0.23713490959666203 0.02665589660743134 0.0458970792767733
1 0.3505654281098546 0.20584144645340752 0.024232633279483037 0.04172461752433936
1 0.4507269789983845 0.1905424200278164 0.029079159935379646 0.04728789986091794
1 0.5258481421647819 0.2760778859527121 0.029079159935379646 0.05146036161335188
1 0.5831987075928917 0.29694019471488176 0.029079159935379646 0.0458970792767733
1 0.6122778675282714 0.3143254520166898 0.029079159935379646 0.0584144645340751