1 0.19496268656716417 0.4477124183006536 0.05037313432835821 0.1111111111111111
1 0.25699626865671643 0.43790849673202614 0.0457089552238806 0.10130718954248366
1 0.31343283582089554 0.2777777777777778 0.024253731343283583 0.042483660130718956
1 0.36380597014925375 0.2565359477124183 0.020522388059701493 0.0392156862745098
1 0.40951492537313433 0.23774509803921567 0.018656716417910446 0.03758169934640523
1 0.42630597014925375 0.2761437908496732 0.022388059701492536 0.0457516339869281
1 0.447294776119403 0.2181372549019608 0.01958955223880597 0.04411764705882353
1 0.44636194029850745 0.1830065359477124 0.021455223880597014 0.0392156862745098
1 0.4701492537313433 0.19362745098039216 0.020522388059701493 0.04411764705882353
1 0.4006529850746269 0.1323529411764706 0.01958955223880597 0.032679738562091505
1 0.4118470149253731 0.11274509803921569 0.017723880597014924 0.03594771241830065
1 0.4533582089552239 0.14950980392156862 0.013059701492537313 0.027777777777777776
1 0.46781716417910446 0.1527777777777778 0.01585820895522388 0.024509803921568627
1 0.5289179104477612 0.13725490196078433 0.013059701492537313 0.032679738562091505
1 0.5480410447761194 0.15441176470588236 0.013992537313432836 0.03104575163398693
1 0.5750932835820896 0.1576797385620915 0.01958955223880597 0.03104575163398693
1 0.534981343283582 0.20179738562091504 0.025186567164179104 0.03758169934640523
1 0.652518656716418 0.25326797385620914 0.028917910447761194 0.049019607843137254
1 0.710820895522388 0.28921568627450983 0.027985074626865673 0.05555555555555555
1 0.7681902985074627 0.25980392156862747 0.02332089552238806 0.049019607843137254
1 0.6875 0.1527777777777778 0.020522388059701493 0.04084967320261438
1 0.707089552238806 0.14787581699346405 0.016791044776119403 0.03758169934640523
1 0.7276119402985075 0.15359477124183007 0.018656716417910446 0.03594771241830065
1 0.7481343283582089 0.14297385620915032 0.014925373134328358 0.03758169934640523
1 0.769589552238806 0.15849673202614378 0.016791044776119403 0.032679738562091505
1 0.7985074626865671 0.17892156862745098 0.016791044776119403 0.03758169934640523
1 0.8101679104477612 0.1323529411764706 0.01585820895522388 0.029411764705882353
1 0.875 0.22712418300653595 0.018656716417910446 0.0457516339869281