1 0.9077669902912622 0.4416243654822335 0.031067961165048542 0.07445008460236886
1 0.9233009708737864 0.35194585448392557 0.019417475728155338 0.05752961082910321
1 0.9325242718446602 0.28510998307952623 0.018446601941747572 0.049069373942470386
1 0.933495145631068 0.22927241962774958 0.014563106796116505 0.038917089678511
1 0.8936893203883495 0.2326565143824027 0.01650485436893204 0.04230118443316413
1 0.8796116504854369 0.25888324873096447 0.019417475728155338 0.04060913705583756
1 0.845631067961165 0.31387478849407785 0.02330097087378641 0.05922165820642978
1 0.8276699029126213 0.40524534686971236 0.02815533980582524 0.06598984771573604
1 0.7825242718446602 0.3130287648054145 0.019417475728155338 0.050761421319796954
1 0.7635922330097087 0.38747884940778343 0.02815533980582524 0.05752961082910321
1 0.7597087378640777 0.28849407783417935 0.020388349514563107 0.049069373942470386
1 0.779126213592233 0.23857868020304568 0.018446601941747572 0.043993231810490696
1 0.8101941747572815 0.22927241962774958 0.01650485436893204 0.038917089678511
1 0.824757281553398 0.2546531302876481 0.020388349514563107 0.04568527918781726
1 0.7927184466019418 0.14890016920473773 0.008737864077669903 0.02030456852791878
1 0.8 0.16328257191201354 0.013592233009708738 0.032148900169204735
1 0.8262135922330097 0.1649746192893401 0.011650485436893204 0.032148900169204735
1 0.7684466019417475 0.19289340101522842 0.01650485436893204 0.0338409475465313
1 0.7504854368932039 0.1785109983079526 0.015533980582524271 0.032148900169204735
1 0.7543689320388349 0.13959390862944163 0.011650485436893204 0.025380710659898477
1 0.7621359223300971 0.16159052453468697 0.013592233009708738 0.025380710659898477
1 0.7237864077669903 0.11844331641285956 0.008737864077669903 0.023688663282571912
1 0.7271844660194174 0.15905245346869712 0.011650485436893204 0.030456852791878174
1 0.7077669902912621 0.1649746192893401 0.013592233009708738 0.032148900169204735
1 0.724757281553398 0.1895093062605753 0.01650485436893204 0.03722504230118443
1 0.7354368932038835 0.23011844331641285 0.020388349514563107 0.043993231810490696
1 0.6757281553398058 0.272419627749577 0.019417475728155338 0.043993231810490696
1 0.6699029126213593 0.11252115059221658 0.007766990291262136 0.025380710659898477
1 0.6635922330097087 0.13367174280879865 0.01262135922330097 0.030456852791878174
1 0.6733009708737864 0.18781725888324874 0.01650485436893204 0.03722504230118443
1 0.6902912621359223 0.11844331641285956 0.009708737864077669 0.023688663282571912
1 0.6868932038834952 0.1311336717428088 0.010679611650485437 0.025380710659898477
1 0.6427184466019418 0.1218274111675127 0.009708737864077669 0.023688663282571912
1 0.5990291262135923 0.12098138747884941 0.007766990291262136 0.021996615905245348
1 0.5810679611650486 0.1319796954314721 0.010679611650485437 0.030456852791878174
1 0.6048543689320388 0.1353637901861252 0.009708737864077669 0.02707275803722504
1 0.6184466019417476 0.12267343485617598 0.009708737864077669 0.025380710659898477
1 0.6325242718446602 0.13790186125211507 0.010679611650485437 0.028764805414551606
1 0.6262135922330098 0.16328257191201354 0.013592233009708738 0.03553299492385787
1 0.6320388349514563 0.2225042301184433 0.015533980582524271 0.04230118443316413
1 0.6237864077669902 0.25042301184433163 0.02233009708737864 0.047377326565143825
1 0.5524271844660195 0.13705583756345177 0.011650485436893204 0.02707275803722504
1 0.5728155339805825 0.16243654822335024 0.011650485436893204 0.030456852791878174
1 0.558252427184466 0.15313028764805414 0.009708737864077669 0.028764805414551606
1 0.5558252427184466 0.1700507614213198 0.014563106796116505 0.032148900169204735
1 0.5572815533980583 0.19120135363790186 0.013592233009708738 0.0338409475465313
1 0.5912621359223301 0.18358714043993232 0.013592233009708738 0.038917089678511
1 0.5684466019417476 0.2571912013536379 0.018446601941747572 0.050761421319796954
1 0.5043689320388349 0.13282571912013535 0.008737864077669903 0.021996615905245348
1 0.5174757281553398 0.15228426395939088 0.013592233009708738 0.030456852791878174
1 0.5281553398058253 0.13874788494077833 0.011650485436893204 0.02707275803722504
1 0.5334951456310679 0.16751269035532995 0.01262135922330097 0.0338409475465313
1 0.5082524271844661 0.16328257191201354 0.01262135922330097 0.028764805414551606
1 0.49320388349514566 0.15143824027072758 0.013592233009708738 0.028764805414551606
1 0.46359223300970875 0.1649746192893401 0.010679611650485437 0.025380710659898477
1 0.46747572815533983 0.1548223350253807 0.010679611650485437 0.021996615905245348
1 0.4733009708737864 0.1463620981387479 0.010679611650485437 0.025380710659898477
1 0.470873786407767 0.19627749576988154 0.015533980582524271 0.0338409475465313
1 0.4495145631067961 0.1785109983079526 0.013592233009708738 0.03553299492385787
1 0.4684466019417476 0.233502538071066 0.014563106796116505 0.03722504230118443
1 0.48398058252427184 0.23096446700507614 0.014563106796116505 0.04230118443316413
1 0.5140776699029126 0.20050761421319796 0.01650485436893204 0.038917089678511
1 0.5 0.28341793570219964 0.02330097087378641 0.05583756345177665
1 0.545631067961165 0.3155668358714044 0.02524271844660194 0.05922165820642978
1 0.4286407766990291 0.2436548223350254 0.020388349514563107 0.04060913705583756
1 0.4174757281553398 0.21912013536379019 0.017475728155339806 0.038917089678511
1 0.4242718446601942 0.17766497461928935 0.011650485436893204 0.030456852791878174
1 0.4286407766990291 0.1548223350253807 0.010679611650485437 0.028764805414551606
1 0.3951456310679612 0.188663282571912 0.013592233009708738 0.025380710659898477
1 0.39223300970873787 0.2098138747884941 0.015533980582524271 0.04060913705583756
1 0.3844660194174757 0.2563451776649746 0.021359223300970873 0.04568527918781726
1 0.3533980582524272 0.19035532994923857 0.013592233009708738 0.025380710659898477
1 0.3509708737864078 0.21150592216582065 0.01650485436893204 0.04060913705583756
1 0.35194174757281554 0.2529610829103215 0.014563106796116505 0.038917089678511
1 0.3296116504854369 0.2546531302876481 0.014563106796116505 0.038917089678511
1 0.3155339805825243 0.21996615905245348 0.013592233009708738 0.03722504230118443
1 0.3048543689320388 0.24619289340101522 0.015533980582524271 0.03553299492385787
1 0.6111650485436894 0.3291032148900169 0.02233009708737864 0.05922165820642978
1 0.6786407766990291 0.36209813874788493 0.027184466019417475 0.06429780033840947
1 0.21019417475728155 0.36717428087986465 0.039805825242718446 0.08460236886632826