1 0.06405353728489484 0.2864493996569468 0.0248565965583174 0.051457975986277875
1 0.2767686424474187 0.2144082332761578 0.018164435946462717 0.03773584905660377
1 0.30401529636711283 0.2169811320754717 0.01338432122370937 0.029159519725557463
1 0.3207456978967495 0.22041166380789023 0.014340344168260038 0.036020583190394515
1 0.3522944550669216 0.2221269296740995 0.020076481835564052 0.03945111492281304
1 0.365678776290631 0.25900514579759865 0.02198852772466539 0.044596912521440824
1 0.34703632887189295 0.17409948542024015 0.015296367112810707 0.032590051457975985
1 0.367112810707457 0.18696397941680962 0.015296367112810707 0.030874785591766724
1 0.367112810707457 0.16552315608919382 0.015296367112810707 0.029159519725557463
1 0.384321223709369 0.19811320754716982 0.017208413001912046 0.03945111492281304
1 0.40152963671128106 0.23927958833619212 0.022944550669216062 0.036020583190394515
1 0.42447418738049714 0.25128644939965694 0.021032504780114723 0.04288164665523156
1 0.4115678776290631 0.20411663807890223 0.018164435946462717 0.03430531732418525
1 0.3967495219885277 0.1680960548885077 0.017208413001912046 0.030874785591766724
1 0.42447418738049714 0.1835334476843911 0.015296367112810707 0.03773584905660377
1 0.4173040152963671 0.15437392795883362 0.016252390057361378 0.030874785591766724
1 0.44789674952198855 0.1843910806174957 0.016252390057361378 0.036020583190394515
1 0.45936902485659653 0.2006861063464837 0.018164435946462717 0.03773584905660377
1 0.4445506692160612 0.153516295025729 0.01338432122370937 0.032590051457975985
1 0.47609942638623326 0.14665523156089194 0.015296367112810707 0.032590051457975985
1 0.46749521988527726 0.13979416809605488 0.015296367112810707 0.029159519725557463
1 0.47036328871892924 0.1895368782161235 0.017208413001912046 0.032590051457975985
1 0.5205544933078394 0.17066895368782162 0.018164435946462717 0.03945111492281304
1 0.5530592734225621 0.18524871355060035 0.016252390057361378 0.03773584905660377
1 0.5587954110898662 0.16123499142367068 0.016252390057361378 0.030874785591766724
1 0.49378585086042065 0.1509433962264151 0.014340344168260038 0.03430531732418525
1 0.5105162523900574 0.1320754716981132 0.01338432122370937 0.030874785591766724
1 0.5243785850860421 0.12435677530017153 0.0124282982791587 0.029159519725557463
1 0.5454110898661568 0.1432246998284734 0.014340344168260038 0.029159519725557463
1 0.5310707456978967 0.1620926243567753 0.014340344168260038 0.029159519725557463
1 0.5535372848948374 0.120926243567753 0.015296367112810707 0.029159519725557463
1 0.5803059273422562 0.16895368782161235 0.019120458891013385 0.03945111492281304
1 0.5917782026768642 0.1620926243567753 0.01338432122370937 0.029159519725557463
1 0.5922562141491395 0.10891938250428816 0.010516252390057362 0.022298456260720412
1 0.5999043977055449 0.1346483704974271 0.0124282982791587 0.025728987993138937
1 0.6171128107074569 0.13293310463121785 0.016252390057361378 0.036020583190394515
1 0.6276290630975143 0.1097770154373928 0.010516252390057362 0.02058319039451115
1 0.6424474187380497 0.11320754716981132 0.01338432122370937 0.03430531732418525
1 0.641491395793499 0.14665523156089194 0.017208413001912046 0.032590051457975985
1 0.6486615678776291 0.17667238421955403 0.020076481835564052 0.03773584905660377
1 0.6663479923518164 0.1097770154373928 0.011472275334608031 0.0274442538593482
1 0.6749521988527725 0.120926243567753 0.01338432122370937 0.029159519725557463
1 0.6988527724665392 0.12006861063464837 0.01338432122370937 0.03430531732418525
1 0.7237093690248566 0.14408233276157806 0.019120458891013385 0.03430531732418525
1 0.7413957934990439 0.14150943396226415 0.0124282982791587 0.032590051457975985
1 0.7323135755258127 0.18524871355060035 0.019120458891013385 0.03773584905660377
1 0.6983747609942639 0.17152658662092624 0.014340344168260038 0.03430531732418525
1 0.6787762906309751 0.2169811320754717 0.019120458891013385 0.04288164665523156
1 0.6065965583173997 0.20926243567753003 0.018164435946462717 0.044596912521440824
1 0.5874760994263862 0.22469982847341338 0.02198852772466539 0.048027444253859346
1 0.6290630975143403 0.24957118353344768 0.021032504780114723 0.05660377358490566
1 0.6983747609942639 0.25728987993138935 0.02390057361376673 0.0548885077186964
1 0.7131931166347992 0.24013722126929674 0.019120458891013385 0.0411663807890223
1 0.7041108986615678 0.32332761578044594 0.03154875717017208 0.07375643224699828
1 0.760038240917782 0.3584905660377358 0.030592734225621414 0.06518010291595197
1 0.7877629063097514 0.27958833619210977 0.02676864244741874 0.06174957118353345
1 0.7509560229445507 0.25900514579759865 0.02390057361376673 0.048027444253859346
1 0.7930210325047801 0.20497427101200685 0.018164435946462717 0.036020583190394515
1 0.8307839388145315 0.2555746140651801 0.022944550669216062 0.051457975986277875
1 0.767208413001912 0.13550600343053174 0.008604206500956023 0.024013722126929673
1 0.7729445506692161 0.1483704974271012 0.0124282982791587 0.029159519725557463
1 0.7882409177820268 0.16552315608919382 0.014340344168260038 0.029159519725557463
1 0.7992351816443595 0.12950257289879932 0.011472275334608031 0.029159519725557463
1 0.8140535372848948 0.13807890222984562 0.010516252390057362 0.025728987993138937
1 0.8150095602294455 0.19382504288164665 0.016252390057361378 0.03430531732418525
1 0.8226577437858509 0.1646655231560892 0.0124282982791587 0.030874785591766724
1 0.8365200764818356 0.16295025728987994 0.01338432122370937 0.03773584905660377
1 0.8527724665391969 0.1457975986277873 0.011472275334608031 0.030874785591766724
1 0.862810707456979 0.16895368782161235 0.018164435946462717 0.03945111492281304
1 0.8389101338432122 0.22041166380789023 0.02390057361376673 0.03945111492281304
1 0.8527724665391969 0.2307032590051458 0.017208413001912046 0.036020583190394515
1 0.8876673040152964 0.22727272727272727 0.018164435946462717 0.04288164665523156
1 0.9230401529636711 0.27101200686106347 0.020076481835564052 0.048027444253859346
1 0.9287762906309751 0.22898799313893653 0.014340344168260038 0.03945111492281304
1 0.8981835564053537 0.19382504288164665 0.0124282982791587 0.03430531732418525
1 0.8934034416826003 0.16123499142367068 0.014340344168260038 0.030874785591766724
1 0.9326003824091779 0.1792452830188679 0.010516252390057362 0.025728987993138937
1 0.9326003824091779 0.20668953687821612 0.014340344168260038 0.032590051457975985
1 0.9201720841300192 0.36106346483704976 0.027724665391969407 0.07032590051457976