1 0.26779026217228463 0.3630952380952381 0.05056179775280899 0.0935374149659864
1 0.28323970037453183 0.22534013605442177 0.017790262172284643 0.03571428571428571
1 0.3099250936329588 0.2227891156462585 0.016853932584269662 0.034013605442176874
1 0.31741573033707865 0.24914965986394558 0.02247191011235955 0.04591836734693878
1 0.33754681647940077 0.18112244897959184 0.017790262172284643 0.03571428571428571
1 0.35720973782771537 0.24744897959183673 0.02153558052434457 0.04591836734693878
1 0.37125468164794007 0.18622448979591838 0.019662921348314606 0.03571428571428571
1 0.3782771535580524 0.2100340136054422 0.018726591760299626 0.0391156462585034
1 0.39325842696629215 0.19982993197278912 0.018726591760299626 0.0391156462585034
1 0.37874531835205993 0.17346938775510204 0.015917602996254682 0.027210884353741496
1 0.40308988764044945 0.16156462585034015 0.012172284644194757 0.034013605442176874
1 0.4204119850187266 0.19982993197278912 0.020599250936329586 0.03571428571428571
1 0.40636704119850187 0.23469387755102042 0.018726591760299626 0.04081632653061224
1 0.4208801498127341 0.24319727891156462 0.02153558052434457 0.04421768707482993
1 0.45692883895131087 0.20238095238095238 0.020599250936329586 0.04421768707482993
1 0.4447565543071161 0.18877551020408162 0.013108614232209739 0.030612244897959183
1 0.42228464419475653 0.1488095238095238 0.009363295880149813 0.022108843537414966
1 0.44288389513108617 0.15901360544217688 0.013108614232209739 0.03231292517006803
1 0.426498127340824 0.17091836734693877 0.019662921348314606 0.03231292517006803
1 0.46863295880149813 0.15476190476190477 0.014044943820224719 0.034013605442176874
1 0.4794007490636704 0.1836734693877551 0.018726591760299626 0.04081632653061224
1 0.475187265917603 0.13010204081632654 0.014044943820224719 0.025510204081632654
1 0.4957865168539326 0.1522108843537415 0.017790262172284643 0.03571428571428571
1 0.499063670411985 0.11734693877551021 0.011235955056179775 0.027210884353741496
1 0.5112359550561798 0.1326530612244898 0.0149812734082397 0.034013605442176874
1 0.5182584269662921 0.11904761904761904 0.012172284644194757 0.027210884353741496
1 0.5196629213483146 0.17261904761904762 0.020599250936329586 0.04251700680272109
1 0.5369850187265918 0.13945578231292516 0.014044943820224719 0.034013605442176874
1 0.5482209737827716 0.12755102040816327 0.015917602996254682 0.034013605442176874
1 0.528558052434457 0.15136054421768708 0.014044943820224719 0.034013605442176874
1 0.5510299625468165 0.17517006802721088 0.017790262172284643 0.03741496598639456
1 0.5608614232209738 0.17857142857142858 0.02247191011235955 0.047619047619047616
1 0.5819288389513109 0.17261904761904762 0.019662921348314606 0.04591836734693878
1 0.5650749063670412 0.14285714285714285 0.015917602996254682 0.034013605442176874
1 0.579119850187266 0.10629251700680271 0.014044943820224719 0.02891156462585034
1 0.5922284644194756 0.125 0.012172284644194757 0.02891156462585034
1 0.5987827715355806 0.14710884353741496 0.012172284644194757 0.03571428571428571
1 0.6067415730337079 0.09608843537414966 0.013108614232209739 0.02891156462585034
1 0.601123595505618 0.10629251700680271 0.013108614232209739 0.025510204081632654
1 0.625 0.12329931972789115 0.014044943820224719 0.02891156462585034
1 0.6306179775280899 0.10374149659863946 0.010299625468164793 0.027210884353741496
1 0.6413857677902621 0.14710884353741496 0.016853932584269662 0.04251700680272109
1 0.6465355805243446 0.1360544217687075 0.014044943820224719 0.027210884353741496
1 0.6413857677902621 0.11734693877551021 0.011235955056179775 0.023809523809523808
1 0.6432584269662921 0.10289115646258504 0.013108614232209739 0.02891156462585034
1 0.6732209737827716 0.10884353741496598 0.011235955056179775 0.023809523809523808
1 0.6797752808988764 0.11989795918367346 0.0149812734082397 0.03571428571428571
1 0.6891385767790262 0.10714285714285714 0.013108614232209739 0.027210884353741496
1 0.5627340823970037 0.24319727891156462 0.02247191011235955 0.05102040816326531
1 0.6137640449438202 0.2593537414965986 0.023408239700374533 0.05612244897959184
1 0.6086142322097379 0.22448979591836735 0.02247191011235955 0.04081632653061224
1 0.6601123595505618 0.27465986394557823 0.0299625468164794 0.05952380952380952
1 0.6568352059925093 0.2372448979591837 0.023408239700374533 0.03571428571428571
1 0.6647940074906367 0.18027210884353742 0.020599250936329586 0.04421768707482993
1 0.6680711610486891 0.34438775510204084 0.03277153558052434 0.07653061224489796
1 0.7415730337078652 0.38860544217687076 0.0299625468164794 0.07312925170068027
1 0.7827715355805244 0.30272108843537415 0.028089887640449437 0.07482993197278912
1 0.7602996254681648 0.24489795918367346 0.024344569288389514 0.061224489795918366
1 0.7401685393258427 0.2261904761904762 0.023408239700374533 0.047619047619047616
1 0.7186329588014981 0.2423469387755102 0.023408239700374533 0.05272108843537415
1 0.7059925093632958 0.19047619047619047 0.018726591760299626 0.04421768707482993
1 0.6980337078651685 0.17261904761904762 0.015917602996254682 0.03571428571428571
1 0.7336142322097379 0.16241496598639457 0.017790262172284643 0.0391156462585034
1 0.7308052434456929 0.13945578231292516 0.014044943820224719 0.027210884353741496
1 0.7429775280898876 0.12755102040816327 0.014044943820224719 0.034013605442176874
1 0.7780898876404494 0.1377551020408163 0.013108614232209739 0.034013605442176874
1 0.776685393258427 0.11649659863945579 0.012172284644194757 0.022108843537414966
1 0.7879213483146067 0.1717687074829932 0.015917602996254682 0.034013605442176874
1 0.7972846441947565 0.20408163265306123 0.017790262172284643 0.04081632653061224
1 0.8127340823970037 0.19472789115646258 0.016853932584269662 0.0391156462585034
1 0.825374531835206 0.17006802721088435 0.015917602996254682 0.03741496598639456
1 0.8375468164794008 0.16071428571428573 0.014044943820224719 0.0391156462585034
1 0.8220973782771536 0.1377551020408163 0.0149812734082397 0.034013605442176874
1 0.8057116104868914 0.1377551020408163 0.010299625468164793 0.030612244897959183
1 0.8436329588014981 0.2185374149659864 0.018726591760299626 0.04591836734693878
1 0.8370786516853933 0.26360544217687076 0.024344569288389514 0.047619047619047616
1 0.9087078651685393 0.3673469387755102 0.02902621722846442 0.061224489795918366
1 0.8909176029962547 0.22448979591836735 0.023408239700374533 0.047619047619047616
1 0.9288389513108615 0.2576530612244898 0.02247191011235955 0.05272108843537415
1 0.9372659176029963 0.2066326530612245 0.016853932584269662 0.0391156462585034
1 0.9508426966292135 0.18622448979591838 0.014044943820224719 0.03571428571428571
1 0.9030898876404494 0.19302721088435373 0.014044943820224719 0.0391156462585034
1 0.9068352059925093 0.16156462585034015 0.015917602996254682 0.04081632653061224
1 0.8661048689138576 0.18197278911564627 0.020599250936329586 0.04081632653061224
1 0.8726591760299626 0.1564625850340136 0.016853932584269662 0.03741496598639456