1 0.16799046862589356 0.4732394366197183 0.04050833995234313 0.0676056338028169
1 0.28951548848292297 0.2661971830985915 0.019857029388403495 0.04225352112676056
1 0.3347895154884829 0.25 0.019857029388403495 0.04366197183098591
1 0.32128673550436854 0.21690140845070421 0.016679904686258934 0.03380281690140845
1 0.3455123113582208 0.20422535211267606 0.015885623510722795 0.036619718309859155
1 0.35385226370135026 0.223943661971831 0.015091342335186657 0.036619718309859155
1 0.36656076250992853 0.24084507042253522 0.019857029388403495 0.04225352112676056
1 0.3931691818903892 0.27605633802816903 0.025416997617156472 0.04788732394366197
1 0.39237490071485304 0.24577464788732395 0.017474185861795076 0.035211267605633804
1 0.4074662430500397 0.18591549295774648 0.020651310563939634 0.03943661971830986
1 0.4253375694996029 0.17535211267605633 0.015091342335186657 0.029577464788732393
1 0.4475774424146148 0.13943661971830987 0.011914217633042097 0.02535211267605634
1 0.45154884829229547 0.16126760563380282 0.015091342335186657 0.02676056338028169
1 0.45472597299444 0.2 0.019857029388403495 0.04225352112676056
1 0.48451151707704526 0.21338028169014084 0.020651310563939634 0.04366197183098591
1 0.4674344718030183 0.15774647887323945 0.013502779984114376 0.028169014084507043
1 0.4801429706115965 0.13309859154929576 0.011914217633042097 0.029577464788732393
1 0.505957108816521 0.13028169014084506 0.014297061159650517 0.0323943661971831
1 0.5198570293884035 0.1471830985915493 0.013502779984114376 0.038028169014084505
1 0.5079428117553614 0.18380281690140846 0.019857029388403495 0.038028169014084505
1 0.5405083399523432 0.16408450704225352 0.015091342335186657 0.035211267605633804
1 0.5432883240667196 0.1267605633802817 0.015885623510722795 0.030985915492957747
1 0.5583796664019063 0.1352112676056338 0.015885623510722795 0.03380281690140845
1 0.5651310563939634 0.1028169014084507 0.011914217633042097 0.022535211267605635
1 0.5830023828435266 0.15422535211267605 0.015885623510722795 0.038028169014084505
1 0.5877680698967435 0.09507042253521127 0.012708498808578236 0.023943661971830985
1 0.5861795075456712 0.12112676056338029 0.015885623510722795 0.028169014084507043
1 0.6111993645750595 0.1471830985915493 0.015091342335186657 0.0323943661971831
1 0.6211278792692613 0.09154929577464789 0.012708498808578236 0.028169014084507043
1 0.6346306592533757 0.11690140845070422 0.014297061159650517 0.03380281690140845
1 0.6413820492454329 0.13309859154929576 0.015091342335186657 0.029577464788732393
1 0.6461477362986497 0.08732394366197183 0.013502779984114376 0.02535211267605634
1 0.6664019062748213 0.09718309859154929 0.011119936457505957 0.028169014084507043
1 0.6882446386020651 0.1028169014084507 0.011914217633042097 0.030985915492957747
1 0.664416203335981 0.12394366197183099 0.013502779984114376 0.02535211267605634
1 0.5563939634630659 0.2323943661971831 0.023034154090548053 0.04788732394366197
1 0.5389197776012709 0.2880281690140845 0.02938840349483717 0.06338028169014084
1 0.5988880063542494 0.2443661971830986 0.025416997617156472 0.05211267605633803
1 0.6274821286735505 0.30352112676056336 0.03177124702144559 0.06338028169014084
1 0.6187450357426529 0.20211267605633804 0.019062748212867357 0.04647887323943662
1 0.6540905480540111 0.2112676056338028 0.018268467037331215 0.04225352112676056
1 0.6755361397934869 0.2352112676056338 0.019857029388403495 0.05070422535211268
1 0.6846703733121525 0.19154929577464788 0.019062748212867357 0.04788732394366197
1 0.7140587768069897 0.2140845070422535 0.020651310563939634 0.04225352112676056
1 0.7303415409054805 0.17464788732394365 0.018268467037331215 0.04788732394366197
1 0.7192216044479746 0.15492957746478872 0.013502779984114376 0.03380281690140845
1 0.7196187450357426 0.12535211267605634 0.012708498808578236 0.028169014084507043
1 0.7351072279586974 0.13661971830985917 0.013502779984114376 0.03380281690140845
1 0.7462271644162033 0.11126760563380282 0.008737092930897538 0.028169014084507043
1 0.6834789515488483 0.15985915492957747 0.010325655281969817 0.029577464788732393
1 0.7478157267672756 0.2323943661971831 0.021445591739475776 0.061971830985915494
1 0.7676727561556791 0.28943661971830986 0.021445591739475776 0.06619718309859154
1 0.772438443208896 0.2056338028169014 0.021445591739475776 0.05070422535211268
1 0.7593328038125496 0.1676056338028169 0.015885623510722795 0.03943661971830986
1 0.7760127084988085 0.16549295774647887 0.017474185861795076 0.038028169014084505
1 0.7827640984908658 0.1176056338028169 0.011914217633042097 0.02112676056338028
1 0.8081810961080222 0.11619718309859155 0.016679904686258934 0.035211267605633804
1 0.8256552819698173 0.11901408450704225 0.013502779984114376 0.029577464788732393
1 0.8113582208101668 0.15352112676056337 0.013502779984114376 0.03943661971830986
1 0.8443208895949166 0.17394366197183098 0.014297061159650517 0.035211267605633804
1 0.8208895949166005 0.1964788732394366 0.018268467037331215 0.04366197183098591
1 0.8057982525814138 0.25422535211267605 0.021445591739475776 0.054929577464788736
1 0.795869737887212 0.18169014084507043 0.019062748212867357 0.04507042253521127
1 0.8316123907863384 0.2830985915492958 0.023828435266084195 0.059154929577464786
1 0.8482922954725973 0.2471830985915493 0.022239872915011914 0.05211267605633803
1 0.8141382049245433 0.3683098591549296 0.03335980937251787 0.07746478873239436
1 0.8856235107227959 0.426056338028169 0.03177124702144559 0.08028169014084507
1 0.8915806195393169 0.3049295774647887 0.02779984114376489 0.07183098591549296
1 0.8741064336775218 0.23098591549295774 0.021445591739475776 0.05352112676056338
1 0.8907863383637807 0.1823943661971831 0.016679904686258934 0.0323943661971831
1 0.9185861795075456 0.22816901408450704 0.018268467037331215 0.05070422535211268
1 0.9221604447974583 0.20211267605633804 0.017474185861795076 0.035211267605633804
1 0.9142176330420969 0.15140845070422534 0.014297061159650517 0.04084507042253521
1 0.8995234312946783 0.12464788732394366 0.015091342335186657 0.029577464788732393
1 0.8939634630659253 0.14929577464788732 0.013502779984114376 0.03380281690140845
1 0.8566322478157268 0.13450704225352111 0.018268467037331215 0.0323943661971831
1 0.8709293089753772 0.12323943661971831 0.013502779984114376 0.035211267605633804
1 0.8502779984114377 0.1556338028169014 0.016679904686258934 0.0323943661971831