1 0.14954853273137697 0.24141414141414141 0.019187358916478554 0.03434343434343434
1 0.3803611738148984 0.198989898989899 0.02708803611738149 0.05454545454545454
1 0.4198645598194131 0.2101010101010101 0.020316027088036117 0.04040404040404041
1 0.45090293453724606 0.23030303030303031 0.025959367945823927 0.048484848484848485
1 0.5643340857787811 0.18686868686868688 0.01805869074492099 0.04242424242424243
1 0.5553047404063205 0.1595959595959596 0.01805869074492099 0.03232323232323232
1 0.6303611738148984 0.12424242424242424 0.016930022573363433 0.03434343434343434
1 0.6190744920993227 0.13535353535353536 0.014672686230248307 0.03636363636363636
1 0.6743792325056434 0.17474747474747473 0.019187358916478554 0.04242424242424243
1 0.6794582392776524 0.21818181818181817 0.020316027088036117 0.044444444444444446
1 0.6252821670428894 0.22121212121212122 0.024830699774266364 0.050505050505050504
1 0.636568848758465 0.30606060606060603 0.02708803611738149 0.06666666666666667
1 0.6224604966139955 0.27474747474747474 0.019187358916478554 0.04040404040404041
1 0.6935665914221218 0.25757575757575757 0.030474040632054177 0.05454545454545454
1 0.9373589164785553 0.24646464646464647 0.023702031602708805 0.052525252525252523