1 0.3179587831207066 0.23421926910299004 0.015701668302257114 0.03322259136212625
1 0.35132482826300293 0.21926910299003322 0.021589793915603533 0.03986710963455149
1 0.3562315996074583 0.2616279069767442 0.02551521099116781 0.044850498338870434
1 0.415603532875368 0.2724252491694352 0.02453385672227674 0.04983388704318937
1 0.40775269872423947 0.20681063122923588 0.018645731108930325 0.03488372093023256
1 0.4479882237487733 0.2549833887043189 0.02453385672227674 0.03820598006644518
1 0.47939156035328756 0.16279069767441862 0.016683022571148183 0.029900332225913623
1 0.49362119725220804 0.2101328903654485 0.019627085377821395 0.03820598006644518
1 0.534838076545633 0.20681063122923588 0.017664376840039256 0.03820598006644518
1 0.5289499509322866 0.1553156146179402 0.021589793915603533 0.03488372093023256
1 0.5677134445534838 0.14867109634551495 0.018645731108930325 0.03488372093023256
1 0.5731108930323847 0.18355481727574752 0.017664376840039256 0.03820598006644518
1 0.5981354268891069 0.16528239202657807 0.02453385672227674 0.044850498338870434
1 0.5745829244357213 0.29485049833887045 0.03042198233562316 0.054817275747508304
1 0.6167811579980373 0.2591362126245847 0.02453385672227674 0.06312292358803986
1 0.6678115799803729 0.31727574750830567 0.0323846908734053 0.06976744186046512
1 0.6633954857703631 0.2632890365448505 0.02551521099116781 0.04817275747508306
1 0.662414131501472 0.22591362126245848 0.021589793915603533 0.03986710963455149
1 0.6736997055937193 0.17691029900332225 0.018645731108930325 0.03488372093023256
1 0.7154072620215898 0.23172757475083056 0.023552502453385672 0.04817275747508306
1 0.7365063788027478 0.2591362126245847 0.02649656526005888 0.053156146179401995
1 0.7718351324828263 0.23588039867109634 0.02649656526005888 0.053156146179401995
1 0.7409224730127576 0.1719269102990033 0.019627085377821395 0.03820598006644518
1 0.7684003925417076 0.1760797342192691 0.021589793915603533 0.03986710963455149
1 0.7757605495583906 0.13372093023255813 0.020608439646712464 0.02823920265780731
1 0.7899901864573111 0.2026578073089701 0.021589793915603533 0.04318936877076412
1 0.8159960745829244 0.28488372093023256 0.03042198233562316 0.054817275747508304
1 0.8287536800785084 0.24501661129568106 0.02453385672227674 0.04817275747508306
1 0.8400392541707556 0.22757475083056478 0.02551521099116781 0.03986710963455149
1 0.822865554465162 0.18355481727574752 0.018645731108930325 0.03488372093023256
1 0.8189401373895977 0.15033222591362128 0.012757605495583905 0.024916943521594685
1 0.866045142296369 0.19102990033222592 0.020608439646712464 0.03986710963455149
1 0.8876349362119725 0.24916943521594684 0.022571148184494603 0.04983388704318937
1 0.8959764474975466 0.22840531561461794 0.021589793915603533 0.03820598006644518
1 0.8915603532875368 0.20016611295681064 0.014720314033366046 0.03156146179401993
1 0.8954857703631011 0.13372093023255813 0.016683022571148183 0.03820598006644518
1 0.956820412168793 0.11129568106312292 0.015701668302257114 0.03322259136212625