1 0.13919259882253995 0.542022792022792 0.04625735912531539 0.07834757834757834
1 0.23128679562657695 0.3547008547008547 0.01682085786375105 0.03418803418803419
1 0.2872161480235492 0.3311965811965812 0.017661900756938603 0.03276353276353276
1 0.2523128679562658 0.4031339031339031 0.018502943650126155 0.03418803418803419
1 0.29015979814970566 0.38461538461538464 0.018502943650126155 0.039886039886039885
1 0.34146341463414637 0.37535612535612534 0.018502943650126155 0.04131054131054131
1 0.3587047939444912 0.3425925925925926 0.0159798149705635 0.029914529914529916
1 0.3566021867115223 0.3162393162393162 0.011774600504625737 0.02564102564102564
1 0.39781328847771236 0.28062678062678065 0.01345668629100084 0.03133903133903134
1 0.41253153910849455 0.2898860398860399 0.0159798149705635 0.027065527065527065
1 0.4142136248948696 0.3482905982905983 0.01934398654331371 0.03561253561253561
1 0.4482758620689655 0.35327635327635326 0.018502943650126155 0.042735042735042736
1 0.4415475189234651 0.2962962962962963 0.01682085786375105 0.02849002849002849
1 0.46846089150546677 0.2863247863247863 0.015138772077375946 0.03418803418803419
1 0.49158957106812445 0.28846153846153844 0.0159798149705635 0.038461538461538464
1 0.471825063078217 0.3247863247863248 0.015138772077375946 0.03418803418803419
1 0.5096719932716569 0.3425925925925926 0.023549201009251473 0.038461538461538464
1 0.5332211942809083 0.297008547008547 0.01345668629100084 0.029914529914529916
1 0.5269133725820017 0.2670940170940171 0.01934398654331371 0.021367521367521368
1 0.5542472666105971 0.26638176638176636 0.011774600504625737 0.02849002849002849
1 0.5660218671152228 0.29772079772079774 0.01682085786375105 0.03418803418803419
1 0.5761143818334735 0.23148148148148148 0.011774600504625737 0.024216524216524215
1 0.5857863751051303 0.2813390313390313 0.017661900756938603 0.03276353276353276
1 0.6110176619007569 0.27706552706552706 0.01934398654331371 0.027065527065527065
1 0.6223717409587889 0.23219373219373218 0.01345668629100084 0.02849002849002849
1 0.6488645920941968 0.2706552706552707 0.014297729184188394 0.02564102564102564
1 0.6829268292682927 0.22435897435897437 0.01345668629100084 0.021367521367521368
1 0.6980656013456686 0.24002849002849003 0.011774600504625737 0.029914529914529916
1 0.48906644238856184 0.4180911680911681 0.02607232968881413 0.06125356125356125
1 0.5475189234650967 0.3710826210826211 0.021867115222876366 0.04985754985754986
1 0.535744322960471 0.4423076923076923 0.025231286795626577 0.0641025641025641
1 0.6114381833473507 0.34472934472934474 0.020185029436501262 0.045584045584045586
1 0.6303616484440706 0.3831908831908832 0.022708158116063918 0.05698005698005698
1 0.6055508830950378 0.47150997150997154 0.02691337258200168 0.07692307692307693
1 0.6467619848612279 0.4878917378917379 0.028595458368376788 0.0698005698005698
1 0.6581160639192599 0.3554131054131054 0.017661900756938603 0.04700854700854701
1 0.6459209419680404 0.3141025641025641 0.018502943650126155 0.03561253561253561
1 0.6833473507148865 0.2905982905982906 0.017661900756938603 0.03418803418803419
1 0.7056349873843566 0.306980056980057 0.01682085786375105 0.04131054131054131
1 0.7195121951219512 0.2670940170940171 0.014297729184188394 0.038461538461538464
1 0.7022708158116064 0.3717948717948718 0.023549201009251473 0.05413105413105413
1 0.6707317073170732 0.3924501424501424 0.027754415475189236 0.05270655270655271
1 0.735071488645921 0.41951566951566954 0.031959629941127 0.0584045584045584
1 0.7195121951219512 0.5270655270655271 0.04121110176619008 0.07692307692307693
1 0.7514718250630782 0.25071225071225073 0.012615643397813289 0.017094017094017096
1 0.7565180824222035 0.28205128205128205 0.01934398654331371 0.02849002849002849
1 0.798990748528175 0.2564102564102564 0.01345668629100084 0.022792022792022793
1 0.80067283431455 0.27849002849002846 0.011774600504625737 0.029914529914529916
1 0.7931034482758621 0.29985754985754987 0.015138772077375946 0.03561253561253561
1 0.8259041211101766 0.25783475783475784 0.01345668629100084 0.022792022792022793
1 0.8372582001682086 0.29273504273504275 0.01934398654331371 0.03276353276353276
1 0.7893187552565181 0.4472934472934473 0.022708158116063918 0.05982905982905983
1 0.8280067283431455 0.37962962962962965 0.021026072329688814 0.04985754985754986
1 0.8431455004205215 0.35683760683760685 0.01934398654331371 0.04131054131054131
1 0.8603868797308662 0.3383190883190883 0.015138772077375946 0.03561253561253561
1 0.8738435660218671 0.2948717948717949 0.01682085786375105 0.037037037037037035
1 0.896551724137931 0.27350427350427353 0.015138772077375946 0.039886039886039885
1 0.8885618166526493 0.35327635327635326 0.017661900756938603 0.045584045584045586
1 0.8746846089150546 0.41096866096866097 0.023549201009251473 0.05555555555555555
1 0.8532380151387721 0.46937321937321935 0.03280067283431455 0.0584045584045584
1 0.8557611438183347 0.5277777777777778 0.034482758620689655 0.06695156695156695
1 0.9293523969722456 0.47293447293447294 0.031959629941127 0.06552706552706553
1 0.9100084104289319 0.33974358974358976 0.018502943650126155 0.038461538461538464
1 0.913372582001682 0.297008547008547 0.011774600504625737 0.03276353276353276
1 0.9301934398654331 0.33903133903133903 0.015138772077375946 0.037037037037037035
1 0.9428090832632464 0.38817663817663817 0.020185029436501262 0.04700854700854701
1 0.956686291000841 0.3005698005698006 0.014297729184188394 0.02564102564102564
1 0.38393608074011776 0.36253561253561256 0.017661900756938603 0.038461538461538464
1 0.8343145500420521 0.32763532763532766 0.018502943650126155 0.037037037037037035
1 0.9503784693019344 0.3269230769230769 0.01345668629100084 0.029914529914529916