1 0.9208194905869325 0.17092337917485265 0.018826135105204873 0.05108055009823183
1 0.9462901439645626 0.1905697445972495 0.012181616832779624 0.03536345776031434
1 0.7967884828349945 0.2151277013752456 0.018826135105204873 0.04518664047151277
1 0.8183831672203765 0.22986247544204322 0.0221483942414175 0.05108055009823183
1 0.6090808416389811 0.2455795677799607 0.0221483942414175 0.05108055009823183
1 0.5276854928017719 0.137524557956778 0.018826135105204873 0.043222003929273084
1 0.5775193798449613 0.12770137524557956 0.012181616832779624 0.0275049115913556
1 0.4678848283499446 0.15225933202357564 0.012181616832779624 0.025540275049115914
1 0.49058693244739754 0.1581532416502947 0.01107419712070875 0.029469548133595286
1 0.4053156146179402 0.19842829076620824 0.0221483942414175 0.0550098231827112
1 0.36157253599114064 0.2269155206286837 0.021040974529346623 0.04911591355599214