1 0.3808411214953271 0.18181818181818182 0.014018691588785047 0.024793388429752067
1 0.4199766355140187 0.17148760330578514 0.010514018691588784 0.028925619834710745
1 0.5093457943925234 0.18698347107438015 0.016355140186915886 0.03925619834710744
1 0.5040887850467289 0.128099173553719 0.010514018691588784 0.024793388429752067
1 0.5262850467289719 0.1322314049586777 0.012850467289719626 0.028925619834710745
1 0.5449766355140186 0.14772727272727273 0.012850467289719626 0.026859504132231406
1 0.5625 0.12086776859504132 0.010514018691588784 0.022727272727272728
1 0.5782710280373832 0.14566115702479338 0.011682242990654205 0.030991735537190084
1 0.6051401869158879 0.13016528925619836 0.014018691588785047 0.03305785123966942
1 0.602803738317757 0.1590909090909091 0.014018691588785047 0.03305785123966942
1 0.6296728971962616 0.1415289256198347 0.014018691588785047 0.026859504132231406
1 0.6366822429906542 0.12706611570247933 0.014018691588785047 0.026859504132231406
1 0.6582943925233645 0.12706611570247933 0.012850467289719626 0.030991735537190084
1 0.6822429906542056 0.11260330578512397 0.009345794392523364 0.026859504132231406
1 0.7079439252336449 0.12603305785123967 0.009345794392523364 0.024793388429752067
1 0.6279205607476636 0.22520661157024793 0.015186915887850467 0.03305785123966942
1 0.6647196261682243 0.19111570247933884 0.016355140186915886 0.03512396694214876
1 0.6746495327102804 0.23140495867768596 0.017523364485981307 0.045454545454545456
1 0.7202102803738317 0.2396694214876033 0.01985981308411215 0.049586776859504134
1 0.7032710280373832 0.1725206611570248 0.011682242990654205 0.030991735537190084
1 0.7167056074766355 0.18801652892561985 0.015186915887850467 0.0371900826446281
1 0.7365654205607477 0.15082644628099173 0.012850467289719626 0.03305785123966942
1 0.7435747663551402 0.17665289256198347 0.015186915887850467 0.03512396694214876
1 0.7570093457943925 0.13429752066115702 0.011682242990654205 0.024793388429752067
1 0.7780373831775701 0.14669421487603307 0.014018691588785047 0.03305785123966942
1 0.7768691588785047 0.1859504132231405 0.016355140186915886 0.03305785123966942
1 0.802570093457944 0.16942148760330578 0.011682242990654205 0.03305785123966942
1 0.7938084112149533 0.2159090909090909 0.017523364485981307 0.03925619834710744
1 0.8271028037383178 0.14049586776859505 0.011682242990654205 0.028925619834710745
1 0.8376168224299065 0.19111570247933884 0.014018691588785047 0.03512396694214876
1 0.8773364485981309 0.27892561983471076 0.018691588785046728 0.05371900826446281
1 0.9047897196261683 0.2128099173553719 0.010514018691588784 0.03305785123966942
1 0.9223130841121495 0.1787190082644628 0.010514018691588784 0.026859504132231406
1 0.9398364485981309 0.17768595041322313 0.010514018691588784 0.024793388429752067
1 0.9398364485981309 0.21384297520661158 0.012850467289719626 0.026859504132231406
1 0.9363317757009346 0.24070247933884298 0.015186915887850467 0.030991735537190084
1 0.8154205607476636 0.1590909090909091 0.011682242990654205 0.03305785123966942
1 0.4316588785046729 0.15289256198347106 0.010514018691588784 0.028925619834710745
1 0.44509345794392524 0.1725206611570248 0.011682242990654205 0.030991735537190084
1 0.45385514018691586 0.1518595041322314 0.010514018691588784 0.026859504132231406
1 0.46261682242990654 0.17045454545454544 0.011682242990654205 0.030991735537190084
1 0.4824766355140187 0.1797520661157025 0.02102803738317757 0.045454545454545456