1 0.1388888888888889 0.8250661375661376 0.07539682539682539 0.1078042328042328
1 0.14682539682539683 0.9460978835978836 0.12301587301587301 0.1078042328042328
1 0.20436507936507936 0.77744708994709 0.06845238095238096 0.08664021164021164
1 0.2767857142857143 0.8177910052910053 0.07738095238095238 0.10515873015873016
1 0.39955357142857145 0.8406084656084656 0.07390873015873016 0.10317460317460317
1 0.4871031746031746 0.8941798941798942 0.10416666666666667 0.15211640211640212
1 0.5873015873015873 0.7992724867724867 0.09027777777777778 0.12632275132275134
1 0.7105654761904762 0.5370370370370371 0.06597222222222222 0.11507936507936507
1 0.7065972222222222 0.8131613756613757 0.07886904761904762 0.09986772486772487
1 0.7313988095238095 0.923941798941799 0.10466269841269842 0.1349206349206349
1 0.8896329365079365 0.7860449735449735 0.07490079365079365 0.09193121693121693