1 0.018125 0.3433333333333333 0.03375 0.08666666666666667
1 0.090625 0.37583333333333335 0.07625 0.11833333333333333
1 0.248125 0.4066666666666667 0.07875 0.10666666666666667
1 0.256875 0.32166666666666666 0.04625 0.08
1 0.3675 0.33166666666666667 0.0525 0.08333333333333333
1 0.385 0.28583333333333333 0.045 0.07166666666666667
1 0.46625 0.35 0.055 0.08666666666666667
1 0.4525 0.2916666666666667 0.04 0.06
1 0.554375 0.29833333333333334 0.04375 0.07
1 0.596875 0.2875 0.03375 0.06833333333333333
1 0.768125 0.4633333333333333 0.10375 0.17333333333333334
1 0.82625 0.38416666666666666 0.065 0.11833333333333333
1 0.875 0.3283333333333333 0.055 0.08333333333333333
1 0.978125 0.37 0.04375 0.12333333333333334
1 0.965625 0.5541666666666667 0.06125 0.16833333333333333