1 0.14261884904086738 0.5579710144927537 0.04670558798999166 0.0782608695652174
1 0.22977481234361968 0.34202898550724636 0.01751459549624687 0.03188405797101449
1 0.2848206839032527 0.3217391304347826 0.019182652210175146 0.034782608695652174
1 0.26063386155129276 0.3681159420289855 0.020850708924103418 0.04057971014492753
1 0.2969140950792327 0.36884057971014494 0.01834862385321101 0.042028985507246375
1 0.3502919099249375 0.3565217391304348 0.01834862385321101 0.03768115942028986
1 0.353628023352794 0.30144927536231886 0.015012510425354461 0.02608695652173913
1 0.3940783986655546 0.26521739130434785 0.014178482068390326 0.02608695652173913
1 0.43452877397831524 0.26304347826086955 0.013344453711426188 0.021739130434782608
1 0.46580483736447037 0.2514492753623188 0.014178482068390326 0.036231884057971016
1 0.4737281067556297 0.2427536231884058 0.01834862385321101 0.030434782608695653
1 0.38448707256046705 0.35434782608695653 0.01834862385321101 0.036231884057971016
1 0.41284403669724773 0.3072463768115942 0.01834862385321101 0.034782608695652174
1 0.4140950792326939 0.3384057971014493 0.0158465387823186 0.0391304347826087
1 0.439115929941618 0.3210144927536232 0.02418682235195997 0.04492753623188406
1 0.4641367806505421 0.2920289855072464 0.019182652210175146 0.030434782608695653
1 0.469557964970809 0.3253623188405797 0.025020850708924104 0.036231884057971016
1 0.5104253544620517 0.26956521739130435 0.016680567139282735 0.034782608695652174
1 0.5291909924937448 0.2927536231884058 0.020850708924103418 0.04057971014492753
1 0.5571309424520434 0.2514492753623188 0.016680567139282735 0.03333333333333333
1 0.572977481234362 0.22753623188405797 0.01834862385321101 0.034782608695652174
1 0.5116763969974979 0.336231884057971 0.02585487906588824 0.03768115942028986
1 0.445371142618849 0.36666666666666664 0.03502919099249374 0.0463768115942029
1 0.5529608006672226 0.3007246376811594 0.020016680567139282 0.03333333333333333
1 0.5838198498748958 0.25072463768115943 0.015012510425354461 0.0463768115942029
1 0.6100917431192661 0.2536231884057971 0.014178482068390326 0.03188405797101449
1 0.6201000834028357 0.20942028985507247 0.012510425354462052 0.02463768115942029
1 0.6317764804003336 0.2289855072463768 0.0158465387823186 0.03768115942028986
1 0.6434528773978315 0.23115942028985506 0.014178482068390326 0.030434782608695653
1 0.6701417848206839 0.2289855072463768 0.012510425354462052 0.03768115942028986
1 0.6868223519599667 0.23333333333333334 0.0158465387823186 0.028985507246376812
1 0.7160133444537115 0.22826086956521738 0.0158465387823186 0.02753623188405797
1 0.713511259382819 0.2594202898550725 0.0158465387823186 0.028985507246376812
1 0.6793160967472894 0.2847826086956522 0.019182652210175146 0.036231884057971016
1 0.4799833194328607 0.4108695652173913 0.02585487906588824 0.0536231884057971
1 0.5379482902418682 0.38913043478260867 0.025020850708924104 0.050724637681159424
1 0.6050875729774813 0.3442028985507246 0.020850708924103418 0.04492753623188406
1 0.5266889074228523 0.4608695652173913 0.030859049207673062 0.05217391304347826
1 0.5967472894078398 0.41231884057971013 0.027522935779816515 0.04782608695652174
1 0.591743119266055 0.463768115942029 0.029190992493744787 0.06376811594202898
1 0.6484570475396163 0.3644927536231884 0.019182652210175146 0.04492753623188406
1 0.6755629691409508 0.372463768115942 0.02835696413678065 0.04057971014492753
1 0.6417848206839033 0.4855072463768116 0.03586321934945788 0.06666666666666667
1 0.6972477064220184 0.37971014492753624 0.020016680567139282 0.043478260869565216
1 0.6922435362802335 0.3282608695652174 0.02335279399499583 0.0391304347826087
1 0.7206005004170142 0.3036231884057971 0.020016680567139282 0.0391304347826087
1 0.7301918265221018 0.41884057971014493 0.029190992493744787 0.057971014492753624
1 0.7030859049207673 0.5644927536231884 0.04837364470391994 0.07681159420289856
1 0.7447873227689742 0.25072463768115943 0.015012510425354461 0.034782608695652174
1 0.7585487906588824 0.2391304347826087 0.012510425354462052 0.028985507246376812
1 0.774395329441201 0.2688405797101449 0.012510425354462052 0.036231884057971016
1 0.7914929107589658 0.24565217391304348 0.013344453711426188 0.02463768115942029
1 0.7844036697247706 0.29492753623188406 0.0158465387823186 0.030434782608695653
1 0.8202668890742285 0.24855072463768116 0.014178482068390326 0.03333333333333333
1 0.8523769808173478 0.26159420289855073 0.020016680567139282 0.036231884057971016
1 0.8290241868223519 0.30869565217391304 0.015012510425354461 0.04057971014492753
1 0.7839866555462885 0.4420289855072464 0.026688907422852376 0.057971014492753624
1 0.8236030025020851 0.5260869565217391 0.03252710592160134 0.06666666666666667
1 0.8665554628857381 0.2782608695652174 0.015012510425354461 0.03768115942028986
1 0.8890742285237698 0.2673913043478261 0.015012510425354461 0.03333333333333333
1 0.9070058381984988 0.2833333333333333 0.014178482068390326 0.030434782608695653
1 0.9361968306922436 0.32028985507246377 0.014178482068390326 0.028985507246376812
1 0.951209341117598 0.2891304347826087 0.0158465387823186 0.030434782608695653
1 0.8256880733944955 0.3681159420289855 0.025020850708924104 0.04927536231884058
1 0.8390325271059216 0.3471014492753623 0.013344453711426188 0.050724637681159424
1 0.8632193494578816 0.3318840579710145 0.013344453711426188 0.043478260869565216
1 0.8840700583819849 0.3507246376811594 0.025020850708924104 0.043478260869565216
1 0.8703085904920768 0.37028985507246376 0.020850708924103418 0.0536231884057971
1 0.9095079232693911 0.3536231884057971 0.0158465387823186 0.04057971014492753
1 0.9445371142618849 0.3739130434782609 0.01751459549624687 0.04057971014492753
1 0.8577981651376146 0.4681159420289855 0.027522935779816515 0.057971014492753624
1 0.927022518765638 0.48478260869565215 0.03252710592160134 0.059420289855072465
1 0.6392827356130109 0.3115942028985507 0.01751459549624687 0.03768115942028986