1 0.20457175925925927 0.4443661971830986 0.045717592592592594 0.10187793427230046
1 0.2544849537037037 0.3852112676056338 0.033854166666666664 0.06150234741784037
1 0.26316550925925924 0.3248826291079812 0.026331018518518517 0.054460093896713614
1 0.2847222222222222 0.2924882629107981 0.02546296296296296 0.05258215962441314
1 0.2669270833333333 0.23145539906103285 0.01880787037037037 0.03568075117370892
1 0.23292824074074073 0.23380281690140844 0.02199074074074074 0.03568075117370892
1 0.19849537037037038 0.29107981220657275 0.032407407407407406 0.059154929577464786
1 0.1597222222222222 0.34178403755868547 0.028935185185185185 0.05258215962441314
1 0.1517650462962963 0.2363849765258216 0.030960648148148147 0.04366197183098591
1 0.11096643518518519 0.3018779342723005 0.027488425925925927 0.05352112676056338
1 0.13295717592592593 0.3812206572769953 0.04542824074074074 0.07136150234741784
1 0.06438078703703703 0.37065727699530515 0.0390625 0.06807511737089202
1 0.02228009259259259 0.32535211267605635 0.029513888888888888 0.05821596244131456
1 0.03501157407407408 0.24835680751173708 0.028935185185185185 0.05352112676056338
1 0.3404224537037037 0.4110328638497653 0.04137731481481482 0.09248826291079812
1 0.3368055555555556 0.33215962441314556 0.028935185185185185 0.055868544600938964
1 0.3314525462962963 0.29694835680751175 0.030381944444444444 0.04178403755868545
1 0.30266203703703703 0.2347417840375587 0.02141203703703704 0.02910798122065728
1 0.35648148148148145 0.17230046948356809 0.029513888888888888 0.048826291079812206
1 0.40639467592592593 0.20868544600938968 0.016493055555555556 0.03708920187793427
1 0.3677662037037037 0.2744131455399061 0.02199074074074074 0.050234741784037557
1 0.4195601851851852 0.2633802816901408 0.02199074074074074 0.0431924882629108
1 0.40914351851851855 0.3171361502347418 0.028935185185185185 0.0568075117370892
1 0.46672453703703703 0.3875586854460094 0.04918981481481482 0.07276995305164319
1 0.43822337962962965 0.5661971830985916 0.0703125 0.12863849765258217
1 0.5493344907407407 0.484037558685446 0.06684027777777778 0.11830985915492957
1 0.5486111111111112 0.36619718309859156 0.043402777777777776 0.06572769953051644
1 0.5587384259259259 0.305868544600939 0.02488425925925926 0.050234741784037557
1 0.5455729166666666 0.271830985915493 0.019386574074074073 0.04037558685446009
1 0.4994212962962963 0.284037558685446 0.028935185185185185 0.051643192488262914
1 0.45298032407407407 0.2800469483568075 0.022858796296296297 0.050234741784037557
1 0.46846064814814814 0.25610328638497654 0.01678240740740741 0.038028169014084505
1 0.49971064814814814 0.20751173708920187 0.018518518518518517 0.03286384976525822
1 0.58203125 0.2528169014084507 0.016493055555555556 0.038028169014084505
1 0.6031539351851852 0.292018779342723 0.02980324074074074 0.051643192488262914
1 0.6351273148148148 0.27300469483568074 0.02199074074074074 0.04460093896713615
1 0.6702835648148148 0.2755868544600939 0.02228009259259259 0.04131455399061033
1 0.6600115740740741 0.31948356807511735 0.037037037037037035 0.06150234741784037
1 0.6293402777777778 0.4394366197183099 0.05324074074074074 0.09859154929577464
1 0.7081886574074074 0.37910798122065725 0.04137731481481482 0.0755868544600939
1 0.7154224537037037 0.30821596244131455 0.030960648148148147 0.054929577464788736
1 0.7515914351851852 0.2828638497652582 0.027488425925925927 0.055868544600938964
1 0.8114872685185185 0.33943661971830985 0.030381944444444444 0.07042253521126761
1 0.8635706018518519 0.33826291079812204 0.03501157407407408 0.07746478873239436
1 0.9049479166666666 0.3145539906103286 0.033854166666666664 0.05258215962441314
1 0.9269386574074074 0.3002347417840376 0.01880787037037037 0.050234741784037557