1 0.8561151079136691 0.6274271844660194 0.08633093525179857 0.12378640776699029
1 0.1052158273381295 0.5242718446601942 0.03776978417266187 0.05825242718446602
1 0.17086330935251798 0.5194174757281553 0.02877697841726619 0.05825242718446602
1 0.20233812949640287 0.5473300970873787 0.05575539568345324 0.08495145631067962
1 0.24910071942446044 0.4866504854368932 0.023381294964028777 0.03640776699029126
1 0.2823741007194245 0.4854368932038835 0.025179856115107913 0.038834951456310676
1 0.30305755395683454 0.5788834951456311 0.06654676258992806 0.09951456310679611
1 0.33723021582733814 0.49514563106796117 0.03776978417266187 0.05825242718446602
1 0.4064748201438849 0.48058252427184467 0.025179856115107913 0.038834951456310676
1 0.40827338129496404 0.5388349514563107 0.04316546762589928 0.06796116504854369
1 0.4658273381294964 0.6031553398058253 0.07553956834532374 0.11407766990291263
1 0.447841726618705 0.49393203883495146 0.017985611510791366 0.03155339805825243
1 0.4784172661870504 0.47451456310679613 0.02158273381294964 0.03155339805825243
1 0.49010791366906475 0.4817961165048544 0.019784172661870502 0.03640776699029126
1 0.5134892086330936 0.4684466019417476 0.012589928057553957 0.02912621359223301
1 0.5296762589928058 0.46116504854368934 0.01618705035971223 0.024271844660194174
1 0.5620503597122302 0.47451456310679613 0.023381294964028777 0.02669902912621359
1 0.6034172661870504 0.47815533980582525 0.02697841726618705 0.03398058252427184
1 0.6115107913669064 0.5266990291262136 0.039568345323741004 0.06796116504854369
1 0.6546762589928058 0.6140776699029126 0.07194244604316546 0.10679611650485436
1 0.8264388489208633 0.5327669902912622 0.0341726618705036 0.055825242718446605
1 0.7419064748201439 0.47936893203883496 0.02697841726618705 0.0412621359223301
1 0.7203237410071942 0.47815533980582525 0.01618705035971223 0.03398058252427184
1 0.6735611510791367 0.4963592233009709 0.02697841726618705 0.03640776699029126
1 0.6744604316546763 0.42718446601941745 0.01079136690647482 0.024271844660194174
1 0.710431654676259 0.42839805825242716 0.017985611510791366 0.021844660194174758
1 0.7473021582733813 0.433252427184466 0.019784172661870502 0.021844660194174758
1 0.7886690647482014 0.4696601941747573 0.019784172661870502 0.02669902912621359
1 0.8246402877697842 0.48058252427184467 0.019784172661870502 0.02912621359223301
1 0.8426258992805755 0.46359223300970875 0.01618705035971223 0.02912621359223301
1 0.8714028776978417 0.470873786407767 0.019784172661870502 0.02912621359223301
1 0.8992805755395683 0.47572815533980584 0.017985611510791366 0.02912621359223301
1 0.9109712230215827 0.46359223300970875 0.01618705035971223 0.02912621359223301
1 0.927158273381295 0.4526699029126214 0.019784172661870502 0.03155339805825243
1 0.9496402877697842 0.49271844660194175 0.025179856115107913 0.038834951456310676
1 0.9802158273381295 0.47694174757281554 0.02158273381294964 0.0412621359223301
1 0.887589928057554 0.4211165048543689 0.012589928057553957 0.01699029126213592
1 0.85431654676259 0.4186893203883495 0.014388489208633094 0.021844660194174758
1 0.8273381294964028 0.41383495145631066 0.017985611510791366 0.021844660194174758
1 0.7931654676258992 0.42839805825242716 0.017985611510791366 0.021844660194174758