1 0.06262135922330098 0.30412371134020616 0.020388349514563107 0.05154639175257732
1 0.2898058252427185 0.23539518900343642 0.018446601941747572 0.037800687285223365
1 0.3092233009708738 0.2345360824742268 0.014563106796116505 0.03608247422680412
1 0.3504854368932039 0.18213058419243985 0.015533980582524271 0.030927835051546393
1 0.3718446601941748 0.20017182130584193 0.017475728155339806 0.03608247422680412
1 0.36067961165048545 0.22164948453608246 0.020388349514563107 0.03436426116838488
1 0.36456310679611653 0.24656357388316152 0.018446601941747572 0.03951890034364261
1 0.3844660194174757 0.24742268041237114 0.017475728155339806 0.041237113402061855
1 0.41699029126213594 0.18900343642611683 0.018446601941747572 0.037800687285223365
1 0.42815533980582526 0.20618556701030927 0.017475728155339806 0.03436426116838488
1 0.42961165048543687 0.23195876288659795 0.020388349514563107 0.041237113402061855
1 0.4475728155339806 0.21993127147766323 0.019417475728155338 0.041237113402061855
1 0.4184466019417476 0.14261168384879724 0.015533980582524271 0.037800687285223365
1 0.45097087378640777 0.17525773195876287 0.020388349514563107 0.041237113402061855
1 0.491747572815534 0.22164948453608246 0.018446601941747572 0.041237113402061855
1 0.48592233009708735 0.18470790378006874 0.018446601941747572 0.03264604810996564
1 0.4771844660194175 0.13831615120274915 0.014563106796116505 0.029209621993127148
1 0.49223300970873785 0.14776632302405499 0.011650485436893204 0.030927835051546393
1 0.512621359223301 0.12371134020618557 0.011650485436893204 0.024054982817869417
1 0.5233009708737864 0.13745704467353953 0.011650485436893204 0.027491408934707903
1 0.5111650485436893 0.14776632302405499 0.010679611650485437 0.024054982817869417
1 0.5131067961165049 0.17869415807560138 0.01650485436893204 0.037800687285223365
1 0.5266990291262136 0.16666666666666666 0.01650485436893204 0.03436426116838488
1 0.5616504854368932 0.18127147766323023 0.01650485436893204 0.03608247422680412
1 0.5592233009708738 0.15721649484536082 0.013592233009708738 0.02577319587628866
1 0.5514563106796116 0.14518900343642613 0.011650485436893204 0.02577319587628866
1 0.558252427184466 0.12199312714776632 0.013592233009708738 0.027491408934707903
1 0.579126213592233 0.12628865979381443 0.01262135922330097 0.03264604810996564
1 0.5854368932038835 0.11597938144329897 0.011650485436893204 0.029209621993127148
1 0.5893203883495146 0.17439862542955326 0.015533980582524271 0.03264604810996564
1 0.5927184466019417 0.15292096219931273 0.014563106796116505 0.030927835051546393
1 0.6097087378640776 0.12285223367697594 0.013592233009708738 0.029209621993127148
1 0.6237864077669902 0.14604810996563575 0.01262135922330097 0.030927835051546393
1 0.6330097087378641 0.12972508591065293 0.013592233009708738 0.03264604810996564
1 0.6179611650485437 0.11254295532646048 0.010679611650485437 0.02577319587628866
1 0.6344660194174757 0.10996563573883161 0.010679611650485437 0.020618556701030927
1 0.662621359223301 0.140893470790378 0.01650485436893204 0.03436426116838488
1 0.6640776699029126 0.1134020618556701 0.013592233009708738 0.024054982817869417
1 0.6723300970873787 0.10738831615120274 0.010679611650485437 0.02577319587628866
1 0.6893203883495146 0.12027491408934708 0.013592233009708738 0.027491408934707903
1 0.6907766990291262 0.10223367697594501 0.01262135922330097 0.02577319587628866
1 0.712135922330097 0.10395189003436427 0.01262135922330097 0.02577319587628866
1 0.5694174757281554 0.23711340206185566 0.02621359223300971 0.058419243986254296
1 0.4970873786407767 0.2869415807560137 0.03300970873786408 0.06529209621993128
1 0.5446601941747573 0.2963917525773196 0.02912621359223301 0.070446735395189
1 0.6101941747572815 0.23625429553264604 0.02815533980582524 0.04982817869415808
1 0.6368932038834951 0.218213058419244 0.021359223300970873 0.044673539518900345
1 0.6203883495145631 0.29982817869415807 0.036893203883495145 0.05670103092783505
1 0.6757281553398058 0.24570446735395188 0.02330097087378641 0.058419243986254296
1 0.6679611650485436 0.17783505154639176 0.017475728155339806 0.03608247422680412
1 0.7063106796116505 0.15807560137457044 0.01650485436893204 0.03436426116838488
1 0.7160194174757282 0.18900343642611683 0.01650485436893204 0.041237113402061855
1 0.7097087378640776 0.22852233676975944 0.021359223300970873 0.048109965635738834
1 0.7262135922330097 0.2852233676975945 0.027184466019417475 0.061855670103092786
1 0.6932038834951456 0.30584192439862545 0.02912621359223301 0.054982817869415807
1 0.7291262135922331 0.140893470790378 0.013592233009708738 0.030927835051546393
1 0.7514563106796116 0.16666666666666666 0.017475728155339806 0.037800687285223365
1 0.7563106796116504 0.1950171821305842 0.019417475728155338 0.0429553264604811
1 0.7558252427184466 0.13917525773195877 0.01650485436893204 0.027491408934707903
1 0.8024271844660195 0.1563573883161512 0.01650485436893204 0.03436426116838488
1 0.7961165048543689 0.14175257731958762 0.013592233009708738 0.029209621993127148
1 0.8033980582524272 0.22766323024054982 0.020388349514563107 0.04982817869415808
1 0.7796116504854369 0.23883161512027493 0.02330097087378641 0.044673539518900345
1 0.7864077669902912 0.31958762886597936 0.02524271844660194 0.058419243986254296
1 0.7572815533980582 0.37285223367697595 0.03495145631067961 0.06872852233676977
1 0.8446601941747572 0.37371134020618557 0.031067961165048542 0.070446735395189
1 0.837378640776699 0.3084192439862543 0.02621359223300971 0.06013745704467354
1 0.8266990291262136 0.2551546391752577 0.020388349514563107 0.04639175257731959
1 0.8684466019417476 0.25945017182130586 0.02233009708737864 0.058419243986254296
1 0.891747572815534 0.23109965635738833 0.024271844660194174 0.04639175257731959
1 0.9412621359223301 0.21563573883161513 0.01650485436893204 0.04639175257731959
1 0.9271844660194175 0.28436426116838487 0.019417475728155338 0.04639175257731959
1 0.9213592233009709 0.3238831615120275 0.02330097087378641 0.06013745704467354
1 0.9116504854368932 0.4261168384879725 0.038834951456310676 0.07560137457044673