1 0.07929104477611941 0.43485342019543977 0.04477611940298507 0.09771986970684039
1 0.24813432835820895 0.2760586319218241 0.020522388059701493 0.03745928338762215
1 0.2868470149253731 0.26302931596091206 0.025186567164179104 0.043973941368078175
1 0.30223880597014924 0.253257328990228 0.020522388059701493 0.050488599348534204
1 0.3204291044776119 0.25651465798045603 0.02332089552238806 0.04071661237785016
1 0.314365671641791 0.20765472312703584 0.020522388059701493 0.04071661237785016
1 0.3423507462686567 0.2752442996742671 0.022388059701492536 0.04560260586319218
1 0.345615671641791 0.20276872964169382 0.01958955223880597 0.04723127035830619
1 0.36007462686567165 0.20765472312703584 0.018656716417910446 0.03745928338762215
1 0.36986940298507465 0.19462540716612378 0.01958955223880597 0.030944625407166124
1 0.39225746268656714 0.20684039087947884 0.021455223880597014 0.03908794788273615
1 0.40531716417910446 0.16449511400651465 0.017723880597014924 0.029315960912052116
1 0.42490671641791045 0.1775244299674267 0.01958955223880597 0.029315960912052116
1 0.42490671641791045 0.20602605863192183 0.01585820895522388 0.03420195439739414
1 0.4337686567164179 0.2255700325732899 0.016791044776119403 0.03420195439739414
1 0.4375 0.19381107491856678 0.016791044776119403 0.029315960912052116
1 0.4244402985074627 0.25814332247557004 0.026119402985074626 0.05374592833876222
1 0.4612873134328358 0.18729641693811075 0.021455223880597014 0.04234527687296417
1 0.45475746268656714 0.16205211726384364 0.013992537313432836 0.02768729641693811
1 0.45009328358208955 0.13517915309446255 0.01585820895522388 0.029315960912052116
1 0.46595149253731344 0.1498371335504886 0.012126865671641791 0.029315960912052116
1 0.478544776119403 0.15798045602605862 0.018656716417910446 0.035830618892508145
1 0.47994402985074625 0.12947882736156352 0.01585820895522388 0.02768729641693811
1 0.5125932835820896 0.15146579804560262 0.01958955223880597 0.035830618892508145
1 0.5139925373134329 0.1995114006514658 0.018656716417910446 0.04071661237785016
1 0.49906716417910446 0.18892508143322476 0.018656716417910446 0.035830618892508145
1 0.4869402985074627 0.2182410423452769 0.026119402985074626 0.048859934853420196
1 0.4846082089552239 0.2931596091205212 0.025186567164179104 0.06188925081433225
1 0.5424440298507462 0.2980456026058632 0.027052238805970148 0.05211726384364821
1 0.5611007462686567 0.24592833876221498 0.025186567164179104 0.048859934853420196
1 0.5984141791044776 0.31433224755700323 0.03264925373134328 0.06514657980456026
1 0.6086753731343284 0.254885993485342 0.025186567164179104 0.043973941368078175
1 0.5284514925373134 0.12947882736156352 0.013992537313432836 0.02768729641693811
1 0.5452425373134329 0.1457654723127036 0.013992537313432836 0.030944625407166124
1 0.5643656716417911 0.17263843648208468 0.020522388059701493 0.035830618892508145
1 0.5746268656716418 0.1465798045602606 0.018656716417910446 0.035830618892508145
1 0.5517723880597015 0.10667752442996743 0.010261194029850746 0.024429967426710098
1 0.5811567164179104 0.09364820846905537 0.014925373134328358 0.030944625407166124
1 0.5839552238805971 0.11889250814332247 0.014925373134328358 0.03257328990228013
1 0.6142723880597015 0.13192182410423453 0.017723880597014924 0.03908794788273615
1 0.6147388059701493 0.09201954397394137 0.016791044776119403 0.024429967426710098
1 0.6389925373134329 0.050488599348534204 0.013059701492537313 0.029315960912052116
1 0.6352611940298507 0.09364820846905537 0.011194029850746268 0.021172638436482084
1 0.6357276119402985 0.11563517915309446 0.013992537313432836 0.02280130293159609
1 0.6511194029850746 0.16693811074918566 0.018656716417910446 0.03420195439739414
1 0.6431902985074627 0.1970684039087948 0.021455223880597014 0.04234527687296417
1 0.6030783582089553 0.20765472312703584 0.027052238805970148 0.04723127035830619
1 0.6543843283582089 0.24674267100977199 0.030783582089552237 0.050488599348534204
1 0.6930970149253731 0.22068403908794787 0.024253731343283583 0.04723127035830619
1 0.6884328358208955 0.1758957654723127 0.018656716417910446 0.048859934853420196
1 0.6879664179104478 0.14169381107491857 0.01958955223880597 0.03908794788273615
1 0.6665111940298507 0.11319218241042345 0.01958955223880597 0.04071661237785016
1 0.6884328358208955 0.09120521172638436 0.016791044776119403 0.03257328990228013
1 0.6986940298507462 0.1278501628664495 0.018656716417910446 0.03745928338762215
1 0.7238805970149254 0.1490228013029316 0.018656716417910446 0.04071661237785016
1 0.7364738805970149 0.1278501628664495 0.01585820895522388 0.030944625407166124
1 0.7318097014925373 0.10912052117263844 0.010261194029850746 0.02280130293159609
1 0.7439365671641791 0.11644951140065146 0.012126865671641791 0.02768729641693811
1 0.7607276119402985 0.1245928338762215 0.017723880597014924 0.03420195439739414
1 0.7527985074626866 0.1490228013029316 0.016791044776119403 0.043973941368078175
1 0.7789179104477612 0.11319218241042345 0.011194029850746268 0.030944625407166124
1 0.7933768656716418 0.12947882736156352 0.01585820895522388 0.03420195439739414
1 0.8083022388059702 0.11644951140065146 0.013992537313432836 0.02768729641693811
1 0.8232276119402985 0.13843648208469056 0.01585820895522388 0.03257328990228013
1 0.8111007462686567 0.16123778501628663 0.01585820895522388 0.03257328990228013
1 0.7910447761194029 0.16775244299674266 0.018656716417910446 0.035830618892508145
1 0.7611940298507462 0.21986970684039087 0.027985074626865673 0.05211726384364821
1 0.7276119402985075 0.18811074918566775 0.020522388059701493 0.03745928338762215
1 0.7168843283582089 0.2744299674267101 0.025186567164179104 0.06026058631921824
1 0.667910447761194 0.31840390879478825 0.029850746268656716 0.06026058631921824
1 0.7835820895522388 0.28257328990228014 0.03171641791044776 0.06351791530944625
1 0.8050373134328358 0.24185667752442996 0.024253731343283583 0.05374592833876222
1 0.8404850746268657 0.18729641693811075 0.018656716417910446 0.04234527687296417
1 0.8460820895522388 0.15065146579804561 0.018656716417910446 0.030944625407166124
1 0.8586753731343284 0.1245928338762215 0.01585820895522388 0.030944625407166124
1 0.8768656716417911 0.18566775244299674 0.020522388059701493 0.03908794788273615
1 0.8852611940298507 0.16123778501628663 0.014925373134328358 0.029315960912052116
1 0.8899253731343284 0.13599348534201955 0.011194029850746268 0.02768729641693811
1 0.9221082089552238 0.15146579804560262 0.01585820895522388 0.029315960912052116
1 0.9188432835820896 0.1970684039087948 0.016791044776119403 0.04234527687296417
1 0.8619402985074627 0.22068403908794787 0.022388059701492536 0.04071661237785016