1 0.023187183811129847 0.4409090909090909 0.02951096121416526 0.06060606060606061
1 0.23988195615514335 0.34393939393939393 0.0193929173693086 0.03333333333333333
1 0.265177065767285 0.3765151515151515 0.0193929173693086 0.04393939393939394
1 0.2963743676222597 0.3840909090909091 0.021079258010118045 0.04090909090909091
1 0.342327150084317 0.37196969696969695 0.02866779089376054 0.04696969696969697
1 0.29890387858347384 0.30757575757575756 0.01770657672849916 0.03636363636363636
1 0.37015177065767285 0.3378787878787879 0.016863406408094434 0.03636363636363636
1 0.3676222596964587 0.29848484848484846 0.016863406408094434 0.03939393939393939
1 0.39924114671163574 0.325 0.01433389544688027 0.03787878787878788
1 0.42158516020236086 0.3386363636363636 0.021922428330522766 0.04090909090909091
1 0.42074198988195616 0.3007575757575758 0.01517706576728499 0.031818181818181815
1 0.407672849915683 0.26515151515151514 0.01433389544688027 0.02727272727272727
1 0.42074198988195616 0.27045454545454545 0.01517706576728499 0.03484848484848485
1 0.44477234401349075 0.24924242424242424 0.01433389544688027 0.02878787878787879
1 0.4612141652613828 0.2628787878787879 0.016863406408094434 0.031818181818181815
1 0.48355817875210794 0.30303030303030304 0.016020236087689713 0.03636363636363636
1 0.4645868465430017 0.3734848484848485 0.021922428330522766 0.04696969696969697
1 0.48524451939291735 0.2340909090909091 0.012647554806070826 0.025757575757575757
1 0.5252951096121417 0.26515151515151514 0.013490725126475547 0.030303030303030304
1 0.48650927487352447 0.271969696969697 0.021922428330522766 0.03484848484848485
1 0.5164418212478921 0.325 0.021079258010118045 0.04696969696969697
1 0.5387858347386172 0.27954545454545454 0.01854974704890388 0.04393939393939394
1 0.5526981450252951 0.25075757575757573 0.016020236087689713 0.03787878787878788
1 0.5362563237774031 0.25303030303030305 0.011804384485666104 0.03636363636363636
1 0.5754637436762225 0.22424242424242424 0.012647554806070826 0.02727272727272727
1 0.5881112984822934 0.2340909090909091 0.01433389544688027 0.02878787878787879
1 0.5927487352445194 0.22045454545454546 0.01517706576728499 0.025757575757575757
1 0.6209949409780776 0.21742424242424244 0.01433389544688027 0.02878787878787879
1 0.6323777403035413 0.20303030303030303 0.011804384485666104 0.03333333333333333
1 0.6184654300168634 0.24848484848484848 0.016020236087689713 0.03636363636363636
1 0.6049747048903878 0.24924242424242424 0.01433389544688027 0.02878787878787879
1 0.6011804384485666 0.26666666666666666 0.01517706576728499 0.03333333333333333
1 0.5847386172006745 0.2878787878787879 0.0193929173693086 0.045454545454545456
1 0.5535413153456998 0.35454545454545455 0.026138279932546374 0.05454545454545454
1 0.5645025295109612 0.4113636363636364 0.03288364249578415 0.05303030303030303
1 0.4776559865092749 0.41818181818181815 0.02951096121416526 0.05757575757575758
1 0.6125632377740303 0.45606060606060606 0.03288364249578415 0.0696969696969697
1 0.6214165261382799 0.32954545454545453 0.025295109612141653 0.04090909090909091
1 0.6327993254637436 0.3606060606060606 0.026138279932546374 0.05757575757575758
1 0.6462900505902193 0.2128787878787879 0.012647554806070826 0.02878787878787879
1 0.6606239460370995 0.225 0.01770657672849916 0.031818181818181815
1 0.6795952782462057 0.20833333333333334 0.01011804384485666 0.025757575757575757
1 0.6930860033726813 0.22424242424242424 0.013490725126475547 0.03333333333333333
1 0.6559865092748736 0.24166666666666667 0.013490725126475547 0.02878787878787879
1 0.6981450252951096 0.26666666666666666 0.016863406408094434 0.03333333333333333
1 0.71964586846543 0.22272727272727272 0.01433389544688027 0.030303030303030304
1 0.725548060708263 0.25 0.012647554806070826 0.03636363636363636
1 0.654300168634064 0.30833333333333335 0.02023608768971332 0.03787878787878788
1 0.6690556492411467 0.34545454545454546 0.0193929173693086 0.045454545454545456
1 0.677487352445194 0.36818181818181817 0.026138279932546374 0.06363636363636363
1 0.709106239460371 0.3560606060606061 0.021922428330522766 0.048484848484848485
1 0.7019392917369308 0.3212121212121212 0.022765598650927487 0.045454545454545456
1 0.6606239460370995 0.4643939393939394 0.03794266441821248 0.07424242424242425
1 0.7280775716694773 0.4962121212121212 0.03625632377740304 0.08636363636363636
1 0.7567453625632378 0.4068181818181818 0.026138279932546374 0.05303030303030303
1 0.8056492411467117 0.4348484848484849 0.02951096121416526 0.05454545454545454
1 0.7681281618887015 0.24393939393939393 0.01517706576728499 0.030303030303030304
1 0.7799325463743676 0.22954545454545455 0.01517706576728499 0.02878787878787879
1 0.8035413153456998 0.2356060606060606 0.013490725126475547 0.031818181818181815
1 0.815345699831366 0.24166666666666667 0.01517706576728499 0.03484848484848485
1 0.8389544688026982 0.2636363636363636 0.016863406408094434 0.03636363636363636
1 0.8684654300168634 0.2537878787878788 0.01517706576728499 0.03787878787878788
1 0.75 0.2871212121212121 0.01770657672849916 0.03484848484848485
1 0.7752951096121417 0.27121212121212124 0.01770657672849916 0.03636363636363636
1 0.7984822934232715 0.28484848484848485 0.016863406408094434 0.03939393939393939
1 0.845699831365936 0.3007575757575758 0.01517706576728499 0.03484848484848485
1 0.8397976391231029 0.33106060606060606 0.021922428330522766 0.04090909090909091
1 0.8360033726812817 0.36666666666666664 0.024451939291736932 0.045454545454545456
1 0.8781618887015177 0.3378787878787879 0.016020236087689713 0.03939393939393939
1 0.8891231028667791 0.37424242424242427 0.021079258010118045 0.06060606060606061
1 0.9034569983136593 0.3386363636363636 0.01770657672849916 0.04393939393939394
1 0.9068296795952783 0.3143939393939394 0.016020236087689713 0.03484848484848485
1 0.8785834738617201 0.2833333333333333 0.016863406408094434 0.03333333333333333
1 0.8849072512647554 0.27424242424242423 0.012647554806070826 0.03636363636363636
1 0.8988195615514334 0.24848484848484848 0.011804384485666104 0.03333333333333333
1 0.9245362563237775 0.2856060606060606 0.01433389544688027 0.04090909090909091
1 0.9401349072512648 0.32272727272727275 0.01517706576728499 0.03939393939393939
1 0.9405564924114671 0.30757575757575756 0.016020236087689713 0.03636363636363636
1 0.9603709949409781 0.2681818181818182 0.011804384485666104 0.03333333333333333
1 0.9616357504215851 0.29848484848484846 0.01433389544688027 0.03636363636363636
1 0.96964586846543 0.37272727272727274 0.01854974704890388 0.06060606060606061
1 0.9401349072512648 0.47424242424242424 0.02866779089376054 0.06060606060606061
1 0.8709949409780776 0.4856060606060606 0.02866779089376054 0.06212121212121212
1 0.8486509274873525 0.5409090909090909 0.031197301854974706 0.07575757575757576
1 0.9388701517706577 0.4553030303030303 0.024451939291736932 0.03787878787878788