1 0.12626262626262627 0.5176056338028169 0.04377104377104377 0.08028169014084507
1 0.2218013468013468 0.3345070422535211 0.017676767676767676 0.038028169014084505
1 0.2542087542087542 0.3457746478873239 0.021885521885521887 0.038028169014084505
1 0.2866161616161616 0.2943661971830986 0.01936026936026936 0.030985915492957747
1 0.33164983164983164 0.34225352112676055 0.021885521885521887 0.04788732394366197
1 0.3501683501683502 0.323943661971831 0.013468013468013467 0.030985915492957747
1 0.3489057239057239 0.29225352112676056 0.015993265993265993 0.035211267605633804
1 0.38636363636363635 0.2563380281690141 0.015151515151515152 0.028169014084507043
1 0.4132996632996633 0.2605633802816901 0.015151515151515152 0.028169014084507043
1 0.4238215488215488 0.2535211267605634 0.01430976430976431 0.02535211267605634
1 0.4015151515151515 0.2936619718309859 0.015151515151515152 0.029577464788732393
1 0.4065656565656566 0.326056338028169 0.021885521885521887 0.04084507042253521
1 0.4478114478114478 0.3345070422535211 0.020202020202020204 0.038028169014084505
1 0.4722222222222222 0.3028169014084507 0.018518518518518517 0.03380281690140845
1 0.44276094276094274 0.2584507042253521 0.015151515151515152 0.035211267605633804
1 0.46254208754208753 0.24014084507042255 0.01430976430976431 0.02676056338028169
1 0.468013468013468 0.2323943661971831 0.013468013468013467 0.02535211267605634
1 0.4718013468013468 0.2612676056338028 0.015993265993265993 0.029577464788732393
1 0.5054713804713805 0.2605633802816901 0.012626262626262626 0.028169014084507043
1 0.5126262626262627 0.2507042253521127 0.011784511784511785 0.02535211267605634
1 0.5290404040404041 0.2746478873239437 0.017676767676767676 0.03380281690140845
1 0.54503367003367 0.252112676056338 0.012626262626262626 0.030985915492957747
1 0.5029461279461279 0.323943661971831 0.01936026936026936 0.036619718309859155
1 0.47895622895622897 0.3971830985915493 0.03198653198653199 0.04788732394366197
1 0.5387205387205387 0.35352112676056335 0.020202020202020204 0.05352112676056338
1 0.5551346801346801 0.273943661971831 0.01430976430976431 0.029577464788732393
1 0.5568181818181818 0.22464788732394367 0.012626262626262626 0.02676056338028169
1 0.5698653198653199 0.2147887323943662 0.010101010101010102 0.018309859154929577
1 0.5744949494949495 0.23169014084507042 0.01430976430976431 0.029577464788732393
1 0.5774410774410774 0.25985915492957745 0.015151515151515152 0.029577464788732393
1 0.6022727272727273 0.24788732394366197 0.010942760942760943 0.02535211267605634
1 0.6047979797979798 0.22605633802816902 0.010942760942760943 0.02676056338028169
1 0.6102693602693603 0.2056338028169014 0.015151515151515152 0.02535211267605634
1 0.6022727272727273 0.3232394366197183 0.021043771043771045 0.04647887323943662
1 0.5391414141414141 0.42464788732394365 0.031144781144781145 0.06056338028169014
1 0.5845959595959596 0.4507042253521127 0.03282828282828283 0.07323943661971831
1 0.6376262626262627 0.45985915492957746 0.034511784511784514 0.06338028169014084
1 0.6140572390572391 0.3619718309859155 0.022727272727272728 0.04507042253521127
1 0.6628787878787878 0.35845070422535213 0.029461279461279462 0.04647887323943662
1 0.6519360269360269 0.33943661971830985 0.021043771043771045 0.04225352112676056
1 0.6355218855218855 0.29859154929577464 0.016835016835016835 0.028169014084507043
1 0.6384680134680135 0.24859154929577465 0.01430976430976431 0.029577464788732393
1 0.6755050505050505 0.20704225352112676 0.009259259259259259 0.02535211267605634
1 0.6784511784511784 0.2267605633802817 0.011784511784511785 0.02535211267605634
1 0.6877104377104377 0.22323943661971832 0.011784511784511785 0.02676056338028169
1 0.6742424242424242 0.2704225352112676 0.016835016835016835 0.03380281690140845
1 0.7108585858585859 0.24859154929577465 0.015993265993265993 0.038028169014084505
1 0.680976430976431 0.3112676056338028 0.018518518518518517 0.04507042253521127
1 0.6948653198653199 0.3542253521126761 0.022727272727272728 0.04929577464788732
1 0.7251683501683501 0.3908450704225352 0.02441077441077441 0.05211267605633803
1 0.7390572390572391 0.2471830985915493 0.016835016835016835 0.0323943661971831
1 0.7512626262626263 0.23591549295774647 0.01430976430976431 0.02676056338028169
1 0.7857744107744108 0.2774647887323944 0.015993265993265993 0.03943661971830986
1 0.7773569023569024 0.26267605633802815 0.01430976430976431 0.02676056338028169
1 0.7925084175084175 0.2584507042253521 0.01430976430976431 0.029577464788732393
1 0.7870370370370371 0.23591549295774647 0.015151515151515152 0.035211267605633804
1 0.8177609427609428 0.24014084507042255 0.012626262626262626 0.02676056338028169
1 0.8287037037037037 0.26267605633802815 0.017676767676767676 0.035211267605633804
1 0.8160774410774411 0.29014084507042254 0.01936026936026936 0.03380281690140845
1 0.8194444444444444 0.352112676056338 0.01936026936026936 0.04788732394366197
1 0.8181818181818182 0.3345070422535211 0.018518518518518517 0.0323943661971831
1 0.8547979797979798 0.2549295774647887 0.012626262626262626 0.022535211267605635
1 0.8636363636363636 0.2676056338028169 0.015151515151515152 0.036619718309859155
1 0.8888888888888888 0.2528169014084507 0.011784511784511785 0.029577464788732393
1 0.8552188552188552 0.31690140845070425 0.016835016835016835 0.03943661971830986
1 0.8783670033670034 0.3302816901408451 0.017676767676767676 0.04366197183098591
1 0.8985690235690236 0.3154929577464789 0.01430976430976431 0.03380281690140845
1 0.9078282828282829 0.2859154929577465 0.01430976430976431 0.036619718309859155
1 0.9427609427609428 0.30422535211267604 0.016835016835016835 0.03380281690140845
1 0.9486531986531986 0.28098591549295776 0.013468013468013467 0.02676056338028169
1 0.9284511784511784 0.3183098591549296 0.018518518518518517 0.030985915492957747
1 0.9377104377104377 0.39929577464788735 0.018518518518518517 0.04647887323943662
1 0.8569023569023569 0.4007042253521127 0.02356902356902357 0.04929577464788732
1 0.9326599326599326 0.46338028169014084 0.03535353535353535 0.061971830985915494
1 0.7908249158249159 0.4197183098591549 0.022727272727272728 0.061971830985915494
1 0.8480639730639731 0.4619718309859155 0.027777777777777776 0.056338028169014086
1 0.70496632996633 0.532394366197183 0.03956228956228956 0.07605633802816901
1 0.8177609427609428 0.5056338028169014 0.03787878787878788 0.07042253521126761
1 0.2748316498316498 0.37816901408450704 0.021043771043771045 0.0323943661971831
1 0.7079124579124579 0.2964788732394366 0.021885521885521887 0.038028169014084505
1 0.6426767676767676 0.22323943661971832 0.012626262626262626 0.029577464788732393