1 0.09424603174603174 0.3253968253968254 0.13095238095238096 0.26631393298059963
1 0.13343253968253968 0.1490299823633157 0.12400793650793651 0.2204585537918871
1 0.29117063492063494 0.15079365079365079 0.08234126984126984 0.164021164021164
1 0.3323412698412698 0.281305114638448 0.10714285714285714 0.20282186948853614
1 0.2916666666666667 0.47442680776014107 0.17857142857142858 0.3421516754850088
1 0.48759920634920634 0.25485008818342153 0.1259920634920635 0.25220458553791886
1 0.7073412698412699 0.31040564373897706 0.1488095238095238 0.2751322751322751
1 0.7013888888888888 0.18783068783068782 0.08531746031746032 0.15696649029982362
1 0.6775793650793651 0.07054673721340388 0.09325396825396826 0.13756613756613756
1 0.8541666666666666 0.14638447971781304 0.1349206349206349 0.2328042328042328
1 0.8725198412698413 0.4982363315696649 0.19345238095238096 0.36860670194003525