1 0.08263888888888889 0.7462962962962963 0.08194444444444444 0.11481481481481481
1 0.06666666666666667 0.6833333333333333 0.06388888888888888 0.07777777777777778
1 0.09097222222222222 0.649074074074074 0.04583333333333333 0.06851851851851852
1 0.08680555555555555 0.5416666666666666 0.02638888888888889 0.03888888888888889
1 0.1638888888888889 0.5194444444444445 0.030555555555555555 0.05
1 0.23472222222222222 0.5453703703703704 0.025 0.04259259259259259
1 0.3138888888888889 0.5138888888888888 0.025 0.046296296296296294
1 0.3854166666666667 0.5120370370370371 0.029166666666666667 0.05
1 0.4597222222222222 0.512962962962963 0.027777777777777776 0.044444444444444446
1 0.5347222222222222 0.5361111111111111 0.025 0.046296296296296294
1 0.5951388888888889 0.5305555555555556 0.02638888888888889 0.03888888888888889
1 0.6458333333333334 0.5324074074074074 0.030555555555555555 0.04259259259259259
1 0.7083333333333334 0.5324074074074074 0.025 0.03888888888888889
1 0.7645833333333333 0.5416666666666666 0.029166666666666667 0.04259259259259259
1 0.8236111111111111 0.5583333333333333 0.022222222222222223 0.04259259259259259
1 0.88125 0.5324074074074074 0.029166666666666667 0.03888888888888889
1 0.9159722222222222 0.6731481481481482 0.04027777777777778 0.053703703703703705
1 0.8770833333333333 0.6546296296296297 0.0375 0.05740740740740741
1 0.8777777777777778 0.6240740740740741 0.03611111111111111 0.040740740740740744
1 0.7986111111111112 0.6518518518518519 0.04722222222222222 0.05925925925925926
1 0.7659722222222223 0.6231481481481481 0.029166666666666667 0.05
1 0.7319444444444444 0.6314814814814815 0.025 0.044444444444444446
1 0.6743055555555556 0.6185185185185185 0.03194444444444444 0.05555555555555555
1 0.6298611111111111 0.6962962962962963 0.059722222222222225 0.1
1 0.51875 0.6842592592592592 0.04861111111111111 0.07222222222222222
1 0.4798611111111111 0.649074074074074 0.04861111111111111 0.06481481481481481
1 0.4395833333333333 0.6907407407407408 0.05138888888888889 0.07407407407407407
1 0.3861111111111111 0.6805555555555556 0.05 0.06481481481481481
1 0.4152777777777778 0.6166666666666667 0.03333333333333333 0.05555555555555555
1 0.3645833333333333 0.65 0.029166666666666667 0.04814814814814815
1 0.32013888888888886 0.6435185185185185 0.03194444444444444 0.03888888888888889
1 0.31527777777777777 0.6166666666666667 0.041666666666666664 0.05925925925925926
1 0.22291666666666668 0.6694444444444444 0.04027777777777778 0.05740740740740741
1 0.23541666666666666 0.6083333333333333 0.02638888888888889 0.03888888888888889
1 0.5104166666666666 0.7777777777777778 0.07361111111111111 0.1037037037037037
1 0.5902777777777778 0.8574074074074074 0.08333333333333333 0.1111111111111111
1 0.6944444444444444 0.8111111111111111 0.075 0.1
1 0.8673611111111111 0.8833333333333333 0.1625 0.22962962962962963
1 0.32916666666666666 0.9166666666666666 0.1111111111111111 0.16666666666666666
1 0.33541666666666664 0.8064814814814815 0.11805555555555555 0.13518518518518519
1 0.24375 0.7666666666666667 0.07916666666666666 0.11851851851851852
1 0.2763888888888889 0.7111111111111111 0.05555555555555555 0.07777777777777778
1 0.17708333333333334 0.6472222222222223 0.04027777777777778 0.05
1 0.14375 0.6231481481481481 0.034722222222222224 0.053703703703703705