1 0.1975 0.23756218905472637 0.058333333333333334 0.09701492537313433
1 0.43916666666666665 0.3706467661691542 0.03833333333333333 0.06467661691542288
1 0.4925 0.3781094527363184 0.035 0.06965174129353234
1 0.535 0.3843283582089552 0.043333333333333335 0.06716417910447761
1 0.5625 0.3718905472636816 0.025 0.0472636815920398
1 0.585 0.4154228855721393 0.043333333333333335 0.08955223880597014
1 0.6141666666666666 0.3793532338308458 0.035 0.05721393034825871
1 0.6833333333333333 0.373134328358209 0.02666666666666667 0.04477611940298507
1 0.715 0.3694029850746269 0.03 0.0472636815920398
1 0.7491666666666666 0.40049751243781095 0.035 0.05970149253731343
1 0.765 0.35696517412935325 0.023333333333333334 0.04228855721393035
1 0.8025 0.3706467661691542 0.028333333333333332 0.04975124378109453
1 0.8291666666666667 0.3582089552238806 0.021666666666666667 0.03980099502487562
1 0.8166666666666667 0.4490049751243781 0.05333333333333334 0.09701492537313433
1 0.8658333333333333 0.3880597014925373 0.03166666666666667 0.05472636815920398
1 0.8925 0.3718905472636816 0.025 0.04228855721393035
1 0.9366666666666666 0.4701492537313433 0.06 0.11442786069651742
1 0.9575 0.43656716417910446 0.045 0.08208955223880597
1 0.9533333333333334 0.38308457711442784 0.03 0.04477611940298507
1 0.9783333333333334 0.35323383084577115 0.02 0.03980099502487562