1 0.14206642066420663 0.26753670473083196 0.02214022140221402 0.04241435562805873
1 0.41051660516605165 0.21859706362153344 0.02214022140221402 0.03588907014681892
1 0.6259225092250923 0.1370309951060359 0.015682656826568265 0.03262642740619902
1 0.6494464944649446 0.12805872756933115 0.02029520295202952 0.024469820554649267
1 0.6402214022140221 0.16068515497553018 0.023985239852398525 0.02773246329526917
1 0.7523062730627307 0.14518760195758565 0.015682656826568265 0.026101141924959218
1 0.7679889298892989 0.15905383360522024 0.015682656826568265 0.037520391517128875
1 0.900830258302583 0.233278955954323 0.01937269372693727 0.03588907014681892
1 0.8906826568265682 0.2553017944535073 0.01937269372693727 0.04404567699836868
1 0.9197416974169742 0.2601957585644372 0.01845018450184502 0.04730831973898858
1 0.8205719557195572 0.2642740619902121 0.021217712177121772 0.04567699836867863
1 0.5705719557195572 0.2569331158238173 0.023062730627306273 0.05057096247960848