1 0.04481792717086835 0.3963515754560531 0.029878618113912233 0.06301824212271974
1 0.24976657329598506 0.2902155887230514 0.015873015873015872 0.02321724709784411
1 0.2721755368814192 0.2703150912106136 0.017740429505135387 0.03316749585406302
1 0.3029878618113912 0.263681592039801 0.017740429505135387 0.03648424543946932
1 0.3366013071895425 0.2802653399668325 0.015873015873015872 0.029850746268656716
1 0.3319327731092437 0.2230514096185738 0.014005602240896359 0.03150912106135987
1 0.34827264239028943 0.21724709784411278 0.014939309056956116 0.026533996683250415
1 0.3753501400560224 0.21475953565505804 0.013071895424836602 0.03150912106135987
1 0.3926237161531279 0.21807628524046435 0.014005602240896359 0.028192371475953566
1 0.42670401493930904 0.21807628524046435 0.014939309056956116 0.024875621890547265
1 0.42857142857142855 0.269485903814262 0.02054154995331466 0.04145936981757877
1 0.49019607843137253 0.2330016583747927 0.018674136321195144 0.04477611940298507
1 0.45518207282913165 0.2230514096185738 0.015873015873015872 0.03150912106135987
1 0.44211017740429503 0.20149253731343283 0.014005602240896359 0.024875621890547265
1 0.4257703081232493 0.1865671641791045 0.01680672268907563 0.028192371475953566
1 0.42483660130718953 0.16500829187396351 0.011204481792717087 0.01824212271973466
1 0.45938375350140054 0.1691542288557214 0.013071895424836602 0.01990049751243781
1 0.4519140989729225 0.15008291873963517 0.009337068160597572 0.01824212271973466
1 0.477124183006536 0.16832504145936983 0.013071895424836602 0.02155887230514096
1 0.47012138188608776 0.14925373134328357 0.012138188608776844 0.02321724709784411
1 0.4850606909430439 0.13432835820895522 0.01027077497665733 0.02321724709784411
1 0.49906629318394025 0.19817578772802655 0.014005602240896359 0.024875621890547265
1 0.5401493930905695 0.20066334991708126 0.015873015873015872 0.03316749585406302
1 0.5168067226890757 0.15257048092868988 0.014005602240896359 0.026533996683250415
1 0.5303454715219421 0.1351575456053068 0.013071895424836602 0.03150912106135987
1 0.5009337068160598 0.1558872305140962 0.012138188608776844 0.01990049751243781
1 0.5023342670401494 0.1799336650082919 0.013071895424836602 0.02155887230514096
1 0.5499533146591971 0.1583747927031509 0.013071895424836602 0.03150912106135987
1 0.5700280112044818 0.18159203980099503 0.017740429505135387 0.03150912106135987
1 0.5779645191409897 0.1558872305140962 0.013071895424836602 0.029850746268656716
1 0.5588235294117647 0.11525704809286899 0.012138188608776844 0.02155887230514096
1 0.5863678804855276 0.12437810945273632 0.013071895424836602 0.02321724709784411
1 0.5891690009337068 0.09950248756218906 0.011204481792717087 0.02321724709784411
1 0.6185807656395892 0.14593698175787728 0.012138188608776844 0.026533996683250415
1 0.6097105508870215 0.12189054726368159 0.009337068160597572 0.02155887230514096
1 0.6167133520074697 0.10530679933665009 0.01027077497665733 0.02155887230514096
1 0.6353874883286648 0.12437810945273632 0.014005602240896359 0.026533996683250415
1 0.6493930905695612 0.1044776119402985 0.012138188608776844 0.02321724709784411
1 0.6661998132586368 0.11857379767827529 0.014005602240896359 0.024875621890547265
1 0.6984126984126984 0.10199004975124377 0.013071895424836602 0.03150912106135987
1 0.39169000933706816 0.19817578772802655 0.014005602240896359 0.024875621890547265
1 0.4892623716153128 0.29933665008291876 0.02054154995331466 0.04477611940298507
1 0.5681605975723623 0.29270315091210614 0.021475256769374416 0.04477611940298507
1 0.6022408963585434 0.33250414593698174 0.029878618113912233 0.05472636815920398
1 0.6713352007469654 0.32587064676616917 0.028011204481792718 0.05472636815920398
1 0.711484593837535 0.2960199004975124 0.02427637721755369 0.04477611940298507
1 0.7829131652661064 0.29850746268656714 0.021475256769374416 0.04975124378109453
1 0.8029878618113913 0.24378109452736318 0.02054154995331466 0.04975124378109453
1 0.7469654528478058 0.2230514096185738 0.022408963585434174 0.04145936981757877
1 0.7021475256769374 0.20398009950248755 0.02054154995331466 0.03316749585406302
1 0.661531279178338 0.2023217247097844 0.0196078431372549 0.03648424543946932
1 0.6386554621848739 0.1791044776119403 0.018674136321195144 0.03316749585406302
1 0.6204481792717087 0.2222222222222222 0.021475256769374416 0.03648424543946932
1 0.6139122315592904 0.25456053067993367 0.021475256769374416 0.04145936981757877
1 0.5634920634920635 0.24461028192371476 0.02334267040149393 0.04809286898839138
1 0.6764705882352942 0.15091210613598674 0.014005602240896359 0.029850746268656716
1 0.7026143790849673 0.1451077943615257 0.012138188608776844 0.028192371475953566
1 0.7245564892623716 0.15671641791044777 0.011204481792717087 0.03150912106135987
1 0.734360410830999 0.1285240464344942 0.012138188608776844 0.03150912106135987
1 0.746031746031746 0.1384742951907131 0.014939309056956116 0.03150912106135987
1 0.746031746031746 0.10945273631840796 0.011204481792717087 0.026533996683250415
1 0.765172735760971 0.1318407960199005 0.012138188608776844 0.024875621890547265
1 0.7712418300653595 0.1583747927031509 0.014939309056956116 0.028192371475953566
1 0.7324929971988795 0.1956882255389718 0.017740429505135387 0.03648424543946932
1 0.6591970121381886 0.26285240464344944 0.02054154995331466 0.04477611940298507
1 0.780578898225957 0.1252072968490879 0.009337068160597572 0.024875621890547265
1 0.7955182072829131 0.13266998341625208 0.009337068160597572 0.02321724709784411
1 0.8071895424836601 0.1310116086235489 0.012138188608776844 0.026533996683250415
1 0.795985060690943 0.1824212271973466 0.017740429505135387 0.03648424543946932
1 0.8132586367880486 0.17164179104477612 0.014939309056956116 0.028192371475953566
1 0.8319327731092437 0.14013266998341625 0.013071895424836602 0.03150912106135987
1 0.8510737628384687 0.16832504145936983 0.012138188608776844 0.028192371475953566
1 0.8599439775910365 0.15339966832504145 0.011204481792717087 0.028192371475953566
1 0.8599439775910365 0.1285240464344942 0.011204481792717087 0.024875621890547265
1 0.8912231559290383 0.1310116086235489 0.012138188608776844 0.029850746268656716
1 0.8828197945845004 0.16666666666666666 0.01027077497665733 0.02155887230514096
1 0.9108309990662932 0.16749585406301823 0.014005602240896359 0.026533996683250415
1 0.9262371615312792 0.16003316749585406 0.011204481792717087 0.028192371475953566
1 0.9229691876750701 0.20480928689883915 0.015873015873015872 0.03482587064676617
1 0.8898225957049486 0.19900497512437812 0.013071895424836602 0.03316749585406302
1 0.8935574229691877 0.16666666666666666 0.011204481792717087 0.02155887230514096
1 0.8646125116713352 0.23383084577114427 0.014939309056956116 0.03648424543946932
1 0.8431372549019608 0.19734660033167495 0.014939309056956116 0.03648424543946932