1 0.346 0.23374340949033393 0.018 0.0351493848857645
1 0.3825 0.2565905096660808 0.019 0.03866432337434095
1 0.424 0.1625659050966608 0.018 0.033391915641476276
1 0.4795 0.13708260105448156 0.015 0.03163444639718805
1 0.5055 0.1634446397188049 0.017 0.0351493848857645
1 0.5055 0.19507908611599298 0.021 0.0351493848857645
1 0.5655 0.19156414762741653 0.019 0.03866432337434095
1 0.8765 0.19068541300527242 0.023 0.04745166959578207
1 0.9255 0.19156414762741653 0.017 0.03866432337434095
1 0.938 0.2478031634446397 0.016 0.04569420035149385
1 0.953 0.21704745166959577 0.016 0.03690685413005272