1 0.16458333333333333 0.3502475247524752 0.04583333333333333 0.06930693069306931
1 0.18541666666666667 0.32363861386138615 0.030833333333333334 0.050742574257425746
1 0.21333333333333335 0.28155940594059403 0.04 0.07301980198019802
1 0.24666666666666667 0.3056930693069307 0.04 0.06930693069306931
1 0.31583333333333335 0.2902227722772277 0.055 0.09777227722772278
1 0.33375 0.25185643564356436 0.0425 0.07054455445544554
1 0.38625 0.26113861386138615 0.059166666666666666 0.10148514851485149
1 0.43916666666666665 0.2871287128712871 0.05 0.09405940594059406
1 0.5025 0.2592821782178218 0.04833333333333333 0.07549504950495049
1 0.54125 0.2079207920792079 0.08083333333333333 0.14108910891089108
1 0.6495833333333333 0.2790841584158416 0.05416666666666667 0.09282178217821782
1 0.7166666666666667 0.3001237623762376 0.05 0.08787128712871287
1 0.8529166666666667 0.26113861386138615 0.060833333333333336 0.10396039603960396