1 0.06953125 0.3325842696629214 0.0671875 0.10337078651685393
1 0.16640625 0.30337078651685395 0.0828125 0.1303370786516854
1 0.20234375 0.24943820224719102 0.0546875 0.0853932584269663
1 0.271875 0.3404494382022472 0.078125 0.11910112359550562
1 0.37421875 0.35730337078651686 0.0640625 0.11235955056179775
1 0.4140625 0.27303370786516856 0.0625 0.10112359550561797
1 0.47421875 0.3449438202247191 0.0515625 0.09213483146067415
1 0.6296875 0.24157303370786518 0.10625 0.16853932584269662
1 0.775 0.27415730337078653 0.08125 0.14382022471910114
1 0.8703125 0.30112359550561796 0.0625 0.11685393258426967
1 0.57578125 0.23820224719101124 0.0859375 0.14831460674157304