1 0.5616666666666666 0.34875 0.03 0.0475
1 0.64 0.46 0.043333333333333335 0.07
1 0.7425 0.4475 0.045 0.065
1 0.8066666666666666 0.5225 0.06 0.105
1 0.8441666666666666 0.4675 0.03833333333333333 0.075
1 0.8983333333333333 0.475 0.05333333333333334 0.09
1 0.9608333333333333 0.47625 0.051666666666666666 0.0875
1 0.9758333333333333 0.55375 0.04833333333333333 0.1075
1 0.49916666666666665 0.51125 0.07166666666666667 0.1075
1 0.4266666666666667 0.6 0.11 0.165
1 0.3725 0.52375 0.065 0.0975
1 0.375 0.46 0.03333333333333333 0.065
1 0.3275 0.47125 0.03833333333333333 0.0575
1 0.26416666666666666 0.47 0.058333333333333334 0.08
1 0.23083333333333333 0.49875 0.055 0.0775
1 0.16 0.53125 0.08 0.0975
1 0.15583333333333332 0.48125 0.055 0.0725
1 0.1 0.5125 0.05333333333333334 0.095
1 0.0525 0.4425 0.04833333333333333 0.075
1 0.0225 0.495 0.041666666666666664 0.115