1 0.08839050131926121 0.64140625 0.029023746701846966 0.0484375
1 0.11829375549692173 0.60859375 0.03605980650835532 0.0609375
1 0.10290237467018469 0.571875 0.03342128408091469 0.059375
1 0.2836411609498681 0.53515625 0.09234828496042216 0.2203125
1 0.3447669305189094 0.48515625 0.02990325417766051 0.0453125
1 0.3781882145998241 0.5140625 0.0316622691292876 0.053125
1 0.3997361477572559 0.5109375 0.018469656992084433 0.04375
1 0.41424802110817943 0.68828125 0.056288478452066845 0.1046875
1 0.3944591029023747 0.6625 0.03605980650835532 0.065625
1 0.4573438874230431 0.49609375 0.024626209322779244 0.0453125
1 0.5101143359718557 0.50234375 0.022867194371152155 0.0421875
1 0.5549692172383466 0.54296875 0.024626209322779244 0.0484375
1 0.5782761653474054 0.490625 0.023746701846965697 0.053125
1 0.5967458223394899 0.52265625 0.025505716798592787 0.0390625
1 0.6116974494283202 0.49453125 0.023746701846965697 0.0609375
1 0.6323658751099385 0.49921875 0.022867194371152155 0.0484375
1 0.6706244503078276 0.47734375 0.03430079155672823 0.0734375
1 0.6992084432717678 0.4875 0.026385224274406333 0.059375
1 0.714160070360598 0.50078125 0.028144239226033423 0.0671875
1 0.7480211081794196 0.49765625 0.03605980650835532 0.0671875
1 0.7871591908531222 0.4875 0.03342128408091469 0.06875
1 0.8113456464379947 0.4859375 0.025505716798592787 0.065625