1 0.6290322580645161 0.5242718446601942 0.03225806451612903 0.05825242718446602
1 0.7032258064516129 0.5485436893203883 0.03870967741935484 0.05825242718446602
1 0.9354838709677419 0.6432038834951457 0.05161290322580645 0.0825242718446602
1 0.7741935483870968 0.529126213592233 0.03225806451612903 0.05825242718446602
1 0.7548387096774194 0.4684466019417476 0.025806451612903226 0.043689320388349516
1 0.8790322580645161 0.44660194174757284 0.041935483870967745 0.04854368932038835
1 0.9370967741935484 0.40048543689320387 0.02258064516129032 0.03398058252427184
1 0.917741935483871 0.3762135922330097 0.02258064516129032 0.043689320388349516
1 0.9516129032258065 0.25485436893203883 0.01935483870967742 0.043689320388349516
1 0.8274193548387097 0.3325242718446602 0.02258064516129032 0.03398058252427184
1 0.7741935483870968 0.3640776699029126 0.025806451612903226 0.02912621359223301
1 0.7403225806451613 0.34951456310679613 0.02258064516129032 0.038834951456310676
1 0.5241935483870968 0.41504854368932037 0.02258064516129032 0.03398058252427184
1 0.5758064516129032 0.47815533980582525 0.02258064516129032 0.043689320388349516
1 0.5629032258064516 0.3737864077669903 0.02258064516129032 0.02912621359223301
1 0.5016129032258064 0.4029126213592233 0.016129032258064516 0.02912621359223301
1 0.7403225806451613 0.2621359223300971 0.02258064516129032 0.02912621359223301
1 0.7983870967741935 0.28883495145631066 0.02258064516129032 0.03398058252427184
1 0.7774193548387097 0.30097087378640774 0.01935483870967742 0.02912621359223301
1 0.6983870967741935 0.3155339805825243 0.016129032258064516 0.019417475728155338