1 0.16265560165975104 0.46175637393767704 0.048132780082987554 0.09348441926345609
1 0.23692946058091285 0.334985835694051 0.019087136929460582 0.03541076487252125
1 0.2676348547717842 0.34490084985835695 0.024066390041493777 0.049575070821529746
1 0.2950207468879668 0.3618980169971671 0.024066390041493777 0.043909348441926344
1 0.2950207468879668 0.2981586402266289 0.02074688796680498 0.04107648725212465
1 0.34190871369294606 0.3661473087818697 0.026556016597510373 0.046742209631728045
1 0.3817427385892116 0.32223796033994334 0.018257261410788383 0.043909348441926344
1 0.3925311203319502 0.3385269121813031 0.01991701244813278 0.0339943342776204
1 0.3630705394190871 0.29107648725212465 0.015767634854771784 0.03541076487252125
1 0.4149377593360996 0.33640226628895187 0.021576763485477178 0.03824362606232295
1 0.4186721991701245 0.2953257790368272 0.017427385892116183 0.029745042492917848
1 0.4095435684647303 0.2776203966005666 0.017427385892116183 0.028328611898016998
1 0.404149377593361 0.2528328611898017 0.014937759336099586 0.026912181303116147
1 0.45103734439834026 0.3038243626062323 0.024066390041493777 0.032577903682719546
1 0.45560165975103734 0.3378186968838527 0.021576763485477178 0.046742209631728045
1 0.47883817427385894 0.3024079320113314 0.018257261410788383 0.03541076487252125
1 0.43734439834024896 0.2762039660056657 0.016597510373443983 0.031161473087818695
1 0.46431535269709545 0.24504249291784702 0.019087136929460582 0.0339943342776204
1 0.47676348547717845 0.26487252124645894 0.017427385892116183 0.031161473087818695
1 0.4763485477178423 0.2358356940509915 0.016597510373443983 0.026912181303116147
1 0.5020746887966805 0.25920679886685555 0.016597510373443983 0.0339943342776204
1 0.5149377593360995 0.25424929178470257 0.014107883817427386 0.026912181303116147
1 0.5257261410788382 0.27407932011331443 0.017427385892116183 0.029745042492917848
1 0.5269709543568465 0.311614730878187 0.023236514522821577 0.042492917847025496
1 0.5535269709543569 0.26841359773371104 0.01991701244813278 0.03541076487252125
1 0.5443983402489626 0.2471671388101983 0.014937759336099586 0.032577903682719546
1 0.5282157676348548 0.24645892351274787 0.014107883817427386 0.025495750708215296
1 0.5601659751037344 0.22237960339943344 0.014937759336099586 0.028328611898016998
1 0.5721991701244813 0.2471671388101983 0.015767634854771784 0.029745042492917848
1 0.5780082987551867 0.2188385269121813 0.010788381742738589 0.024079320113314446
1 0.6103734439834025 0.25 0.017427385892116183 0.029745042492917848
1 0.6103734439834025 0.21813031161473087 0.014107883817427386 0.028328611898016998
1 0.6211618257261411 0.20184135977337112 0.012448132780082987 0.029745042492917848
1 0.6385892116182572 0.21671388101983002 0.014107883817427386 0.028328611898016998
1 0.6560165975103734 0.24787535410764872 0.014107883817427386 0.028328611898016998
1 0.6663900414937759 0.21458923512747877 0.013278008298755186 0.029745042492917848
1 0.6825726141078838 0.22592067988668554 0.015767634854771784 0.032577903682719546
1 0.695850622406639 0.22521246458923513 0.014107883817427386 0.028328611898016998
1 0.508298755186722 0.3888101983002833 0.029045643153526972 0.05807365439093484
1 0.5526970954356847 0.40439093484419264 0.03153526970954357 0.060906515580736544
1 0.5456431535269709 0.3668555240793201 0.025726141078838173 0.04815864022662889
1 0.6070539419087136 0.32577903682719545 0.024066390041493777 0.0453257790368272
1 0.653941908713693 0.3335694050991501 0.024896265560165973 0.05240793201133145
1 0.6419087136929461 0.3038243626062323 0.024066390041493777 0.04107648725212465
1 0.6813278008298755 0.2705382436260623 0.023236514522821577 0.036827195467422094
1 0.7116182572614108 0.2584985835694051 0.015767634854771784 0.029745042492917848
1 0.725311203319502 0.2847025495750708 0.01991701244813278 0.036827195467422094
1 0.7 0.34277620396600567 0.02074688796680498 0.05099150141643059
1 0.6742738589211619 0.3661473087818697 0.027385892116182572 0.05240793201133145
1 0.624896265560166 0.42492917847025496 0.036514522821576766 0.06232294617563739
1 0.5892116182572614 0.415014164305949 0.028215767634854772 0.053824362606232294
1 0.6713692946058091 0.45963172804532576 0.034854771784232366 0.07223796033994334
1 0.720746887966805 0.5028328611898017 0.04564315352697095 0.08498583569405099
1 0.7506224066390041 0.3951841359773371 0.03568464730290456 0.056657223796033995
1 0.8439834024896266 0.5077903682719547 0.038174273858921165 0.07507082152974505
1 0.7966804979253111 0.3980169971671388 0.02987551867219917 0.053824362606232294
1 0.8195020746887967 0.3668555240793201 0.02074688796680498 0.042492917847025496
1 0.8199170124481328 0.33640226628895187 0.018257261410788383 0.03541076487252125
1 0.8294605809128631 0.3038243626062323 0.017427385892116183 0.032577903682719546
1 0.8186721991701245 0.278328611898017 0.019087136929460582 0.03824362606232295
1 0.775103734439834 0.2804532577903683 0.01991701244813278 0.036827195467422094
1 0.7593360995850622 0.26912181303116145 0.013278008298755186 0.031161473087818695
1 0.7510373443983402 0.2535410764872521 0.011618257261410789 0.0226628895184136
1 0.7526970954356846 0.22237960339943344 0.014937759336099586 0.028328611898016998
1 0.783402489626556 0.2528328611898017 0.016597510373443983 0.03541076487252125
1 0.7912863070539419 0.23441926345609065 0.017427385892116183 0.03824362606232295
1 0.8203319502074689 0.24504249291784702 0.014107883817427386 0.028328611898016998
1 0.854356846473029 0.2556657223796034 0.014107883817427386 0.03541076487252125
1 0.8659751037344399 0.28541076487252126 0.014107883817427386 0.04107648725212465
1 0.8560165975103734 0.3130311614730878 0.019087136929460582 0.039660056657223795
1 0.870539419087137 0.25920679886685555 0.013278008298755186 0.031161473087818695
1 0.8850622406639004 0.2528328611898017 0.014107883817427386 0.03824362606232295
1 0.9095435684647303 0.28753541076487255 0.018257261410788383 0.039660056657223795
1 0.8838174273858921 0.30807365439093487 0.016597510373443983 0.03824362606232295
1 0.891286307053942 0.34985835694050993 0.021576763485477178 0.04815864022662889
1 0.8692946058091287 0.40439093484419264 0.025726141078838173 0.060906515580736544
1 0.8539419087136929 0.45254957507082155 0.02987551867219917 0.05807365439093484
1 0.9195020746887966 0.46246458923512745 0.034854771784232366 0.07223796033994334
1 0.9257261410788382 0.3944759206798867 0.025726141078838173 0.060906515580736544
1 0.937344398340249 0.3526912181303116 0.02074688796680498 0.039660056657223795
1 0.9352697095435685 0.32223796033994334 0.018257261410788383 0.03541076487252125
1 0.9435684647302904 0.31444759206798867 0.01991701244813278 0.028328611898016998
1 0.9489626556016597 0.2818696883852691 0.015767634854771784 0.031161473087818695