1 0.312 0.5845195729537367 0.04 0.04448398576512456
1 0.39066666666666666 0.5667259786476868 0.034666666666666665 0.05516014234875445
1 0.4066666666666667 0.5088967971530249 0.029333333333333333 0.0498220640569395
1 0.4226666666666667 0.5747330960854092 0.024 0.042704626334519574
1 0.44866666666666666 0.5791814946619217 0.028 0.051601423487544484
1 0.48333333333333334 0.5604982206405694 0.02 0.03558718861209965
1 0.49933333333333335 0.5542704626334519 0.014666666666666666 0.033807829181494664
1 0.5373333333333333 0.5373665480427047 0.034666666666666665 0.05693950177935943
1 0.5466666666666666 0.5649466192170819 0.024 0.051601423487544484
1 0.5633333333333334 0.5613879003558719 0.02266666666666667 0.037366548042704624
1 0.5726666666666667 0.5587188612099644 0.02 0.028469750889679714
1 0.6066666666666667 0.5569395017793595 0.02666666666666667 0.046263345195729534
1 0.66 0.5631672597864769 0.02666666666666667 0.037366548042704624
1 0.684 0.5533807829181495 0.034666666666666665 0.046263345195729534
1 0.7206666666666667 0.5667259786476868 0.025333333333333333 0.04448398576512456
1 0.766 0.5640569395017794 0.017333333333333333 0.03202846975088968
1 0.794 0.5622775800711743 0.02266666666666667 0.03202846975088968
1 0.834 0.5676156583629893 0.025333333333333333 0.042704626334519574
1 0.854 0.5756227758007118 0.025333333333333333 0.05516014234875445
1 0.8766666666666667 0.5774021352313167 0.028 0.051601423487544484
1 0.878 0.552491103202847 0.02266666666666667 0.030249110320284697
1 0.9273333333333333 0.5969750889679716 0.044 0.06583629893238434
1 0.966 0.608540925266904 0.05466666666666667 0.06405693950177936
1 0.9133333333333333 0.5444839857651246 0.024 0.03202846975088968
1 0.9373333333333334 0.5453736654804271 0.021333333333333333 0.030249110320284697