1 0.1375 0.5006944444444444 0.1109375 0.14305555555555555
1 0.03828125 0.6194444444444445 0.0734375 0.31666666666666665
1 0.35 0.8173611111111111 0.2765625 0.36527777777777776
1 0.3515625 0.5083333333333333 0.065625 0.12777777777777777
1 0.375390625 0.46875 0.04765625 0.0875
1 0.51796875 0.4625 0.0578125 0.1111111111111111
1 0.6375 0.55 0.078125 0.1527777777777778
1 0.62421875 0.3333333333333333 0.0359375 0.07222222222222222
1 0.839453125 0.42569444444444443 0.03359375 0.04861111111111111
1 0.944921875 0.43819444444444444 0.05078125 0.07916666666666666
1 0.927734375 0.4166666666666667 0.03828125 0.07777777777777778