1 0.06878088962108732 0.5667244367417678 0.045304777594728174 0.10398613518197573
1 0.18451400329489293 0.3050259965337955 0.023064250411861616 0.0415944540727903
1 0.214168039538715 0.2807625649913345 0.018121911037891267 0.05545927209705372
1 0.2541186161449753 0.24263431542461006 0.02059308072487644 0.0415944540727903
1 0.2903624382207578 0.24696707105719237 0.018945634266886325 0.04679376083188908
1 0.2957166392092257 0.2097053726169844 0.016474464579901153 0.045060658578856154
1 0.31507413509060955 0.23310225303292895 0.018945634266886325 0.043327556325823226
1 0.33360790774299837 0.21663778162911612 0.014827018121911038 0.04852686308492201
1 0.35831960461285006 0.26256499133448874 0.018121911037891267 0.05025996533795494
1 0.385502471169687 0.24176776429809357 0.013179571663920923 0.04679376083188908
1 0.35337726523887975 0.1949740034662045 0.019769357495881382 0.043327556325823226
1 0.37891268533772654 0.1923743500866551 0.018121911037891267 0.045060658578856154
1 0.4229818780889621 0.32582322357019067 0.025535420098846788 0.04852686308492201
1 0.4592257001647446 0.25216637781629114 0.018945634266886325 0.053726169844020795
1 0.42257001647446457 0.1949740034662045 0.013179571663920923 0.03292894280762565
1 0.4110378912685338 0.16897746967071056 0.011532125205930808 0.029462738301559793
1 0.44934102141680393 0.1637781629116118 0.012355848434925865 0.036395147313691506
1 0.4773476112026359 0.21143847487001732 0.015650741350906095 0.045060658578856154
1 0.520181219110379 0.231369150779896 0.01729818780889621 0.04679376083188908
1 0.47775947281713343 0.16031195840554593 0.016474464579901153 0.043327556325823226
1 0.5098846787479407 0.1733102253032929 0.018121911037891267 0.04852686308492201
1 0.5415980230642504 0.1369150779896014 0.01070840197693575 0.02772963604852686
1 0.5494233937397035 0.16291161178509533 0.013179571663920923 0.038128249566724434
1 0.5679571663920923 0.2019064124783362 0.01400329489291598 0.043327556325823226
1 0.6144975288303131 0.2001733102253033 0.014827018121911038 0.03986135181975736
1 0.6511532125205931 0.18284228769497402 0.01400329489291598 0.025996533795493933
1 0.6009060955518946 0.15771230502599654 0.015650741350906095 0.038128249566724434
1 0.57166392092257 0.13258232235701906 0.014827018121911038 0.03986135181975736
1 0.5910214168039539 0.1195840554592721 0.012355848434925865 0.03466204506065858
1 0.6235584843492586 0.1265164644714038 0.013179571663920923 0.03466204506065858
1 0.642504118616145 0.15077989601386482 0.011532125205930808 0.03119584055459272
1 0.6523887973640856 0.12738301559792028 0.013179571663920923 0.03986135181975736
1 0.6812191103789127 0.15944540727902945 0.013179571663920923 0.038128249566724434
1 0.6898682042833608 0.13344887348353554 0.012355848434925865 0.03119584055459272
1 0.7079901153212521 0.15251299826689774 0.012355848434925865 0.038128249566724434
1 0.5440691927512356 0.3717504332755633 0.02059308072487644 0.05719237435008666
1 0.5906095551894563 0.3856152512998267 0.02471169686985173 0.06412478336221837
1 0.5984349258649094 0.2937608318890815 0.02059308072487644 0.060658578856152515
1 0.6482701812191104 0.27123050259965337 0.018121911037891267 0.05025996533795494
1 0.6577429983525536 0.41074523396880414 0.025535420098846788 0.05199306759098787
1 0.7195222405271828 0.40814558058925476 0.025535420098846788 0.06412478336221837
1 0.7948929159802306 0.4532062391681109 0.026359143327841845 0.08492201039861352
1 0.8793245469522241 0.5086655112651647 0.027182866556836903 0.07105719237435008
1 0.8805601317957167 0.43847487001733104 0.0214168039538715 0.058925476603119586
1 0.9596375617792422 0.47400346620450606 0.02471169686985173 0.06759098786828423
1 0.7170510708401977 0.26603119584055457 0.01729818780889621 0.04679376083188908
1 0.7067545304777595 0.21403812824956672 0.013179571663920923 0.036395147313691506
1 0.735996705107084 0.2339688041594454 0.018945634266886325 0.05199306759098787
1 0.7495881383855024 0.1949740034662045 0.009884678747940691 0.03292894280762565
1 0.7446457990115322 0.29809358752166376 0.014827018121911038 0.045060658578856154
1 0.8117792421746294 0.30675909878682844 0.015650741350906095 0.05199306759098787
1 0.7924217462932455 0.2634315424610052 0.018121911037891267 0.03466204506065858
1 0.7763591433278418 0.21490467937608318 0.015650741350906095 0.03466204506065858
1 0.770181219110379 0.18370883882149047 0.014827018121911038 0.03119584055459272
1 0.8064250411861614 0.18717504332755633 0.011532125205930808 0.038128249566724434
1 0.8274299835255354 0.21490467937608318 0.012355848434925865 0.0415944540727903
1 0.8138385502471169 0.2296360485268631 0.014827018121911038 0.043327556325823226
1 0.8665568369028006 0.2322357019064125 0.011532125205930808 0.03466204506065858
1 0.8550247116968699 0.3440207972270364 0.018121911037891267 0.05025996533795494
1 0.8690280065897859 0.31629116117850953 0.018121911037891267 0.053726169844020795
1 0.8904448105436573 0.28162911611785096 0.016474464579901153 0.043327556325823226
1 0.9003294892915981 0.2616984402079723 0.013179571663920923 0.03466204506065858
1 0.9060955518945635 0.23743500866551126 0.014827018121911038 0.0415944540727903
1 0.9497528830313015 0.24436741767764297 0.014827018121911038 0.0415944540727903
1 0.935337726523888 0.2807625649913345 0.01400329489291598 0.03119584055459272
1 0.9320428336079077 0.34488734835355284 0.01729818780889621 0.04852686308492201
1 0.9476935749588138 0.3882149046793761 0.022240527182866558 0.0658578856152513
1 0.9773476112026359 0.3804159445407279 0.015650741350906095 0.05719237435008666
1 0.9715815485996705 0.3266897746967071 0.01400329489291598 0.04679376083188908
1 0.9777594728171335 0.30849220103986136 0.011532125205930808 0.03466204506065858
1 0.9827018121911038 0.2608318890814558 0.013179571663920923 0.04679376083188908