1 0.8723662884927067 0.25274725274725274 0.01053484602917342 0.027472527472527472
1 0.8338735818476499 0.2534340659340659 0.011345218800648298 0.028846153846153848
1 0.8460291734197731 0.26717032967032966 0.011345218800648298 0.03159340659340659
1 0.8881685575364667 0.2760989010989011 0.012965964343598054 0.03021978021978022
1 0.8792544570502431 0.3090659340659341 0.011345218800648298 0.03296703296703297
1 0.8654781199351702 0.3317307692307692 0.01620745542949757 0.03159340659340659
1 0.8399513776337115 0.30425824175824173 0.013776337115072933 0.034340659340659344
1 0.8496758508914101 0.37706043956043955 0.02025931928687196 0.05631868131868132
1 0.9027552674230146 0.2980769230769231 0.012965964343598054 0.024725274725274724
1 0.9039708265802269 0.32623626373626374 0.018638573743922204 0.03159340659340659
1 0.9254457050243112 0.3482142857142857 0.01620745542949757 0.042582417582417584
1 0.9242301458670988 0.30425824175824173 0.013776337115072933 0.03159340659340659
1 0.9307131280388979 0.27197802197802196 0.012155591572123177 0.027472527472527472
1 0.8030794165316045 0.24313186813186813 0.014586709886547812 0.03021978021978022
1 0.807131280388979 0.2774725274725275 0.012965964343598054 0.027472527472527472
1 0.8038897893030794 0.29464285714285715 0.012965964343598054 0.03708791208791209
1 0.9055915721231766 0.40315934065934067 0.018638573743922204 0.050824175824175824
1 0.9128849270664505 0.45123626373626374 0.028363047001620744 0.061813186813186816
1 0.8026742301458671 0.3331043956043956 0.013776337115072933 0.03159340659340659
1 0.8063209076175041 0.35027472527472525 0.019448946515397084 0.046703296703296704
1 0.8391410048622366 0.4429945054945055 0.025121555915721232 0.059065934065934064
1 0.8132090761750406 0.4993131868131868 0.031604538087520256 0.07005494505494506
1 0.7799837925445705 0.41552197802197804 0.028363047001620744 0.05357142857142857
1 0.7759319286871961 0.23901098901098902 0.012155591572123177 0.03021978021978022
1 0.7816045380875203 0.26373626373626374 0.013776337115072933 0.03571428571428571
1 0.7694489465153971 0.27197802197802196 0.013776337115072933 0.03021978021978022
1 0.7406807131280388 0.23626373626373626 0.011345218800648298 0.027472527472527472
1 0.726904376012966 0.24931318681318682 0.012965964343598054 0.034340659340659344
1 0.7005672609400324 0.24725274725274726 0.013776337115072933 0.03021978021978022
1 0.690032414910859 0.2980769230769231 0.01539708265802269 0.03571428571428571
1 0.6831442463533225 0.35302197802197804 0.019448946515397084 0.04395604395604396
1 0.7183954619124797 0.39217032967032966 0.02674230145867099 0.05631868131868132
1 0.6564019448946515 0.3557692307692308 0.024311183144246355 0.054945054945054944
1 0.6304700162074555 0.3001373626373626 0.017828200972447326 0.03708791208791209
1 0.6381685575364667 0.2438186813186813 0.012155591572123177 0.0260989010989011
1 0.6673419773095624 0.27266483516483514 0.01539708265802269 0.034340659340659344
1 0.6689627228525121 0.20810439560439561 0.008914100486223663 0.023351648351648352
1 0.6693679092382496 0.22733516483516483 0.011345218800648298 0.0260989010989011
1 0.679902755267423 0.2245879120879121 0.011345218800648298 0.020604395604395604
1 0.6341166936790924 0.22115384615384615 0.01053484602917342 0.02197802197802198
1 0.5984602917341977 0.21016483516483517 0.008914100486223663 0.024725274725274724
1 0.600486223662885 0.22184065934065933 0.011345218800648298 0.0260989010989011
1 0.6017017828200972 0.24725274725274726 0.01053484602917342 0.024725274725274724
1 0.6000810372771475 0.32142857142857145 0.02025931928687196 0.046703296703296704
1 0.630064829821718 0.45467032967032966 0.02674230145867099 0.07142857142857142
1 0.6912479740680713 0.529532967032967 0.027552674230145867 0.06456043956043957
1 0.5903565640194489 0.43612637362637363 0.02674230145867099 0.06456043956043957
1 0.5786061588330632 0.4052197802197802 0.024311183144246355 0.04120879120879121
1 0.5437601296596435 0.3983516483516483 0.022690437601296597 0.057692307692307696
1 0.5542949756888168 0.2760989010989011 0.014586709886547812 0.03296703296703297
1 0.5790113452188006 0.26304945054945056 0.012155591572123177 0.028846153846153848
1 0.5818476499189628 0.23557692307692307 0.011345218800648298 0.0260989010989011
1 0.5684764991896273 0.21153846153846154 0.01053484602917342 0.019230769230769232
1 0.5526742301458671 0.22527472527472528 0.011345218800648298 0.027472527472527472
1 0.5393030794165316 0.25137362637362637 0.012155591572123177 0.03296703296703297
1 0.5364667747163695 0.34958791208791207 0.019448946515397084 0.04807692307692308
1 0.5016207455429498 0.31936813186813184 0.014586709886547812 0.034340659340659344
1 0.5198541329011345 0.2733516483516483 0.013776337115072933 0.03021978021978022
1 0.506482982171799 0.25824175824175827 0.014586709886547812 0.03296703296703297
1 0.5182333873581848 0.24519230769230768 0.01053484602917342 0.023351648351648352
1 0.47771474878444087 0.3914835164835165 0.025121555915721232 0.054945054945054944
1 0.473257698541329 0.301510989010989 0.014586709886547812 0.03159340659340659
1 0.47244732576985415 0.260989010989011 0.012965964343598054 0.024725274725274724
1 0.46434359805510533 0.23901098901098902 0.011345218800648298 0.027472527472527472
1 0.4258508914100486 0.25618131868131866 0.012155591572123177 0.023351648351648352
1 0.4088330632090762 0.2960164835164835 0.013776337115072933 0.03159340659340659
1 0.42179902755267423 0.2864010989010989 0.012155591572123177 0.0260989010989011
1 0.4112641815235008 0.32623626373626374 0.023500810372771474 0.03708791208791209
1 0.43354943273906 0.30494505494505497 0.014586709886547812 0.03296703296703297
1 0.44327390599675853 0.32554945054945056 0.019448946515397084 0.04120879120879121
1 0.3905996758508914 0.25961538461538464 0.011345218800648298 0.027472527472527472
1 0.353322528363047 0.2918956043956044 0.014586709886547812 0.028846153846153848
1 0.33427876823338737 0.35370879120879123 0.02025931928687196 0.04532967032967033
1 0.3525121555915721 0.32554945054945056 0.014586709886547812 0.03296703296703297
1 0.3820907617504052 0.33379120879120877 0.017017828200972446 0.038461538461538464
1 0.2872771474878444 0.3021978021978022 0.013776337115072933 0.03021978021978022
1 0.2653970826580227 0.33722527472527475 0.01539708265802269 0.03983516483516483
1 0.2791734197730956 0.3701923076923077 0.013776337115072933 0.03708791208791209
1 0.23095623987034036 0.33447802197802196 0.014586709886547812 0.034340659340659344
1 0.09521880064829821 0.5494505494505495 0.03808752025931929 0.07417582417582418
1 0.7013776337115073 0.29052197802197804 0.013776337115072933 0.034340659340659344
1 0.646677471636953 0.3385989010989011 0.02106969205834684 0.050824175824175824