1 0.19625 0.56375 0.14916666666666667 0.2575
1 0.125 0.37375 0.12333333333333334 0.1925
1 0.20625 0.25875 0.08916666666666667 0.1625
1 0.2945833333333333 0.3875 0.09416666666666666 0.1825
1 0.48083333333333333 0.599375 0.14 0.25625
1 0.5491666666666667 0.50125 0.11166666666666666 0.1925
1 0.6491666666666667 0.4975 0.11 0.185
1 0.8095833333333333 0.64625 0.12083333333333333 0.2375
1 0.8254166666666667 0.445625 0.10916666666666666 0.20125
1 0.675 0.193125 0.08333333333333333 0.14625
1 0.7366666666666667 0.196875 0.055 0.11625
1 0.7416666666666667 0.116875 0.045 0.08125
1 0.8641666666666666 0.239375 0.08166666666666667 0.14375
1 0.47708333333333336 0.208125 0.0725 0.13375
1 0.5433333333333333 0.160625 0.055 0.10625
1 0.5791666666666667 0.128125 0.04833333333333333 0.09875
1 0.6333333333333333 0.1575 0.055 0.1075
1 0.9708333333333333 0.179375 0.05 0.10375
1 0.2970833333333333 0.11875 0.0475 0.0875
1 0.37916666666666665 0.174375 0.065 0.12125
1 0.4375 0.133125 0.051666666666666666 0.09125
1 0.17541666666666667 0.181875 0.0725 0.11125
1 0.16416666666666666 0.088125 0.051666666666666666 0.07375