1 0.05725190839694656 0.6454849498327759 0.07251908396946564 0.13377926421404682
1 0.035305343511450385 0.5150501672240803 0.04770992366412214 0.09364548494983277
1 0.10114503816793893 0.46153846153846156 0.04580152671755725 0.0802675585284281
1 0.15935114503816794 0.4431438127090301 0.04389312977099236 0.08361204013377926
1 0.20515267175572519 0.5317725752508361 0.05534351145038168 0.10033444816053512
1 0.20801526717557253 0.4414715719063545 0.04580152671755725 0.0802675585284281
1 0.24141221374045801 0.40635451505016723 0.04007633587786259 0.07692307692307693
1 0.29866412213740456 0.4230769230769231 0.04007633587786259 0.06354515050167224
1 0.3062977099236641 0.47491638795986624 0.04389312977099236 0.07357859531772576
1 0.31583969465648853 0.5418060200668896 0.06297709923664122 0.10702341137123746
1 0.18606870229007633 0.9113712374581939 0.1736641221374046 0.17725752508361203
1 0.36450381679389315 0.6739130434782609 0.10305343511450382 0.18394648829431437
1 0.4122137404580153 0.47324414715719065 0.04961832061068702 0.08361204013377926
1 0.366412213740458 0.479933110367893 0.04198473282442748 0.07692307692307693
1 0.36259541984732824 0.4080267558528428 0.03435114503816794 0.06688963210702341
1 0.4360687022900763 0.31270903010033446 0.02862595419847328 0.056856187290969896
1 0.4437022900763359 0.45652173913043476 0.03244274809160305 0.07023411371237458
1 0.40076335877862596 0.4331103678929766 0.03816793893129771 0.06354515050167224
1 0.5248091603053435 0.45484949832775917 0.04198473282442748 0.08695652173913043
1 0.5 0.5234113712374582 0.04961832061068702 0.09698996655518395
1 0.5458015267175572 0.7525083612040134 0.13740458015267176 0.2140468227424749
1 0.5620229007633588 0.6036789297658863 0.07442748091603053 0.14381270903010032
1 0.6116412213740458 0.5066889632107023 0.05152671755725191 0.11705685618729098
1 0.6354961832061069 0.451505016722408 0.04198473282442748 0.0802675585284281
1 0.732824427480916 0.431438127090301 0.04580152671755725 0.0802675585284281
1 0.7576335877862596 0.5418060200668896 0.0648854961832061 0.13377926421404682
1 0.7280534351145038 0.6822742474916388 0.10114503816793893 0.2140468227424749
1 0.8625954198473282 0.5133779264214047 0.0648854961832061 0.13043478260869565
1 0.9360687022900763 0.5284280936454849 0.07061068702290077 0.13377926421404682