1 0.20114942528735633 0.36454545454545456 0.04075235109717868 0.09636363636363636
1 0.2878787878787879 0.23 0.011494252873563218 0.03090909090909091
1 0.30929989550679204 0.24818181818181817 0.018808777429467086 0.034545454545454546
1 0.351619644723093 0.19454545454545455 0.01567398119122257 0.04363636363636364
1 0.3620689655172414 0.22727272727272727 0.01567398119122257 0.03272727272727273
1 0.3777429467084639 0.2 0.01567398119122257 0.03636363636363636
1 0.3876698014629049 0.24909090909090909 0.01671891327063741 0.04727272727272727
1 0.40229885057471265 0.19727272727272727 0.02089864158829676 0.034545454545454546
1 0.43103448275862066 0.23363636363636364 0.019853709508881923 0.045454545454545456
1 0.4216300940438871 0.14909090909090908 0.011494252873563218 0.02181818181818182
1 0.4221525600835946 0.17 0.012539184952978056 0.02727272727272727
1 0.43103448275862066 0.1918181818181818 0.01567398119122257 0.034545454545454546
1 0.4555903866248694 0.21181818181818182 0.01671891327063741 0.03090909090909091
1 0.45141065830721006 0.16090909090909092 0.012539184952978056 0.02727272727272727
1 0.4785788923719958 0.18363636363636363 0.014629049111807733 0.03272727272727273
1 0.48380355276907 0.22545454545454546 0.014629049111807733 0.03272727272727273
1 0.4780564263322884 0.15 0.01567398119122257 0.03090909090909091
1 0.49738766980146293 0.16272727272727272 0.014629049111807733 0.03090909090909091
1 0.5250783699059561 0.13727272727272727 0.01567398119122257 0.02727272727272727
1 0.5386624869383491 0.17636363636363636 0.01567398119122257 0.04
1 0.5564263322884012 0.1318181818181818 0.013584117032392894 0.02
1 0.5658307210031348 0.1809090909090909 0.019853709508881923 0.038181818181818185
1 0.5794148380355277 0.16090909090909092 0.013584117032392894 0.02727272727272727
1 0.5862068965517241 0.11363636363636363 0.012539184952978056 0.02727272727272727
1 0.5956112852664577 0.12181818181818181 0.008359456635318705 0.025454545454545455
1 0.6039707419017764 0.17636363636363636 0.018808777429467086 0.03272727272727273
1 0.6212121212121212 0.12181818181818181 0.011494252873563218 0.02181818181818182
1 0.6389759665621735 0.1318181818181818 0.013584117032392894 0.023636363636363636
1 0.6504702194357367 0.11454545454545455 0.011494252873563218 0.01818181818181818
1 0.6572622779519331 0.1390909090909091 0.01044932079414838 0.034545454545454546
1 0.6650992685475444 0.11636363636363636 0.00522466039707419 0.01818181818181818
1 0.6703239289446186 0.10272727272727272 0.013584117032392894 0.02
1 0.6964472309299895 0.12636363636363637 0.009404388714733543 0.02727272727272727
1 0.7068965517241379 0.10181818181818182 0.009404388714733543 0.02181818181818182
1 0.7382445141065831 0.11090909090909092 0.011494252873563218 0.025454545454545455
1 0.6306165099268548 0.17 0.017763845350052248 0.02727272727272727
1 0.5010449320794148 0.2727272727272727 0.0219435736677116 0.05818181818181818
1 0.5569487983281086 0.30363636363636365 0.029258098223615466 0.05090909090909091
1 0.5950888192267503 0.23272727272727273 0.0219435736677116 0.05090909090909091
1 0.6102403343782654 0.3327272727272727 0.022988505747126436 0.05818181818181818
1 0.6478578892371996 0.24636363636363637 0.01671891327063741 0.04909090909090909
1 0.6854754440961337 0.18545454545454546 0.012539184952978056 0.02909090909090909
1 0.6927899686520376 0.24818181818181817 0.02089864158829676 0.04181818181818182
1 0.703239289446186 0.30454545454545456 0.029258098223615466 0.05272727272727273
1 0.7215256008359456 0.18727272727272729 0.01567398119122257 0.04363636363636364
1 0.7648902821316614 0.13090909090909092 0.012539184952978056 0.03272727272727273
1 0.7675026123301986 0.19818181818181818 0.019853709508881923 0.04727272727272727
1 0.7377220480668757 0.2318181818181818 0.02089864158829676 0.045454545454545456
1 0.8103448275862069 0.15545454545454546 0.01567398119122257 0.04181818181818182
1 0.7800417972831766 0.24909090909090909 0.019853709508881923 0.05454545454545454
1 0.800417972831766 0.29545454545454547 0.022988505747126436 0.04909090909090909
1 0.7591431556948798 0.37454545454545457 0.03239289446185998 0.06909090909090909
1 0.8160919540229885 0.22181818181818183 0.01671891327063741 0.03636363636363636
1 0.8349007314524556 0.2581818181818182 0.018808777429467086 0.05090909090909091
1 0.8547544409613375 0.3190909090909091 0.025078369905956112 0.06
1 0.8385579937304075 0.3890909090909091 0.030303030303030304 0.06181818181818182
1 0.8876698014629049 0.26545454545454544 0.0219435736677116 0.04727272727272727
1 0.8949843260188087 0.21727272727272728 0.01567398119122257 0.045454545454545456
1 0.9529780564263323 0.21636363636363637 0.018808777429467086 0.04363636363636364
1 0.9420062695924765 0.29 0.0219435736677116 0.05272727272727273
1 0.9393939393939394 0.35545454545454547 0.027168234064785787 0.06
1 0.9117032392894462 0.42272727272727273 0.038662486938349006 0.08181818181818182
1 0.5005224660397074 0.13636363636363635 0.012539184952978056 0.02909090909090909
1 0.7340647857889238 0.2972727272727273 0.019853709508881923 0.05272727272727273
1 0.8009404388714734 0.14272727272727273 0.013584117032392894 0.03090909090909091