1 0.058984375 0.5351288056206089 0.02265625 0.04918032786885246
1 0.103515625 0.531615925058548 0.02421875 0.0468384074941452
1 0.145703125 0.5298594847775175 0.03046875 0.04566744730679157
1 0.1921875 0.5345433255269321 0.0234375 0.040983606557377046
1 0.243359375 0.538056206088993 0.03046875 0.04800936768149883
1 0.2921875 0.5421545667447307 0.021875 0.04215456674473068
1 0.333984375 0.5421545667447307 0.02578125 0.03747072599531616
1 0.39140625 0.531615925058548 0.0265625 0.03981264637002342
1 0.444921875 0.5322014051522248 0.02578125 0.04332552693208431
1 0.5015625 0.5199063231850117 0.028125 0.0468384074941452
1 0.571875 0.525175644028103 0.028125 0.05269320843091335
1 0.64140625 0.5193208430913349 0.03125 0.05503512880562061
1 0.711328125 0.5322014051522248 0.03359375 0.06440281030444965
1 0.777734375 0.5240046838407494 0.03203125 0.04800936768149883
1 0.84375 0.5392271662763466 0.034375 0.05269320843091335
1 0.968359375 0.525175644028103 0.03828125 0.06206088992974239
1 0.149609375 0.8653395784543325 0.08359375 0.13817330210772832