1 0.18768046198267566 0.3642495784148398 0.05004812319538017 0.06745362563237774
1 0.3156881616939365 0.21163575042158517 0.015399422521655439 0.03204047217537943
1 0.3339749759384023 0.22765598650927488 0.015399422521655439 0.026981450252951095
1 0.3546679499518768 0.22849915682967958 0.014436958614051972 0.02866779089376054
1 0.3700673724735322 0.2571669477234401 0.012512030798845043 0.0387858347386172
1 0.4181905678537055 0.24283305227655985 0.01828681424446583 0.03709949409780776
1 0.3753609239653513 0.20236087689713322 0.019249278152069296 0.03372681281618887
1 0.397497593840231 0.20067453625632378 0.013474494706448507 0.04047217537942664
1 0.32868142444658327 0.18381112984822934 0.016361886429258902 0.023608768971332208
1 0.34504331087584217 0.20320404721753793 0.012512030798845043 0.021922428330522766
1 0.4177093358999038 0.1711635750421585 0.011549566891241578 0.025295109612141653
1 0.42348411934552455 0.15008431703204048 0.009624639076034648 0.02023608768971332
1 0.44706448508180946 0.16947723440134907 0.014436958614051972 0.02866779089376054
1 0.4258902791145332 0.20320404721753793 0.014436958614051972 0.03204047217537943
1 0.4494706448508181 0.2251264755480607 0.013474494706448507 0.03541315345699832
1 0.4817131857555342 0.23524451939291738 0.02021174205967276 0.03541315345699832
1 0.5081809432146295 0.18381112984822934 0.015399422521655439 0.03372681281618887
1 0.480269489894129 0.19139966273187184 0.013474494706448507 0.025295109612141653
1 0.4653512993262753 0.14502529510961215 0.008662175168431183 0.023608768971332208
1 0.49422521655437923 0.1433389544688027 0.012512030798845043 0.016863406408094434
1 0.5120307988450433 0.15261382799325462 0.013474494706448507 0.02866779089376054
1 0.5149181905678537 0.12563237774030353 0.011549566891241578 0.01854974704890388
1 0.5327237728585178 0.12984822934232715 0.012512030798845043 0.02023608768971332
1 0.5255052935514918 0.17284991568296795 0.009624639076034648 0.025295109612141653
1 0.5534167468719923 0.1627318718381113 0.013474494706448507 0.01854974704890388
1 0.5678537054860443 0.15092748735244518 0.011549566891241578 0.021922428330522766
1 0.546679499518768 0.13322091062394603 0.009624639076034648 0.02023608768971332
1 0.5818094321462945 0.12563237774030353 0.010587102983638113 0.01854974704890388
1 0.5899903753609239 0.11720067453625632 0.009624639076034648 0.01854974704890388
1 0.6044273339749759 0.13406408094435077 0.011549566891241578 0.02866779089376054
1 0.6188642925890279 0.1163575042158516 0.011549566891241578 0.023608768971332208
1 0.6308950914340712 0.13069139966273188 0.010587102983638113 0.025295109612141653
1 0.641963426371511 0.12141652613827993 0.009624639076034648 0.02023608768971332
1 0.6280076997112608 0.15935919055649242 0.012512030798845043 0.025295109612141653
1 0.4971126082771896 0.28161888701517707 0.02213666987487969 0.047217537942664416
1 0.5452358036573628 0.290893760539629 0.01828681424446583 0.045531197301854974
1 0.6039461020211742 0.3330522765598651 0.02406159769008662 0.048903878583473864
1 0.5769971126082772 0.24620573355817876 0.01828681424446583 0.04047217537942664
1 0.5500481231953802 0.19224283305227655 0.014436958614051972 0.03035413153456998
1 0.588065447545717 0.1736930860033727 0.017324350336862367 0.026981450252951095
1 0.6703561116458133 0.17959527824620575 0.014436958614051972 0.03541315345699832
1 0.6693936477382099 0.1045531197301855 0.006737247353224254 0.02023608768971332
1 0.6915303176130895 0.12225969645868466 0.012512030798845043 0.021922428330522766
1 0.699711260827719 0.11045531197301856 0.009624639076034648 0.025295109612141653
1 0.7271414821944177 0.11298482293423272 0.012512030798845043 0.02023608768971332
1 0.7410972088546679 0.15008431703204048 0.009624639076034648 0.03035413153456998
1 0.753609239653513 0.13743676222596965 0.011549566891241578 0.02866779089376054
1 0.6337824831568816 0.23861720067453626 0.016361886429258902 0.045531197301854974
1 0.6881616939364774 0.26728499156829677 0.019249278152069296 0.03541315345699832
1 0.6958614051973051 0.3086003372681282 0.021174205967276226 0.047217537942664416
1 0.7367661212704524 0.28583473861720066 0.016361886429258902 0.048903878583473864
1 0.7459095283926853 0.39376053962900504 0.028873917228103944 0.06239460370994941
1 0.8161693936477382 0.40809443507588533 0.025024061597690085 0.06408094435075885
1 0.8989412897016362 0.4300168634064081 0.032723772858517804 0.07082630691399663
1 0.9167468719923003 0.35075885328836426 0.01828681424446583 0.047217537942664416
1 0.8469682386910491 0.31703204047217537 0.021174205967276226 0.06070826306913996
1 0.7921077959576516 0.3094435075885329 0.023099133782483156 0.045531197301854974
1 0.7617901828681425 0.26728499156829677 0.014436958614051972 0.045531197301854974
1 0.7295476419634264 0.2327150084317032 0.017324350336862367 0.03709949409780776
1 0.7232916265640038 0.18887015177065766 0.014436958614051972 0.026981450252951095
1 0.7059672762271415 0.16104553119730186 0.016361886429258902 0.025295109612141653
1 0.7521655437921078 0.17959527824620575 0.006737247353224254 0.03204047217537943
1 0.7651588065447545 0.18718381112984822 0.011549566891241578 0.03372681281618887
1 0.8012512030798845 0.15598650927487354 0.010587102983638113 0.02866779089376054
1 0.8190567853705486 0.16020236087689713 0.011549566891241578 0.03035413153456998
1 0.8113570741097209 0.24620573355817876 0.019249278152069296 0.03709949409780776
1 0.8152069297401348 0.20741989881956155 0.013474494706448507 0.023608768971332208
1 0.8787295476419634 0.2588532883642496 0.015399422521655439 0.045531197301854974
1 0.8941289701636189 0.23355817875210794 0.017324350336862367 0.0387858347386172
1 0.931665062560154 0.22006745362563238 0.013474494706448507 0.03541315345699832
1 0.9311838306063522 0.2866779089376054 0.016361886429258902 0.047217537942664416
1 0.7844080846968239 0.1467116357504216 0.013474494706448507 0.03035413153456998