1 0.07833333333333334 0.2775 0.10166666666666667 0.1675
1 0.16833333333333333 0.248125 0.10666666666666667 0.17375
1 0.47708333333333336 0.33125 0.1875 0.33
1 0.14208333333333334 0.73 0.16583333333333333 0.265
1 0.21625 0.870625 0.1925 0.25125
1 0.6245833333333334 0.6975 0.1725 0.295
1 0.6070833333333333 0.30125 0.11083333333333334 0.2025
1 0.81375 0.481875 0.13083333333333333 0.21875
1 0.8383333333333334 0.776875 0.18333333333333332 0.31125
1 0.92625 0.79125 0.1425 0.2325
1 0.795 0.42875 0.13 0.225