1 0.0425 0.495 0.08 0.13
1 0.04375 0.44166666666666665 0.0525 0.056666666666666664
1 0.245 0.37666666666666665 0.05 0.06
1 0.2925 0.30333333333333334 0.03 0.04666666666666667
1 0.295 0.41833333333333333 0.035 0.05
1 0.3175 0.405 0.03 0.043333333333333335
1 0.355 0.43666666666666665 0.055 0.05333333333333334
1 0.37 0.4116666666666667 0.03 0.043333333333333335
1 0.4625 0.41333333333333333 0.04 0.06
1 0.545 0.415 0.105 0.13
1 0.775 0.505 0.075 0.07666666666666666
1 0.64625 0.505 0.0625 0.09
1 0.73375 0.4266666666666667 0.0375 0.04666666666666667
1 0.77125 0.44 0.0325 0.04666666666666667
1 0.81625 0.44 0.0375 0.05333333333333334
1 0.84 0.455 0.045 0.06333333333333334
1 0.87625 0.5 0.0525 0.06666666666666667
1 0.97625 0.48833333333333334 0.0375 0.06333333333333334
1 0.97625 0.43833333333333335 0.0375 0.056666666666666664