1 0.037392138063279005 0.3979763912310287 0.03451581975071908 0.06745362563237774
1 0.26174496644295303 0.2748735244519393 0.019175455417066157 0.03372681281618887
1 0.2799616490891659 0.26475548060708265 0.019175455417066157 0.04047217537942664
1 0.30201342281879195 0.2588532883642496 0.019175455417066157 0.04215851602023609
1 0.3288590604026846 0.2622259696458685 0.01725790987535954 0.03541315345699832
1 0.3480345158197507 0.2706576728499157 0.019175455417066157 0.0387858347386172
1 0.3168744007670182 0.22765598650927488 0.016299137104506232 0.03035413153456998
1 0.34755512943432404 0.22849915682967958 0.020134228187919462 0.03541315345699832
1 0.3581016299137105 0.2318718381112985 0.01821668264621285 0.03204047217537943
1 0.37919463087248323 0.2251264755480607 0.020134228187919462 0.03541315345699832
1 0.3887823585810163 0.20489038785834737 0.01821668264621285 0.02866779089376054
1 0.4242569511025887 0.2175379426644182 0.01821668264621285 0.03035413153456998
1 0.41227229146692235 0.28414839797639124 0.024928092042186004 0.05227655986509275
1 0.4549376797698945 0.2209106239460371 0.016299137104506232 0.03709949409780776
1 0.4813039309683605 0.22596964586846544 0.023010546500479387 0.04384485666104553
1 0.47555129434324067 0.19561551433389546 0.019175455417066157 0.03372681281618887
1 0.45877277085330775 0.17200674536256325 0.016299137104506232 0.03035413153456998
1 0.4324065196548418 0.16441821247892074 0.01725790987535954 0.03204047217537943
1 0.4827420901246405 0.1711635750421585 0.01821668264621285 0.03541315345699832
1 0.48370086289549374 0.1467116357504216 0.012464046021093002 0.026981450252951095
1 0.49616490891658677 0.12984822934232715 0.014381591562799617 0.03035413153456998
1 0.5067114093959731 0.19477234401349072 0.01821668264621285 0.03204047217537943
1 0.5167785234899329 0.16526138279932545 0.015340364333652923 0.03372681281618887
1 0.5417066155321189 0.2015177065767285 0.019175455417066157 0.04215851602023609
1 0.5378715244487057 0.13659359190556492 0.019175455417066157 0.03709949409780776
1 0.5536912751677853 0.1543001686340641 0.020134228187919462 0.0387858347386172
1 0.5690316395014382 0.1087689713322091 0.016299137104506232 0.02866779089376054
1 0.5647171620325983 0.13743676222596965 0.015340364333652923 0.03204047217537943
1 0.5934803451581975 0.1543001686340641 0.02109300095877277 0.0387858347386172
1 0.5944391179290508 0.1205733558178752 0.015340364333652923 0.021922428330522766
1 0.6188878235858102 0.15345699831365936 0.016299137104506232 0.03372681281618887
1 0.6184084372003835 0.11973018549747048 0.013422818791946308 0.02023608768971332
1 0.6318312559923298 0.10539629005059022 0.011505273250239693 0.021922428330522766
1 0.6505273250239694 0.1205733558178752 0.012464046021093002 0.025295109612141653
1 0.6524448705656759 0.09780775716694773 0.012464046021093002 0.026981450252951095
1 0.6788111217641419 0.12141652613827993 0.011505273250239693 0.023608768971332208
1 0.714765100671141 0.09612141652613827 0.010546500479386385 0.03035413153456998
1 0.6984659635666347 0.14924114671163574 0.014381591562799617 0.03541315345699832
1 0.724352828379674 0.14418212478920742 0.014381591562799617 0.02866779089376054
1 0.713326941514861 0.17537942664418213 0.019175455417066157 0.04384485666104553
1 0.7176414189837008 0.2166947723440135 0.020134228187919462 0.05227655986509275
1 0.6711409395973155 0.2487352445193929 0.024928092042186004 0.05564924114671164
1 0.675934803451582 0.20657672849915684 0.01725790987535954 0.0387858347386172
1 0.6653883029721956 0.18549747048903878 0.013422818791946308 0.03709949409780776
1 0.6160115052732502 0.1981450252951096 0.020134228187919462 0.04215851602023609
1 0.6188878235858102 0.25042158516020235 0.023969319271332695 0.05227655986509275
1 0.5795781399808245 0.24957841483979765 0.02588686481303931 0.05396290050590219
1 0.5671140939597316 0.2900505902192243 0.027804410354745925 0.05733558178752108
1 0.4913710450623202 0.30016863406408095 0.027804410354745925 0.05396290050590219
1 0.6145733461169702 0.33220910623946037 0.03451581975071908 0.06408094435075885
1 0.6836049856184084 0.33558178752107926 0.028763183125599234 0.06745362563237774
1 0.7281879194630873 0.2934232715008432 0.02588686481303931 0.06070826306913996
1 0.774209012464046 0.22934232715008432 0.02588686481303931 0.05733558178752108
1 0.7967401725790988 0.28836424957841483 0.028763183125599234 0.06408094435075885
1 0.7545541706615532 0.18718381112984822 0.02109300095877277 0.03709949409780776
1 0.7435282837967402 0.15261382799325462 0.016299137104506232 0.0387858347386172
1 0.7464046021093 0.1205733558178752 0.01821668264621285 0.03541315345699832
1 0.7574304889741131 0.14418212478920742 0.019175455417066157 0.0387858347386172
1 0.7660594439117929 0.10202360876897133 0.01725790987535954 0.03204047217537943
1 0.7828379674017258 0.15682967959527824 0.020134228187919462 0.04047217537942664
1 0.786673058485139 0.13069139966273188 0.016299137104506232 0.0387858347386172
1 0.8068072866730585 0.1163575042158516 0.012464046021093002 0.03035413153456998
1 0.8125599232981783 0.13659359190556492 0.014381591562799617 0.03035413153456998
1 0.8163950143815916 0.1736930860033727 0.020134228187919462 0.047217537942664416
1 0.8326941514860978 0.1627318718381113 0.016299137104506232 0.0387858347386172
1 0.826941514860978 0.12478920741989882 0.014381591562799617 0.03709949409780776
1 0.8465963566634708 0.1357504215851602 0.013422818791946308 0.03204047217537943
1 0.8609779482262704 0.18465430016863407 0.01725790987535954 0.0387858347386172
1 0.8667305848513902 0.15092748735244518 0.015340364333652923 0.0387858347386172
1 0.8801534036433365 0.15008431703204048 0.015340364333652923 0.03372681281618887
1 0.8859060402684564 0.1315345699831366 0.013422818791946308 0.03035413153456998
1 0.8897411313518696 0.2175379426644182 0.019175455417066157 0.04047217537942664
1 0.9012464046021093 0.19308600337268128 0.019175455417066157 0.04215851602023609
1 0.9103547459252157 0.17284991568296795 0.014381591562799617 0.03541315345699832
1 0.9247363374880153 0.1315345699831366 0.016299137104506232 0.03035413153456998
1 0.9391179290508149 0.28161888701517707 0.023969319271332695 0.05396290050590219
1 0.9372003835091084 0.18802698145025296 0.02205177372962608 0.05227655986509275
1 0.9482262703739214 0.15261382799325462 0.015340364333652923 0.0387858347386172