1 0.07865168539325842 0.5464 0.048154093097913325 0.0976
1 0.20385232744783308 0.2776 0.02086677367576244 0.0496
1 0.22993579454253613 0.272 0.024879614767255216 0.048
1 0.27969502407704655 0.2384 0.020064205457463884 0.0448
1 0.31059390048154095 0.2384 0.019261637239165328 0.0416
1 0.31059390048154095 0.2112 0.019261637239165328 0.048
1 0.33025682182985555 0.2256 0.016853932584269662 0.048
1 0.34791332263242375 0.216 0.018459069020866775 0.0448
1 0.36637239165329055 0.2624 0.018459069020866775 0.0512
1 0.3976725521669342 0.2424 0.020064205457463884 0.0432
1 0.3683788121990369 0.1976 0.01765650080256822 0.04
1 0.3900481540930979 0.1952 0.016051364365971106 0.0384
1 0.4333868378812199 0.1944 0.019261637239165328 0.0432
1 0.4438202247191011 0.1656 0.01765650080256822 0.0368
1 0.46990369181380415 0.2424 0.021669341894060994 0.0432
1 0.43218298555377205 0.3208 0.023274478330658106 0.0656
1 0.4943820224719101 0.2072 0.019261637239165328 0.0432
1 0.48154093097913325 0.176 0.016051364365971106 0.0384
1 0.46669341894060995 0.172 0.016853932584269662 0.0368
1 0.4546548956661316 0.1648 0.012038523274478331 0.0288
1 0.4947833065810594 0.1544 0.016853932584269662 0.0368
1 0.5184590690208668 0.172 0.02247191011235955 0.0432
1 0.5497592295345104 0.2144 0.01765650080256822 0.0384
1 0.5529695024077047 0.1416 0.012841091492776886 0.04
1 0.5626003210272873 0.164 0.014446227929373997 0.0304
1 0.5782504012841091 0.1368 0.015248796147672551 0.0336
1 0.5979133226324238 0.1288 0.014446227929373997 0.0336
1 0.6071428571428571 0.1568 0.016853932584269662 0.032
1 0.6067415730337079 0.1832 0.014446227929373997 0.0368
1 0.5818619582664526 0.1768 0.01765650080256822 0.0336
1 0.6219903691813804 0.2 0.01765650080256822 0.0416
1 0.6304173354735152 0.1328 0.015248796147672551 0.0384
1 0.6552969502407705 0.1488 0.013643659711075442 0.0352
1 0.6573033707865169 0.1872 0.01765650080256822 0.0384
1 0.6669341894060995 0.1336 0.016051364365971106 0.0368
1 0.6910112359550562 0.1408 0.014446227929373997 0.0352
1 0.7090690208667737 0.1536 0.013643659711075442 0.0384
1 0.6894060995184591 0.1696 0.01765650080256822 0.0384
1 0.5690208667736758 0.2144 0.01765650080256822 0.0384
1 0.5750401284109149 0.3296 0.023274478330658106 0.0544
1 0.5967094703049759 0.3824 0.02969502407704655 0.064
1 0.6139646869983949 0.288 0.027287319422150885 0.0544
1 0.6641252006420546 0.2504 0.021669341894060994 0.0528
1 0.6970304975922953 0.2192 0.018459069020866775 0.0416
1 0.6581059390048154 0.3888 0.025682182985553772 0.0608
1 0.7251203852327448 0.3864 0.02969502407704655 0.0624
1 0.7953451043338684 0.4416 0.03210272873194221 0.08
1 0.8743980738362761 0.4712 0.03451043338683788 0.072
1 0.7259229534510433 0.26 0.021669341894060994 0.0528
1 0.7520064205457464 0.2896 0.02086677367576244 0.0416
1 0.742776886035313 0.2288 0.016853932584269662 0.0448
1 0.7471910112359551 0.188 0.016051364365971106 0.0368
1 0.7708667736757624 0.184 0.015248796147672551 0.0416
1 0.7817014446227929 0.204 0.014446227929373997 0.04
1 0.7965489566613162 0.2544 0.018459069020866775 0.0544
1 0.8134028892455859 0.2904 0.026484751203852328 0.056
1 0.8198234349919743 0.2256 0.016853932584269662 0.0416
1 0.8089887640449438 0.188 0.01765650080256822 0.04
1 0.8414927768860353 0.2128 0.015248796147672551 0.0352
1 0.8691813804173355 0.2264 0.014446227929373997 0.04
1 0.8788121990369181 0.224 0.012841091492776886 0.0352
1 0.9004815409309791 0.2528 0.014446227929373997 0.0352
1 0.9069020866773676 0.228 0.012841091492776886 0.0304
1 0.8888443017656501 0.2912 0.020064205457463884 0.0448
1 0.8675762439807384 0.3096 0.02086677367576244 0.0528
1 0.8479133226324238 0.368 0.023274478330658106 0.0608
1 0.887239165329053 0.3856 0.024879614767255216 0.0672
1 0.9273675762439807 0.3232 0.020064205457463884 0.0512
1 0.9293739967897271 0.2712 0.01765650080256822 0.0464
1 0.9478330658105939 0.244 0.016051364365971106 0.0432
1 0.9546548956661316 0.4256 0.023274478330658106 0.0672
1 0.9470304975922953 0.3688 0.02247191011235955 0.0592
1 0.9731139646869984 0.3536 0.020064205457463884 0.0544
1 0.9743178170144462 0.3088 0.014446227929373997 0.0352
1 0.985553772070626 0.26 0.016051364365971106 0.0464