1 0.0795339412360689 0.48390342052313884 0.06990881458966565 0.13480885311871227
1 0.25329280648429586 0.403420523138833 0.030395136778115502 0.05835010060362173
1 0.28976697061803447 0.4134808853118712 0.040526849037487336 0.09054325955734406
1 0.41691995947315097 0.44969818913480886 0.04559270516717325 0.11066398390342053
1 0.4685916919959473 0.4074446680080483 0.03343465045592705 0.06639839034205232
1 0.5521783181357649 0.3993963782696177 0.0364741641337386 0.08249496981891348
1 0.5324214792299898 0.39235412474849096 0.019250253292806486 0.056338028169014086
1 0.6160081053698075 0.3008048289738431 0.02634245187436677 0.06639839034205232
1 0.5141843971631206 0.5875251509054326 0.09422492401215805 0.21730382293762576
1 0.745694022289767 0.45472837022132795 0.05673758865248227 0.12474849094567404
1 0.6854103343465046 0.41851106639839036 0.03343465045592705 0.07243460764587525
1 0.7335359675785208 0.3722334004024145 0.02634245187436677 0.060362173038229376
1 0.9670719351570415 0.39738430583501005 0.04559270516717325 0.09859154929577464