1 0.2527075812274368 0.6117788461538461 0.08664259927797834 0.1466346153846154
1 0.3483754512635379 0.4987980769230769 0.05054151624548736 0.06490384615384616
1 0.22382671480144403 0.42908653846153844 0.036101083032490974 0.06009615384615385
1 0.18862815884476533 0.4375 0.030685920577617327 0.03365384615384615
1 0.1615523465703971 0.42427884615384615 0.023465703971119134 0.03125
1 0.13447653429602888 0.41586538461538464 0.019855595667870037 0.028846153846153848
1 0.09657039711191336 0.45072115384615385 0.03790613718411552 0.06009615384615385
1 0.06407942238267147 0.42427884615384615 0.023465703971119134 0.03125
1 0.490072202166065 0.5733173076923077 0.0776173285198556 0.12740384615384615
1 0.48826714801444043 0.4579326923076923 0.030685920577617327 0.040865384615384616
1 0.4693140794223827 0.4495192307692308 0.02527075812274368 0.038461538461538464
1 0.463898916967509 0.4326923076923077 0.018050541516245487 0.02403846153846154
1 0.4548736462093863 0.4230769230769231 0.018050541516245487 0.02403846153846154
1 0.40252707581227437 0.421875 0.018050541516245487 0.026442307692307692
1 0.41787003610108303 0.4170673076923077 0.023465703971119134 0.026442307692307692
1 0.3898916967509025 0.44471153846153844 0.02888086642599278 0.028846153846153848
1 0.34296028880866425 0.43149038461538464 0.021660649819494584 0.03125
1 0.35379061371841153 0.4182692307692308 0.018050541516245487 0.028846153846153848
1 0.3285198555956679 0.38221153846153844 0.018050541516245487 0.028846153846153848
1 0.2879061371841155 0.421875 0.016245487364620937 0.026442307692307692
1 0.26534296028880866 0.40865384615384615 0.018050541516245487 0.02403846153846154
1 0.5324909747292419 0.44591346153846156 0.021660649819494584 0.036057692307692304
1 0.6200361010830325 0.4879807692307692 0.03429602888086643 0.0625
1 0.648014440433213 0.4639423076923077 0.02527075812274368 0.04326923076923077
1 0.6615523465703971 0.44591346153846156 0.019855595667870037 0.036057692307692304
1 0.677797833935018 0.43509615384615385 0.019855595667870037 0.03365384615384615
1 0.7166064981949458 0.43149038461538464 0.021660649819494584 0.036057692307692304
1 0.73014440433213 0.4723557692307692 0.03790613718411552 0.06490384615384616
1 0.7833935018050542 0.4567307692307692 0.021660649819494584 0.038461538461538464
1 0.8158844765342961 0.4855769230769231 0.04332129963898917 0.0673076923076923
1 0.8231046931407943 0.44471153846153844 0.018050541516245487 0.028846153846153848
1 0.6398916967509025 0.4254807692307692 0.016245487364620937 0.02403846153846154
1 0.6101083032490975 0.4254807692307692 0.010830324909747292 0.02403846153846154
1 0.8808664259927798 0.5504807692307693 0.06498194945848375 0.09615384615384616
1 0.8989169675090253 0.49278846153846156 0.04332129963898917 0.0625
1 0.927797833935018 0.47596153846153844 0.032490974729241874 0.057692307692307696
1 0.9729241877256317 0.4579326923076923 0.032490974729241874 0.04567307692307692
1 0.98014440433213 0.5204326923076923 0.039711191335740074 0.09375