1 0.147502356267672 0.2714285714285714 0.016022620169651274 0.03865546218487395
1 0.21300659754948162 0.4546218487394958 0.04147031102733271 0.10252100840336134
1 0.2540056550424128 0.419327731092437 0.04052780395852969 0.10252100840336134
1 0.5650329877474081 0.0546218487394958 0.016022620169651274 0.031932773109243695
1 0.6229971724787936 0.04957983193277311 0.015080113100848256 0.02857142857142857
1 0.4872761545711593 0.13025210084033614 0.01885014137606032 0.025210084033613446
1 0.5292177191328935 0.13781512605042018 0.017907634307257305 0.03361344537815126
1 0.5579641847313855 0.15042016806722688 0.01885014137606032 0.03865546218487395
1 0.5777568331762488 0.15210084033613444 0.01885014137606032 0.031932773109243695
1 0.8081998114985862 0.12773109243697478 0.012252591894439209 0.02689075630252101
1 0.705937794533459 0.1403361344537815 0.015080113100848256 0.031932773109243695
1 0.6786050895381716 0.15966386554621848 0.016965127238454288 0.03361344537815126
1 0.7389255419415646 0.1495798319327731 0.024505183788878417 0.040336134453781515
1 0.7525918944392083 0.1781512605042017 0.017907634307257305 0.03697478991596639
1 0.7926484448633365 0.18823529411764706 0.015080113100848256 0.03697478991596639
1 0.8685202639019792 0.22857142857142856 0.017907634307257305 0.043697478991596636
1 0.5032987747408105 0.2823529411764706 0.02639019792648445 0.06050420168067227
1 0.4707822808671065 0.19243697478991598 0.016022620169651274 0.03865546218487395
1 0.45570216776625827 0.19411764705882353 0.0235626767200754 0.04201680672268908
1 0.4646559849198869 0.1588235294117647 0.01885014137606032 0.03865546218487395
1 0.5362865221489161 0.1957983193277311 0.015080113100848256 0.03529411764705882
1 0.42082940622054665 0.22268907563025211 0.017907634307257305 0.02857142857142857
1 0.3491988689915174 0.25882352941176473 0.019792648444863337 0.040336134453781515
1 0.3699340245051838 0.2638655462184874 0.019792648444863337 0.047058823529411764
1 0.42695570216776624 0.2857142857142857 0.01885014137606032 0.043697478991596636
1 0.6508011310084826 0.253781512605042 0.021677662582469368 0.047058823529411764
1 0.7130065975494816 0.2857142857142857 0.027332704995287466 0.06386554621848739
1 0.7587181903864278 0.29831932773109243 0.02827521206409048 0.058823529411764705
1 0.4420358152686145 0.22941176470588234 0.015080113100848256 0.03865546218487395
1 0.5164938737040528 0.15966386554621848 0.016965127238454288 0.043697478991596636