1 0.27016520894071916 0.2597402597402597 0.019436345966958212 0.032467532467532464
1 0.2813411078717201 0.262987012987013 0.0184645286686103 0.03896103896103896
1 0.31146744412050537 0.2637987012987013 0.0184645286686103 0.040584415584415584
1 0.3275024295432459 0.2792207792207792 0.01749271137026239 0.03896103896103896
1 0.3493683187560739 0.30438311688311687 0.022351797862001945 0.037337662337662336
1 0.35082604470359574 0.237012987012987 0.019436345966958212 0.03571428571428571
1 0.3838678328474247 0.21428571428571427 0.01749271137026239 0.03571428571428571
1 0.3974732750242954 0.21185064935064934 0.01749271137026239 0.030844155844155844
1 0.40524781341107874 0.2987012987012987 0.025267249757045675 0.045454545454545456
1 0.4193391642371234 0.237012987012987 0.022351797862001945 0.03571428571428571
1 0.4834791059280855 0.22564935064935066 0.024295432458697766 0.04220779220779221
1 0.4679300291545189 0.1810064935064935 0.02040816326530612 0.037337662337662336
1 0.5174927113702624 0.1663961038961039 0.01652089407191448 0.027597402597402596
1 0.5379008746355685 0.1858766233766234 0.02040816326530612 0.037337662337662336
1 0.5252672497570456 0.21347402597402598 0.02040816326530612 0.03409090909090909
1 0.5699708454810496 0.19318181818181818 0.022351797862001945 0.032467532467532464
1 0.5685131195335277 0.16233766233766234 0.019436345966958212 0.02922077922077922
1 0.5937803692905733 0.17207792207792208 0.019436345966958212 0.03896103896103896
1 0.6098153547133139 0.1241883116883117 0.01652089407191448 0.027597402597402596
1 0.5816326530612245 0.22727272727272727 0.02040816326530612 0.03896103896103896
1 0.5077745383867833 0.3060064935064935 0.024295432458697766 0.05032467532467533
1 0.5587949465500486 0.31493506493506496 0.031098153547133137 0.05844155844155844
1 0.597667638483965 0.2711038961038961 0.027210884353741496 0.05844155844155844
1 0.6248785228377065 0.21996753246753248 0.023323615160349854 0.04383116883116883
1 0.6491739552964043 0.19642857142857142 0.021379980563654033 0.04220779220779221
1 0.6676384839650146 0.349025974025974 0.03304178814382896 0.07142857142857142
1 0.6579203109815355 0.2727272727272727 0.029154518950437316 0.05194805194805195
1 0.6812439261418853 0.21672077922077923 0.023323615160349854 0.05032467532467533
1 0.6943634596695821 0.18506493506493507 0.02040816326530612 0.03896103896103896
1 0.7312925170068028 0.20373376623376624 0.02040816326530612 0.037337662337662336
1 0.738581146744412 0.18181818181818182 0.019436345966958212 0.03571428571428571
1 0.7269193391642371 0.2564935064935065 0.025267249757045675 0.048701298701298704
1 0.7589893100097181 0.2362012987012987 0.021379980563654033 0.04383116883116883
1 0.7667638483965015 0.19074675324675325 0.01749271137026239 0.03409090909090909
1 0.7881438289601554 0.2012987012987013 0.01749271137026239 0.03896103896103896
1 0.7764820213799806 0.1444805194805195 0.015549076773566569 0.032467532467532464
1 0.8066083576287658 0.14772727272727273 0.01749271137026239 0.032467532467532464
1 0.8241010689990281 0.17613636363636365 0.019436345966958212 0.03409090909090909
1 0.8309037900874635 0.23214285714285715 0.019436345966958212 0.03571428571428571
1 0.8158406219630709 0.25243506493506496 0.028182701652089408 0.056818181818181816
1 0.7871720116618076 0.3051948051948052 0.025267249757045675 0.05519480519480519
1 0.7687074829931972 0.36444805194805197 0.03304178814382896 0.060064935064935064
1 0.859572400388727 0.29707792207792205 0.028182701652089408 0.05519480519480519
1 0.8731778425655977 0.26704545454545453 0.024295432458697766 0.04707792207792208
1 0.9110787172011662 0.2930194805194805 0.026239067055393587 0.05357142857142857
1 0.8935860058309038 0.21428571428571427 0.0184645286686103 0.04220779220779221
1 0.8508260447035957 0.20373376623376624 0.01652089407191448 0.040584415584415584
1 0.8624878522837707 0.16314935064935066 0.014577259475218658 0.030844155844155844