1 0.1960431654676259 0.18895966029723993 0.02038369304556355 0.04670912951167728
1 0.23081534772182255 0.18895966029723993 0.02038369304556355 0.03821656050955414
1 0.4106714628297362 0.15498938428874734 0.025179856115107913 0.03821656050955414
1 0.5299760191846523 0.18577494692144372 0.02158273381294964 0.036093418259023353
1 0.592925659472422 0.1624203821656051 0.017985611510791366 0.036093418259023353
1 0.6199040767386091 0.1464968152866242 0.02158273381294964 0.04670912951167728
1 0.6492805755395683 0.1305732484076433 0.017985611510791366 0.040339702760084924
1 0.6726618705035972 0.20382165605095542 0.023980815347721823 0.04670912951167728
1 0.7158273381294964 0.1624203821656051 0.02158273381294964 0.040339702760084924
1 0.7446043165467626 0.27282377919320594 0.02877697841726619 0.05732484076433121
1 0.761990407673861 0.22929936305732485 0.025179856115107913 0.055201698513800426
1 0.7446043165467626 0.3471337579617834 0.03117505995203837 0.06157112526539278
1 0.815347721822542 0.25902335456475584 0.02877697841726619 0.055201698513800426
1 0.8207434052757794 0.3673036093418259 0.03237410071942446 0.07643312101910828
1 0.9280575539568345 0.4543524416135881 0.0407673860911271 0.08067940552016985