1 0.06843575418994413 0.4898989898989899 0.04562383612662942 0.09090909090909091
1 0.2579143389199255 0.2702020202020202 0.0223463687150838 0.03535353535353535
1 0.28212290502793297 0.26262626262626265 0.0186219739292365 0.03367003367003367
1 0.31890130353817503 0.24074074074074073 0.017690875232774673 0.04040404040404041
1 0.3254189944134078 0.21296296296296297 0.015828677839851025 0.03872053872053872
1 0.34124767225325886 0.21885521885521886 0.013966480446927373 0.04040404040404041
1 0.33798882681564246 0.255050505050505 0.0186219739292365 0.03872053872053872
1 0.3505586592178771 0.2617845117845118 0.021415270018621976 0.03872053872053872
1 0.3924581005586592 0.2836700336700337 0.019553072625698324 0.045454545454545456
1 0.3808193668528864 0.2702020202020202 0.0186219739292365 0.04882154882154882
1 0.3570763500931099 0.2222222222222222 0.019553072625698324 0.04040404040404041
1 0.37756052141527 0.18602693602693604 0.013966480446927373 0.03535353535353535
1 0.3929236499068901 0.21464646464646464 0.01675977653631285 0.03535353535353535
1 0.40037243947858475 0.17929292929292928 0.0148975791433892 0.02861952861952862
1 0.41620111731843573 0.18518518518518517 0.0148975791433892 0.04040404040404041
1 0.4376163873370577 0.1919191919191919 0.01675977653631285 0.037037037037037035
1 0.44553072625698326 0.21801346801346802 0.019553072625698324 0.045454545454545456
1 0.4748603351955307 0.2281144781144781 0.0223463687150838 0.04208754208754209
1 0.4743947858472998 0.19276094276094277 0.017690875232774673 0.03535353535353535
1 0.46042830540037244 0.14057239057239057 0.015828677839851025 0.03198653198653199
1 0.4743947858472998 0.15572390572390574 0.015828677839851025 0.03198653198653199
1 0.49115456238361266 0.16245791245791247 0.015828677839851025 0.02861952861952862
1 0.4827746741154562 0.12878787878787878 0.012104283054003724 0.025252525252525252
1 0.5079143389199255 0.18686868686868688 0.017690875232774673 0.037037037037037035
1 0.5186219739292365 0.1691919191919192 0.01675977653631285 0.02861952861952862
1 0.5363128491620112 0.1893939393939394 0.0186219739292365 0.04208754208754209
1 0.5563314711359404 0.24074074074074073 0.023277467411545624 0.050505050505050504
1 0.5642458100558659 0.16498316498316498 0.01675977653631285 0.03367003367003367
1 0.5516759776536313 0.1590909090909091 0.015828677839851025 0.03198653198653199
1 0.5609869646182495 0.12205387205387205 0.013966480446927373 0.03198653198653199
1 0.5879888268156425 0.1414141414141414 0.013966480446927373 0.030303030303030304
1 0.585195530726257 0.117003367003367 0.012104283054003724 0.025252525252525252
1 0.6089385474860335 0.14814814814814814 0.0148975791433892 0.030303030303030304
1 0.6140595903165735 0.11784511784511785 0.015828677839851025 0.026936026936026935
1 0.6345437616387337 0.14646464646464646 0.019553072625698324 0.030303030303030304
1 0.6391992551210428 0.11784511784511785 0.012104283054003724 0.026936026936026935
1 0.6815642458100558 0.12373737373737374 0.0148975791433892 0.02861952861952862
1 0.6871508379888268 0.14814814814814814 0.020484171322160148 0.037037037037037035
1 0.6461824953445066 0.18771043771043772 0.020484171322160148 0.03872053872053872
1 0.6578212290502793 0.2079124579124579 0.021415270018621976 0.045454545454545456
1 0.5013966480446927 0.2828282828282828 0.027001862197392923 0.050505050505050504
1 0.5819366852886406 0.29292929292929293 0.0260707635009311 0.050505050505050504
1 0.6131284916201117 0.3148148148148148 0.028864059590316574 0.05723905723905724
1 0.6238361266294227 0.25 0.024208566108007448 0.04882154882154882
1 0.62756052141527 0.20286195286195285 0.020484171322160148 0.03535353535353535
1 0.6717877094972067 0.2474747474747475 0.023277467411545624 0.05387205387205387
1 0.7067039106145251 0.21801346801346802 0.0223463687150838 0.04208754208754209
1 0.6936685288640596 0.19023569023569023 0.01675977653631285 0.04040404040404041
1 0.7225325884543762 0.1691919191919192 0.0148975791433892 0.03872053872053872
1 0.7141527001862198 0.13552188552188552 0.01303538175046555 0.03198653198653199
1 0.7304469273743017 0.13804713804713806 0.015828677839851025 0.030303030303030304
1 0.7527932960893855 0.16498316498316498 0.015828677839851025 0.03367003367003367
1 0.7667597765363129 0.1893939393939394 0.019553072625698324 0.045454545454545456
1 0.7299813780260708 0.20117845117845118 0.020484171322160148 0.045454545454545456
1 0.7737430167597765 0.23653198653198654 0.0223463687150838 0.05218855218855219
1 0.749534450651769 0.2946127946127946 0.0260707635009311 0.06060606060606061
1 0.7239292364990689 0.27946127946127947 0.021415270018621976 0.050505050505050504
1 0.8393854748603352 0.29545454545454547 0.023277467411545624 0.05218855218855219
1 0.8538175046554934 0.2441077441077441 0.0223463687150838 0.050505050505050504
1 0.8156424581005587 0.20454545454545456 0.0186219739292365 0.04208754208754209
1 0.7942271880819367 0.1632996632996633 0.01675977653631285 0.04040404040404041
1 0.776536312849162 0.14814814814814814 0.01675977653631285 0.030303030303030304
1 0.7639664804469274 0.12457912457912458 0.013966480446927373 0.030303030303030304
1 0.7537243947858473 0.13383838383838384 0.015828677839851025 0.02861952861952862
1 0.8054003724394786 0.12457912457912458 0.0148975791433892 0.02356902356902357
1 0.8226256983240223 0.14898989898989898 0.013966480446927373 0.02861952861952862
1 0.835195530726257 0.17592592592592593 0.0186219739292365 0.04208754208754209
1 0.8491620111731844 0.15151515151515152 0.01303538175046555 0.030303030303030304
1 0.88268156424581 0.2037037037037037 0.01675977653631285 0.04040404040404041
1 0.9017690875232774 0.21296296296296297 0.015828677839851025 0.045454545454545456
1 0.9236499068901304 0.26430976430976433 0.024208566108007448 0.06060606060606061
1 0.8868715083798883 0.1691919191919192 0.017690875232774673 0.03872053872053872