1 0.35 0.6331719128329297 0.04181818181818182 0.07506053268765134
1 0.6954545454545454 0.6549636803874092 0.038181818181818185 0.06053268765133172
1 0.028181818181818183 0.4685230024213075 0.04181818181818182 0.05569007263922518
1 0.07454545454545454 0.5181598062953995 0.03272727272727273 0.043583535108958835
1 0.10272727272727272 0.47336561743341404 0.03090909090909091 0.04116222760290557
1 0.14545454545454545 0.46973365617433416 0.02909090909090909 0.048426150121065374
1 0.15 0.4346246973365617 0.023636363636363636 0.03631961259079903
1 0.17181818181818181 0.45278450363196127 0.02727272727272727 0.0387409200968523
1 0.21181818181818182 0.4721549636803874 0.034545454545454546 0.048426150121065374
1 0.22636363636363635 0.43946731234866826 0.02727272727272727 0.04116222760290557
1 0.26181818181818184 0.49515738498789347 0.03272727272727273 0.05084745762711865
1 0.27090909090909093 0.4467312348668281 0.025454545454545455 0.04116222760290557
1 0.3109090909090909 0.4721549636803874 0.03636363636363636 0.053268765133171914
1 0.3236363636363636 0.437046004842615 0.02909090909090909 0.04600484261501211
1 0.3609090909090909 0.47578692493946734 0.034545454545454546 0.04600484261501211
1 0.37 0.42857142857142855 0.03090909090909091 0.048426150121065374
1 0.38 0.3983050847457627 0.025454545454545455 0.03631961259079903
1 0.3427272727272727 0.400726392251816 0.023636363636363636 0.03631961259079903
1 0.2881818181818182 0.39709443099273606 0.02727272727272727 0.0387409200968523
1 0.23727272727272727 0.3934624697336562 0.02727272727272727 0.03631961259079903
1 0.23545454545454544 0.36077481840193704 0.023636363636363636 0.03389830508474576
1 0.2309090909090909 0.3196125907990315 0.02909090909090909 0.03389830508474576
1 0.18727272727272729 0.3559322033898305 0.025454545454545455 0.029055690072639227
1 0.1709090909090909 0.32929782082324455 0.02909090909090909 0.0387409200968523
1 0.14363636363636365 0.3704600484261501 0.025454545454545455 0.0387409200968523
1 0.09454545454545454 0.3644067796610169 0.025454545454545455 0.04116222760290557
1 0.11 0.3365617433414044 0.03090909090909091 0.0387409200968523
1 0.2727272727272727 0.3498789346246973 0.025454545454545455 0.04116222760290557
1 0.2963636363636364 0.34019370460048426 0.02181818181818182 0.04116222760290557
1 0.32636363636363636 0.3414043583535109 0.02727272727272727 0.0387409200968523
1 0.3481818181818182 0.324455205811138 0.023636363636363636 0.03389830508474576
1 0.3790909090909091 0.34261501210653755 0.023636363636363636 0.04116222760290557
1 0.40454545454545454 0.32324455205811137 0.02 0.04116222760290557
1 0.4309090909090909 0.3389830508474576 0.02909090909090909 0.0387409200968523
1 0.4527272727272727 0.3171912832929782 0.02181818181818182 0.0387409200968523
1 0.43 0.387409200968523 0.023636363636363636 0.0387409200968523
1 0.4127272727272727 0.4430992736077482 0.025454545454545455 0.043583535108958835
1 0.4254545454545455 0.47094430992736075 0.03636363636363636 0.05569007263922518
1 0.4827272727272727 0.48426150121065376 0.034545454545454546 0.053268765133171914
1 0.4690909090909091 0.42736077481840196 0.02909090909090909 0.04600484261501211
1 0.4890909090909091 0.3910411622276029 0.025454545454545455 0.04600484261501211
1 0.4763636363636364 0.36077481840193704 0.025454545454545455 0.0387409200968523
1 0.4990909090909091 0.3389830508474576 0.023636363636363636 0.0387409200968523
1 0.5309090909090909 0.3559322033898305 0.02181818181818182 0.0387409200968523
1 0.5390909090909091 0.3789346246973366 0.023636363636363636 0.03631961259079903
1 0.5254545454545455 0.42736077481840196 0.03636363636363636 0.05084745762711865
1 0.5427272727272727 0.48668280871670705 0.034545454545454546 0.05811138014527845
1 0.6163636363636363 0.49515738498789347 0.03636363636363636 0.06537530266343826
1 0.6881818181818182 0.4927360774818402 0.034545454545454546 0.06053268765133172
1 0.7663636363636364 0.48668280871670705 0.034545454545454546 0.05811138014527845
1 0.7854545454545454 0.4225181598062954 0.03272727272727273 0.05569007263922518
1 0.8463636363636363 0.4794188861985472 0.03090909090909091 0.053268765133171914
1 0.8554545454545455 0.437046004842615 0.03090909090909091 0.05569007263922518
1 0.9254545454545454 0.49878934624697335 0.03272727272727273 0.05811138014527845
1 0.9136363636363637 0.4430992736077482 0.03090909090909091 0.043583535108958835
1 0.9172727272727272 0.40556900726392253 0.023636363636363636 0.04116222760290557
1 0.9736363636363636 0.4261501210653753 0.034545454545454546 0.06295399515738499
1 0.980909090909091 0.35351089588377727 0.03090909090909091 0.05811138014527845
1 0.9509090909090909 0.3341404358353511 0.03272727272727273 0.05811138014527845
1 0.8772727272727273 0.39588377723970947 0.02 0.03631961259079903
1 0.8527272727272728 0.3837772397094431 0.025454545454545455 0.05084745762711865
1 0.8945454545454545 0.36077481840193704 0.02909090909090909 0.0387409200968523
1 0.8836363636363637 0.3414043583535109 0.025454545454545455 0.0387409200968523
1 0.82 0.3813559322033898 0.02909090909090909 0.04600484261501211
1 0.8254545454545454 0.3365617433414044 0.025454545454545455 0.03389830508474576
1 0.7990909090909091 0.3583535108958838 0.02 0.03389830508474576
1 0.7818181818181819 0.3414043583535109 0.025454545454545455 0.0387409200968523
1 0.7609090909090909 0.3789346246973366 0.023636363636363636 0.04116222760290557
1 0.7481818181818182 0.35472154963680386 0.023636363636363636 0.03631961259079903
1 0.7263636363636363 0.3220338983050847 0.02727272727272727 0.0387409200968523
1 0.7136363636363636 0.34624697336561744 0.02727272727272727 0.043583535108958835
1 0.7090909090909091 0.423728813559322 0.03272727272727273 0.053268765133171914
1 0.6945454545454546 0.3934624697336562 0.02181818181818182 0.031476997578692496
1 0.6709090909090909 0.3583535108958838 0.02909090909090909 0.0387409200968523
1 0.6618181818181819 0.33777239709443097 0.02181818181818182 0.021791767554479417
1 0.6463636363636364 0.43825665859564167 0.023636363636363636 0.043583535108958835
1 0.6409090909090909 0.3983050847457627 0.02727272727272727 0.03631961259079903
1 0.5981818181818181 0.43099273607748184 0.02909090909090909 0.048426150121065374
1 0.5881818181818181 0.3922518159806295 0.02727272727272727 0.03389830508474576
1 0.5827272727272728 0.3559322033898305 0.023636363636363636 0.0387409200968523
1 0.6072727272727273 0.34019370460048426 0.025454545454545455 0.04116222760290557
1 0.6318181818181818 0.3498789346246973 0.023636363636363636 0.04600484261501211
1 0.5527272727272727 0.3305084745762712 0.025454545454545455 0.03631961259079903