1 0.17145270270270271 0.4619252873563218 0.04560810810810811 0.08189655172413793
1 0.2360641891891892 0.3390804597701149 0.016047297297297296 0.031609195402298854
1 0.2685810810810811 0.34123563218390807 0.02195945945945946 0.03879310344827586
1 0.29307432432432434 0.30962643678160917 0.018581081081081082 0.035919540229885055
1 0.2998310810810811 0.36278735632183906 0.018581081081081082 0.041666666666666664
1 0.3483952702702703 0.3635057471264368 0.024493243243243243 0.040229885057471264
1 0.36782094594594594 0.3254310344827586 0.016047297297297296 0.033045977011494254
1 0.36655405405405406 0.29094827586206895 0.018581081081081082 0.033045977011494254
1 0.4066722972972973 0.2550287356321839 0.016047297297297296 0.027298850574712645
1 0.41765202702702703 0.2686781609195402 0.016047297297297296 0.028735632183908046
1 0.4362331081081081 0.2579022988505747 0.014358108108108109 0.021551724137931036
1 0.4467905405405405 0.2636494252873563 0.011824324324324325 0.027298850574712645
1 0.4189189189189189 0.29813218390804597 0.015202702702702704 0.027298850574712645
1 0.39484797297297297 0.3369252873563218 0.017736486486486486 0.033045977011494254
1 0.41765202702702703 0.33045977011494254 0.021114864864864864 0.034482758620689655
1 0.44763513513513514 0.30387931034482757 0.018581081081081082 0.03017241379310345
1 0.45396959459459457 0.33477011494252873 0.022804054054054054 0.03735632183908046
1 0.4839527027027027 0.30028735632183906 0.016891891891891893 0.028735632183908046
1 0.48184121621621623 0.2607758620689655 0.016047297297297296 0.027298850574712645
1 0.47466216216216217 0.2413793103448276 0.013513513513513514 0.022988505747126436
1 0.48184121621621623 0.23706896551724138 0.016047297297297296 0.022988505747126436
1 0.5076013513513513 0.2629310344827586 0.016891891891891893 0.028735632183908046
1 0.5194256756756757 0.2557471264367816 0.015202702702702704 0.02586206896551724
1 0.5320945945945946 0.23706896551724138 0.016891891891891893 0.02586206896551724
1 0.5506756756756757 0.25287356321839083 0.016891891891891893 0.034482758620689655
1 0.5295608108108109 0.2744252873563218 0.015202702702702704 0.028735632183908046
1 0.5160472972972973 0.3110632183908046 0.02027027027027027 0.033045977011494254
1 0.5802364864864865 0.21479885057471265 0.011824324324324325 0.021551724137931036
1 0.5840371621621622 0.23419540229885058 0.01266891891891892 0.022988505747126436
1 0.5899493243243243 0.27298850574712646 0.016047297297297296 0.031609195402298854
1 0.6211993243243243 0.22270114942528735 0.01097972972972973 0.02586206896551724
1 0.629222972972973 0.20114942528735633 0.010135135135135136 0.022988505747126436
1 0.6195101351351351 0.25 0.01266891891891892 0.02586206896551724
1 0.6440033783783784 0.21695402298850575 0.009290540540540541 0.022988505747126436
1 0.6507601351351351 0.24209770114942528 0.01097972972972973 0.021551724137931036
1 0.6875 0.21048850574712644 0.011824324324324325 0.021551724137931036
1 0.6921452702702703 0.22916666666666666 0.01097972972972973 0.021551724137931036
1 0.7039695945945946 0.21982758620689655 0.014358108108108109 0.02586206896551724
1 0.6866554054054054 0.27514367816091956 0.015202702702702704 0.027298850574712645
1 0.7225506756756757 0.2507183908045977 0.016047297297297296 0.033045977011494254
1 0.7533783783783784 0.24568965517241378 0.011824324324324325 0.031609195402298854
1 0.762668918918919 0.22198275862068967 0.013513513513513514 0.027298850574712645
1 0.7846283783783784 0.2492816091954023 0.011824324324324325 0.021551724137931036
1 0.8019425675675675 0.23275862068965517 0.01266891891891892 0.028735632183908046
1 0.8032094594594594 0.2636494252873563 0.013513513513513514 0.03879310344827586
1 0.8315033783783784 0.2449712643678161 0.01266891891891892 0.03017241379310345
1 0.8631756756756757 0.2550287356321839 0.013513513513513514 0.02442528735632184
1 0.8830236486486487 0.2636494252873563 0.01097972972972973 0.03017241379310345
1 0.894847972972973 0.2550287356321839 0.014358108108108109 0.027298850574712645
1 0.9214527027027027 0.28376436781609193 0.016891891891891893 0.035919540229885055
1 0.9615709459459459 0.28089080459770116 0.014358108108108109 0.03017241379310345
1 0.9577702702702703 0.3103448275862069 0.016891891891891893 0.034482758620689655
1 0.9522804054054054 0.3505747126436782 0.016047297297297296 0.034482758620689655
1 0.9413006756756757 0.3922413793103448 0.021114864864864864 0.04597701149425287
1 0.933277027027027 0.4640804597701149 0.028716216216216218 0.04885057471264368
1 0.8652871621621622 0.43462643678160917 0.024493243243243243 0.05603448275862069
1 0.8783783783783784 0.40589080459770116 0.02533783783783784 0.041666666666666664
1 0.8893581081081081 0.34051724137931033 0.018581081081081082 0.040229885057471264
1 0.9121621621621622 0.3175287356321839 0.016891891891891893 0.031609195402298854
1 0.8733108108108109 0.3024425287356322 0.018581081081081082 0.033045977011494254
1 0.8331925675675675 0.30387931034482757 0.017736486486486486 0.041666666666666664
1 0.6169763513513513 0.3254310344827586 0.021114864864864864 0.033045977011494254
1 0.6651182432432432 0.34913793103448276 0.019425675675675675 0.03735632183908046
1 0.6499155405405406 0.30603448275862066 0.019425675675675675 0.034482758620689655
1 0.6980574324324325 0.32471264367816094 0.022804054054054054 0.03735632183908046
1 0.7111486486486487 0.34913793103448276 0.02195945945945946 0.04310344827586207
1 0.8315033783783784 0.3613505747126437 0.021114864864864864 0.04454022988505747
1 0.8129222972972973 0.40589080459770116 0.02956081081081081 0.05028735632183908
1 0.7605574324324325 0.40445402298850575 0.02956081081081081 0.0617816091954023
1 0.6836993243243243 0.3714080459770115 0.024493243243243243 0.04454022988505747
1 0.6275337837837838 0.4238505747126437 0.033783783783783786 0.05459770114942529
1 0.6684966216216216 0.45977011494252873 0.036317567567567564 0.06609195402298851
1 0.7267736486486487 0.5079022988505747 0.03969594594594594 0.07614942528735633
1 0.8285472972972973 0.4885057471264368 0.03547297297297297 0.05172413793103448
1 0.5971283783783784 0.4202586206896552 0.028716216216216218 0.03879310344827586
1 0.5612331081081081 0.40014367816091956 0.02787162162162162 0.041666666666666664
1 0.5190033783783784 0.38146551724137934 0.03125 0.05603448275862069
1 0.7398648648648649 0.28089080459770116 0.015202702702702704 0.03017241379310345
1 0.7668918918918919 0.2665229885057471 0.016891891891891893 0.027298850574712645
1 0.7846283783783784 0.27945402298850575 0.016891891891891893 0.027298850574712645