1 0.04875 0.6391666666666667 0.0525 0.06166666666666667
1 0.07 0.6858333333333333 0.05 0.051666666666666666
1 0.114375 0.75 0.06875 0.08666666666666667
1 0.173125 0.8233333333333334 0.09875 0.11
1 0.309375 0.7591666666666667 0.08125 0.08833333333333333
1 0.244375 0.6683333333333333 0.05625 0.08666666666666667
1 0.17 0.6625 0.0575 0.075
1 0.166875 0.6 0.04625 0.06333333333333334
1 0.226875 0.61 0.04375 0.06
1 0.3 0.6641666666666667 0.0475 0.055
1 0.381875 0.6691666666666667 0.05375 0.065
1 0.406875 0.6483333333333333 0.04875 0.05333333333333334
1 0.35375 0.6008333333333333 0.04 0.045
1 0.451875 0.6 0.04375 0.05333333333333334
1 0.546875 0.6483333333333333 0.04875 0.06333333333333334
1 0.524375 0.6791666666666667 0.04875 0.055
1 0.488125 0.7433333333333333 0.07875 0.09666666666666666
1 0.496875 0.8175 0.10625 0.14166666666666666
1 0.5375 0.5908333333333333 0.0325 0.041666666666666664
1 0.604375 0.4475 0.02375 0.041666666666666664
1 0.64 0.6058333333333333 0.035 0.055
1 0.67125 0.6441666666666667 0.0475 0.065
1 0.670625 0.6875 0.05875 0.055
1 0.69 0.7416666666666667 0.075 0.10333333333333333
1 0.731875 0.6041666666666666 0.03625 0.058333333333333334
1 0.7525 0.65 0.045 0.06666666666666667
1 0.8225 0.6875 0.0625 0.075
1 0.87 0.7266666666666667 0.07 0.08666666666666667
1 0.84625 0.8041666666666667 0.125 0.175