1 0.2017982017982018 0.21657754010695188 0.015984015984015984 0.0338680926916221
1 0.2917082917082917 0.21390374331550802 0.013986013986013986 0.035650623885918005
1 0.34665334665334663 0.19073083778966132 0.015984015984015984 0.035650623885918005
1 0.36313686313686316 0.2014260249554367 0.016983016983016984 0.035650623885918005
1 0.3961038961038961 0.2415329768270945 0.01898101898101898 0.0374331550802139
1 0.4355644355644356 0.22459893048128343 0.025974025974025976 0.0570409982174688
1 0.48451548451548454 0.22994652406417113 0.01998001998001998 0.0392156862745098
1 0.4595404595404595 0.21479500891265596 0.015984015984015984 0.0374331550802139
1 0.4240759240759241 0.17557932263814616 0.012987012987012988 0.026737967914438502
1 0.4030969030969031 0.17557932263814616 0.016983016983016984 0.030303030303030304
1 0.3841158841158841 0.17201426024955438 0.012987012987012988 0.023172905525846704
1 0.43106893106893107 0.14795008912655971 0.01098901098901099 0.024955436720142603
1 0.493006993006993 0.1800356506238859 0.014985014985014986 0.03208556149732621
1 0.48151848151848153 0.16131907308377896 0.013986013986013986 0.026737967914438502
1 0.515984015984016 0.17736185383244207 0.012987012987012988 0.0338680926916221
1 0.5474525474525475 0.18449197860962566 0.017982017982017984 0.030303030303030304
1 0.47352647352647353 0.13636363636363635 0.011988011988011988 0.023172905525846704
1 0.482017982017982 0.13279857397504458 0.01098901098901099 0.023172905525846704
1 0.5824175824175825 0.17914438502673796 0.017982017982017984 0.0338680926916221
1 0.5444555444555444 0.1408199643493761 0.011988011988011988 0.024955436720142603
1 0.5209790209790209 0.13458110516934046 0.008991008991008992 0.023172905525846704
1 0.514985014985015 0.13279857397504458 0.014985014985014986 0.026737967914438502
1 0.5794205794205795 0.1265597147950089 0.00999000999000999 0.024955436720142603
1 0.5884115884115884 0.13636363636363635 0.011988011988011988 0.030303030303030304
1 0.6003996003996004 0.12477718360071301 0.011988011988011988 0.024955436720142603
1 0.6238761238761239 0.1408199643493761 0.014985014985014986 0.024955436720142603
1 0.6548451548451548 0.14884135472370766 0.01898101898101898 0.030303030303030304
1 0.6618381618381618 0.1140819964349376 0.014985014985014986 0.035650623885918005
1 0.6813186813186813 0.12477718360071301 0.011988011988011988 0.03208556149732621
1 0.7167832167832168 0.11942959001782531 0.014985014985014986 0.0285204991087344
1 0.6108891108891109 0.11497326203208556 0.014985014985014986 0.023172905525846704
1 0.6358641358641358 0.12566844919786097 0.012987012987012988 0.0196078431372549
1 0.5674325674325674 0.2718360071301248 0.027972027972027972 0.062388591800356503
1 0.577922077922078 0.24955436720142601 0.026973026973026972 0.053475935828877004
1 0.6383616383616384 0.25044563279857396 0.017982017982017984 0.05169340463458111
1 0.6383616383616384 0.20320855614973263 0.013986013986013986 0.0392156862745098
1 0.6553446553446554 0.19340463458110516 0.015984015984015984 0.030303030303030304
1 0.6753246753246753 0.22549019607843138 0.01998001998001998 0.044563279857397504
1 0.6833166833166833 0.2638146167557932 0.01998001998001998 0.04634581105169341
1 0.7387612387612388 0.2736185383244207 0.026973026973026972 0.05169340463458111
1 0.7222777222777222 0.23975044563279857 0.01998001998001998 0.044563279857397504
1 0.6983016983016983 0.17647058823529413 0.017982017982017984 0.03208556149732621
1 0.7002997002997003 0.21568627450980393 0.017982017982017984 0.0392156862745098
1 0.7457542457542458 0.18627450980392157 0.016983016983016984 0.030303030303030304
1 0.7542457542457542 0.2103386809269162 0.017982017982017984 0.035650623885918005
1 0.7707292707292708 0.26024955436720143 0.02097902097902098 0.0427807486631016
1 0.7972027972027972 0.29500891265597146 0.02197802197802198 0.05525846702317291
1 0.8436563436563437 0.32174688057041 0.024975024975024976 0.05169340463458111
1 0.9120879120879121 0.3663101604278075 0.023976023976023976 0.058823529411764705
1 0.9280719280719281 0.3065953654188948 0.01998001998001998 0.049910873440285206
1 0.8821178821178821 0.26648841354723707 0.02197802197802198 0.0481283422459893
1 0.8401598401598401 0.24598930481283424 0.017982017982017984 0.0427807486631016
1 0.7972027972027972 0.22192513368983957 0.015984015984015984 0.0338680926916221
1 0.7712287712287712 0.13012477718360071 0.013986013986013986 0.035650623885918005
1 0.7442557442557443 0.16488413547237077 0.015984015984015984 0.023172905525846704
1 0.7892107892107892 0.1568627450980392 0.00999000999000999 0.0285204991087344
1 0.7987012987012987 0.14171122994652408 0.01098901098901099 0.026737967914438502
1 0.8066933066933067 0.1657754010695187 0.01098901098901099 0.0285204991087344
1 0.8156843156843157 0.1568627450980392 0.01098901098901099 0.03208556149732621
1 0.8241758241758241 0.1408199643493761 0.013986013986013986 0.03208556149732621
1 0.8441558441558441 0.21301247771836007 0.015984015984015984 0.026737967914438502
1 0.8551448551448552 0.18538324420677363 0.015984015984015984 0.03208556149732621
1 0.8341658341658341 0.18983957219251338 0.015984015984015984 0.026737967914438502
1 0.8446553446553446 0.1657754010695187 0.01098901098901099 0.03208556149732621
1 0.8561438561438561 0.15953654188948307 0.00999000999000999 0.030303030303030304
1 0.8711288711288712 0.17379679144385027 0.011988011988011988 0.0374331550802139
1 0.8866133866133866 0.1657754010695187 0.012987012987012988 0.0392156862745098
1 0.9095904095904096 0.1657754010695187 0.01098901098901099 0.03208556149732621
1 0.9055944055944056 0.21568627450980393 0.01098901098901099 0.024955436720142603
1 0.9285714285714286 0.23618538324420676 0.014985014985014986 0.040998217468805706
1 0.9475524475524476 0.22281639928698752 0.012987012987012988 0.0285204991087344
1 0.9545454545454546 0.1836007130124777 0.016983016983016984 0.03208556149732621