1 0.23162134944612287 0.29927007299270075 0.030211480362537766 0.058394160583941604
1 0.24622356495468278 0.24543795620437955 0.023162134944612285 0.05291970802919708
1 0.2628398791540785 0.21897810218978103 0.028197381671701913 0.05474452554744526
1 0.30614300100704933 0.20072992700729927 0.022155085599194362 0.043795620437956206
1 0.3288016112789527 0.17974452554744524 0.013091641490433032 0.03467153284671533
1 0.30614300100704933 0.22536496350364962 0.032225579053373615 0.04562043795620438
1 0.3152064451158107 0.2645985401459854 0.032225579053373615 0.06204379562043796
1 0.3423967774420947 0.26824817518248173 0.032225579053373615 0.07664233576642336
1 0.4405840886203424 0.26277372262773724 0.03323262839879154 0.05474452554744526
1 0.4420946626384693 0.2062043795620438 0.030211480362537766 0.06934306569343066
1 0.47180261832829806 0.14963503649635038 0.027190332326283987 0.06204379562043796
1 0.4788519637462236 0.20529197080291972 0.027190332326283987 0.05656934306569343
1 0.5040281973816717 0.22992700729927007 0.027190332326283987 0.06569343065693431
1 0.6515609264853978 0.14963503649635038 0.02416918429003021 0.04744525547445255