1 0.035625517812758904 0.41045845272206305 0.021541010770505385 0.04154727793696275
1 0.23902236951118475 0.3502865329512894 0.014084507042253521 0.03008595988538682
1 0.263877381938691 0.3825214899713467 0.015741507870753936 0.034383954154727794
1 0.34092792046396025 0.3681948424068768 0.019055509527754765 0.03724928366762178
1 0.29618889809444904 0.3159025787965616 0.015741507870753936 0.03008595988538682
1 0.36495443247721626 0.3022922636103152 0.015741507870753936 0.03151862464183381
1 0.3877381938690969 0.3359598853868195 0.0115990057995029 0.027220630372492838
1 0.4142502071251036 0.3459885386819484 0.016570008285004142 0.03868194842406877
1 0.4142502071251036 0.31017191977077363 0.016570008285004142 0.027220630372492838
1 0.4146644573322287 0.2829512893982808 0.014084507042253521 0.027220630372492838
1 0.3964374482187241 0.2679083094555874 0.012427506213753107 0.025787965616045846
1 0.43454846727423363 0.26432664756446994 0.012427506213753107 0.02148997134670487
1 0.4523612261806131 0.27578796561604585 0.013256006628003313 0.024355300859598854
1 0.4403479701739851 0.3151862464183381 0.014084507042253521 0.025787965616045846
1 0.46727423363711684 0.34813753581661894 0.018227009113504555 0.04011461318051576
1 0.4755592377796189 0.3116045845272206 0.014913007456503728 0.0329512893982808
1 0.48260149130074564 0.2793696275071633 0.012427506213753107 0.02865329512893983
1 0.46975973487986744 0.2600286532951289 0.013256006628003313 0.02148997134670487
1 0.48053024026512015 0.24426934097421205 0.016570008285004142 0.024355300859598854
1 0.5194697597348799 0.27793696275071633 0.013256006628003313 0.02865329512893983
1 0.5273405136702568 0.2600286532951289 0.009113504556752278 0.02148997134670487
1 0.531897265948633 0.24426934097421205 0.0115990057995029 0.02148997134670487
1 0.5463960231980116 0.2786532951289398 0.014084507042253521 0.0329512893982808
1 0.5666942833471417 0.3001432664756447 0.014913007456503728 0.03008595988538682
1 0.5128417564208783 0.330945558739255 0.01988400994200497 0.03724928366762178
1 0.5911350455675228 0.2693409742120344 0.014084507042253521 0.03151862464183381
1 0.5675227837613919 0.24068767908309455 0.013256006628003313 0.02865329512893983
1 0.5845070422535211 0.2328080229226361 0.010770505385252692 0.024355300859598854
1 0.6122618061309031 0.23065902578796563 0.014913007456503728 0.02865329512893983
1 0.6193040596520298 0.2148997134670487 0.015741507870753936 0.022922636103151862
1 0.46727423363711684 0.4276504297994269 0.026512013256006627 0.044412607449856735
1 0.5451532725766363 0.3638968481375358 0.024855012427506214 0.04011461318051576
1 0.5550952775476388 0.4197707736389685 0.026512013256006627 0.06017191977077364
1 0.6205468102734052 0.4348137535816619 0.026512013256006627 0.050143266475644696
1 0.6222038111019056 0.37679083094555876 0.0231980115990058 0.04297994269340974
1 0.608119304059652 0.3431232091690544 0.018227009113504555 0.03581661891117478
1 0.6404308202154101 0.30945558739255014 0.018227009113504555 0.04011461318051576
1 0.648301574150787 0.25644699140401145 0.012427506213753107 0.025787965616045846
1 0.6097763048881525 0.26432664756446994 0.013256006628003313 0.024355300859598854
1 0.6367025683512841 0.22779369627507162 0.009113504556752278 0.025787965616045846
1 0.6487158243579122 0.2342406876790831 0.0115990057995029 0.015759312320916905
1 0.6657000828500415 0.22206303724928367 0.010770505385252692 0.022922636103151862
1 0.6864125932062966 0.23997134670487105 0.012427506213753107 0.024355300859598854
1 0.707953603976802 0.2342406876790831 0.010770505385252692 0.03008595988538682
1 0.6851698425849213 0.2808022922636103 0.014913007456503728 0.034383954154727794
1 0.6665285832642917 0.37750716332378226 0.02236951118475559 0.050143266475644696
1 0.6992543496271748 0.3667621776504298 0.018227009113504555 0.04011461318051576
1 0.6913835956917979 0.45630372492836674 0.03231151615575808 0.055873925501432664
1 0.7129246064623033 0.5007163323782235 0.03396851698425849 0.07306590257879657
1 0.7406793703396851 0.414756446991404 0.026512013256006627 0.04727793696275072
1 0.7361226180613091 0.3001432664756447 0.01739850869925435 0.03008595988538682
1 0.7158243579121789 0.2679083094555874 0.014913007456503728 0.02865329512893983
1 0.7502071251035626 0.25429799426934097 0.012427506213753107 0.03008595988538682
1 0.7626346313173157 0.23638968481375358 0.012427506213753107 0.025787965616045846
1 0.7609776304888153 0.2786532951289398 0.014084507042253521 0.03008595988538682
1 0.7725766362883182 0.2636103151862464 0.012427506213753107 0.02865329512893983
1 0.7837613918806959 0.3008595988538682 0.016570008285004142 0.04297994269340974
1 0.7887323943661971 0.2507163323782235 0.0115990057995029 0.025787965616045846
1 0.8003314001657 0.2628939828080229 0.013256006628003313 0.027220630372492838
1 0.828086164043082 0.27650429799426934 0.015741507870753936 0.025787965616045846
1 0.8512841756420878 0.2671919770773639 0.012427506213753107 0.027220630372492838
1 0.8297431648715824 0.30659025787965616 0.014084507042253521 0.03151862464183381
1 0.8301574150787076 0.5207736389684814 0.028169014084507043 0.05873925501432665
1 0.7887323943661971 0.43982808022922637 0.021541010770505385 0.05157593123209169
1 0.8554266777133389 0.45415472779369626 0.027340513670256836 0.05157593123209169
1 0.9275062137531068 0.4813753581661891 0.03231151615575808 0.06017191977077364
1 0.8218724109362054 0.37893982808022925 0.01988400994200497 0.044412607449856735
1 0.828086164043082 0.3438395415472779 0.012427506213753107 0.025787965616045846
1 0.8545981772990886 0.3230659025787966 0.01739850869925435 0.03581661891117478
1 0.8728251864125932 0.3868194842406877 0.019055509527754765 0.04871060171919771
1 0.8914664457332229 0.36174785100286533 0.014913007456503728 0.03581661891117478
1 0.8956089478044739 0.32879656160458454 0.014913007456503728 0.027220630372492838
1 0.9275062137531068 0.33954154727793695 0.01739850869925435 0.04011461318051576
1 0.9473902236951118 0.35888252148997135 0.019055509527754765 0.03868194842406877
1 0.9096934548467275 0.2979942693409742 0.014913007456503728 0.03151862464183381
1 0.8645401822700911 0.28939828080229224 0.014084507042253521 0.025787965616045846
1 0.8732394366197183 0.27722063037249284 0.013256006628003313 0.03008595988538682
1 0.8856669428334715 0.2621776504297994 0.014913007456503728 0.03151862464183381
1 0.9469759734879868 0.28796561604584525 0.013256006628003313 0.02865329512893983
1 0.9362054681027341 0.2987106017191977 0.0115990057995029 0.024355300859598854
1 0.29577464788732394 0.3875358166189112 0.01988400994200497 0.03868194842406877
1 0.3632974316487158 0.3459885386819484 0.019055509527754765 0.0329512893982808