1 0.3741935483870968 0.6834625322997416 0.08064516129032258 0.14728682170542637
1 0.23790322580645162 0.5090439276485789 0.06290322580645161 0.10852713178294573
1 0.26129032258064516 0.4315245478036176 0.054838709677419356 0.08785529715762273
1 0.28951612903225804 0.375968992248062 0.03064516129032258 0.059431524547803614
1 0.30483870967741933 0.3165374677002584 0.01935483870967742 0.03359173126614987
1 0.3411290322580645 0.3023255813953488 0.020967741935483872 0.031007751937984496
1 0.3185483870967742 0.28940568475452194 0.014516129032258065 0.020671834625323
1 0.37661290322580643 0.32041343669250644 0.017741935483870968 0.031007751937984496
1 0.3943548387096774 0.31136950904392763 0.017741935483870968 0.03359173126614987
1 0.425 0.4018087855297158 0.03387096774193549 0.06459948320413436
1 0.38548387096774195 0.37209302325581395 0.03225806451612903 0.05167958656330749
1 0.41451612903225804 0.3462532299741602 0.01935483870967742 0.031007751937984496
1 0.4443548387096774 0.3178294573643411 0.020967741935483872 0.025839793281653745
1 0.4629032258064516 0.25193798449612403 0.01935483870967742 0.028423772609819122
1 0.5379032258064517 0.2364341085271318 0.01129032258064516 0.023255813953488372
1 0.050806451612903224 0.42764857881136953 0.05967741935483871 0.08527131782945736
1 0.0532258064516129 0.34366925064599485 0.041935483870967745 0.056847545219638244
1 0.12419354838709677 0.3488372093023256 0.03870967741935484 0.06718346253229975
1 0.17661290322580644 0.313953488372093 0.027419354838709678 0.03875968992248062
1 0.020161290322580645 0.29457364341085274 0.024193548387096774 0.03617571059431524
1 0.008870967741935484 0.27002583979328165 0.014516129032258065 0.028423772609819122
1 0.06774193548387097 0.2713178294573643 0.01935483870967742 0.025839793281653745
1 0.08709677419354839 0.32170542635658916 0.02903225806451613 0.04909560723514212
1 0.09919354838709678 0.3023255813953488 0.020967741935483872 0.03617571059431524
1 0.10967741935483871 0.2571059431524548 0.01935483870967742 0.028423772609819122
1 0.13951612903225807 0.2661498708010336 0.017741935483870968 0.025839793281653745
1 0.1588709677419355 0.2661498708010336 0.017741935483870968 0.020671834625323
1 0.20241935483870968 0.2777777777777778 0.01129032258064516 0.01808785529715762
1 0.20887096774193548 0.30103359173126615 0.017741935483870968 0.028423772609819122
1 0.22741935483870968 0.3087855297157623 0.01935483870967742 0.03359173126614987
1 0.2685483870967742 0.29069767441860467 0.014516129032258065 0.023255813953488372
1 0.47338709677419355 0.5129198966408268 0.0467741935483871 0.10594315245478036
1 0.5766129032258065 0.8307493540051679 0.10806451612903226 0.1937984496124031
1 0.5870967741935483 0.42118863049095606 0.035483870967741936 0.056847545219638244
1 0.5225806451612903 0.38242894056847543 0.025806451612903226 0.046511627906976744
1 0.4879032258064516 0.36563307493540054 0.017741935483870968 0.03875968992248062
1 0.49274193548387096 0.33204134366925064 0.01129032258064516 0.03359173126614987
1 0.47661290322580646 0.3242894056847545 0.017741935483870968 0.028423772609819122
1 0.5266129032258065 0.3385012919896641 0.014516129032258065 0.031007751937984496
1 0.5233870967741936 0.32299741602067183 0.014516129032258065 0.025839793281653745
1 0.5387096774193548 0.3281653746770026 0.012903225806451613 0.025839793281653745
1 0.5564516129032258 0.3333333333333333 0.01935483870967742 0.031007751937984496
1 0.5693548387096774 0.32558139534883723 0.016129032258064516 0.025839793281653745
1 0.5854838709677419 0.3695090439276486 0.02258064516129032 0.041343669250646
1 0.5919354838709677 0.3462532299741602 0.01935483870967742 0.03617571059431524
1 0.7314516129032258 0.355297157622739 0.014516129032258065 0.03359173126614987
1 0.757258064516129 0.375968992248062 0.024193548387096774 0.03359173126614987
1 0.7919354838709678 0.3708010335917313 0.016129032258064516 0.03359173126614987
1 0.8298387096774194 0.36563307493540054 0.017741935483870968 0.03359173126614987
1 0.8112903225806452 0.38372093023255816 0.01935483870967742 0.03875968992248062
1 0.842741935483871 0.4599483204134367 0.043548387096774194 0.06201550387596899
1 0.8766129032258064 0.417312661498708 0.03387096774193549 0.05426356589147287
1 0.9080645161290323 0.4108527131782946 0.025806451612903226 0.046511627906976744
1 0.9637096774193549 0.5284237726098191 0.05 0.08527131782945736
1 0.9629032258064516 0.4573643410852713 0.041935483870967745 0.06718346253229975
1 0.9838709677419355 0.40568475452196384 0.02903225806451613 0.06201550387596899