1 0.1306122448979592 0.3892128279883382 0.061224489795918366 0.10787172011661808
1 0.18061224489795918 0.336734693877551 0.04285714285714286 0.0728862973760933
1 0.24591836734693878 0.380466472303207 0.05510204081632653 0.09620991253644315
1 0.30306122448979594 0.5291545189504373 0.10816326530612246 0.17201166180758018
1 0.37142857142857144 0.3163265306122449 0.036734693877551024 0.05539358600583091
1 0.4928571428571429 0.31924198250728864 0.03469387755102041 0.061224489795918366
1 0.6387755102040816 0.6632653061224489 0.11836734693877551 0.18950437317784258
1 0.6183673469387755 0.34110787172011664 0.044897959183673466 0.0641399416909621
1 0.7040816326530612 0.3979591836734694 0.044897959183673466 0.0728862973760933
1 0.7275510204081632 0.36005830903790087 0.04285714285714286 0.05539358600583091
1 0.813265306122449 0.4271137026239067 0.05918367346938776 0.09620991253644315
1 0.8081632653061225 0.34402332361516036 0.036734693877551024 0.052478134110787174
1 0.8704081632653061 0.3498542274052478 0.03469387755102041 0.052478134110787174
1 0.9459183673469388 0.36005830903790087 0.030612244897959183 0.04956268221574344