1 0.05 0.44660194174757284 0.05789473684210526 0.0970873786407767
1 0.18368421052631578 0.4320388349514563 0.045263157894736845 0.07572815533980583
1 0.15210526315789474 0.34563106796116505 0.028421052631578948 0.062135922330097085
1 0.24736842105263157 0.3786407766990291 0.031578947368421054 0.062135922330097085
1 0.2826315789473684 0.3262135922330097 0.02631578947368421 0.05436893203883495
1 0.30473684210526314 0.39805825242718446 0.030526315789473683 0.062135922330097085
1 0.3726315789473684 0.4563106796116505 0.05052631578947368 0.10097087378640776
1 0.3868421052631579 0.37281553398058254 0.024210526315789474 0.062135922330097085
1 0.41157894736842104 0.3883495145631068 0.031578947368421054 0.05048543689320388
1 0.45263157894736844 0.3388349514563107 0.023157894736842106 0.05631067961165048
1 0.5031578947368421 0.23689320388349513 0.02526315789473684 0.04660194174757282
1 0.5515789473684211 0.441747572815534 0.04421052631578947 0.09514563106796116
1 0.6189473684210526 0.36310679611650487 0.04 0.07766990291262135
1 0.7957894736842105 0.5223300970873787 0.06736842105263158 0.14757281553398058