1 0.803985171455051 0.24667774086378738 0.030583873957367932 0.08139534883720931
1 0.8586654309545876 0.2724252491694352 0.03614457831325301 0.08637873754152824
1 0.6811862835959221 0.04817275747508306 0.011121408711770158 0.026578073089700997
1 0.6635773864689527 0.11046511627906977 0.014828544949026877 0.03488372093023256
1 0.7168674698795181 0.12209302325581395 0.013901760889712697 0.03820598006644518
1 0.3670064874884152 0.1719269102990033 0.012974976830398516 0.03156146179401993
1 0.4267840593141798 0.16777408637873753 0.015755329008341055 0.036544850498338874
1 0.13948100092678406 0.3646179401993355 0.026876737720111215 0.07475083056478406
1 0.10333642261353104 0.38372093023255816 0.023169601482854494 0.053156146179401995
1 0.08572752548656164 0.4476744186046512 0.023169601482854494 0.05149501661129568
1 0.170064874884152 0.4908637873754153 0.03429101019462465 0.07807308970099668
1 0.20111214087117701 0.3438538205980066 0.020389249304911955 0.053156146179401995
1 0.22381835032437442 0.33637873754152825 0.023169601482854494 0.06478405315614617