1 0.25416666666666665 0.25667655786350146 0.09166666666666666 0.19287833827893175
1 0.18416666666666667 0.2774480712166172 0.055 0.11572700296735905
1 0.16666666666666666 0.20919881305637983 0.04 0.08605341246290801
1 0.20416666666666666 0.22255192878338279 0.03833333333333333 0.0830860534124629
1 0.32916666666666666 0.25370919881305637 0.058333333333333334 0.11572700296735905
1 0.4083333333333333 0.4540059347181009 0.11333333333333333 0.26706231454005935
1 0.4558333333333333 0.24629080118694363 0.065 0.14836795252225518
1 0.5166666666666667 0.27002967359050445 0.056666666666666664 0.12462908011869436
1 0.6166666666666667 0.271513353115727 0.043333333333333335 0.10979228486646884
1 0.6608333333333334 0.28041543026706234 0.055 0.13353115727002968
1 0.7175 0.2522255192878338 0.03166666666666667 0.0771513353115727
1 0.7566666666666667 0.2314540059347181 0.02666666666666667 0.06528189910979229
1 0.7641666666666667 0.27596439169139464 0.028333333333333332 0.05934718100890208
1 0.6633333333333333 0.4495548961424332 0.09666666666666666 0.228486646884273
1 0.8391666666666666 0.3620178041543027 0.08166666666666667 0.19584569732937684
1 0.94 0.3516320474777448 0.05333333333333334 0.12166172106824925