1 0.0642361111111111 0.5578512396694215 0.05594135802469136 0.09194214876033058
1 0.02044753086419753 0.5508780991735537 0.03780864197530864 0.07386363636363637
1 0.13252314814814814 0.6027892561983471 0.06983024691358025 0.09504132231404959
1 0.2586805555555556 0.7786673553719008 0.13310185185185186 0.16683884297520662
1 0.22183641975308643 0.5219524793388429 0.04089506172839506 0.06043388429752066
1 0.2785493827160494 0.53150826446281 0.04243827160493827 0.05578512396694215
1 0.28858024691358025 0.5087809917355371 0.032407407407407406 0.04648760330578512
1 0.31809413580246915 0.4034090909090909 0.02816358024691358 0.03615702479338843
1 0.3601466049382716 0.53150826446281 0.04205246913580247 0.05785123966942149
1 0.44058641975308643 0.49741735537190085 0.035493827160493825 0.05475206611570248
1 0.47511574074074076 0.5852272727272727 0.05439814814814815 0.09194214876033058
1 0.5034722222222222 0.5144628099173554 0.030864197530864196 0.04338842975206612
1 0.5432098765432098 0.5240185950413223 0.031635802469135804 0.042871900826446284
1 0.5960648148148148 0.5162706611570248 0.036265432098765434 0.04183884297520661
1 0.6086033950617284 0.5761880165289256 0.059799382716049385 0.08212809917355372
1 0.7010030864197531 0.6758780991735537 0.10648148148148148 0.1503099173553719
1 0.6660879629629629 0.5495867768595041 0.047453703703703706 0.05371900826446281
1 0.6365740740740741 0.50025826446281 0.029320987654320986 0.03770661157024793
1 0.6952160493827161 0.49044421487603307 0.02854938271604938 0.040805785123966945
1 0.746141975308642 0.5227272727272727 0.03935185185185185 0.0506198347107438
1 0.7880015432098766 0.5108471074380165 0.02970679012345679 0.058884297520661155
1 0.8221450617283951 0.5222107438016529 0.033950617283950615 0.05371900826446281
1 0.8686342592592593 0.5325413223140496 0.04976851851851852 0.07747933884297521
1 0.8620756172839507 0.6552169421487604 0.08834876543209877 0.11828512396694214
1 0.9342206790123457 0.5648243801652892 0.05285493827160494 0.07799586776859505
1 0.9440586419753086 0.5222107438016529 0.03935185185185185 0.05371900826446281