1 0.13240131578947367 0.7721125730994152 0.06469298245614036 0.07419590643274854
1 0.2631578947368421 0.8494152046783626 0.08826754385964912 0.13304093567251463
1 0.3090734649122807 0.737390350877193 0.061677631578947366 0.08735380116959064
1 0.2265625 0.7235014619883041 0.0381030701754386 0.06396198830409357
1 0.514391447368421 0.8241959064327485 0.08525219298245613 0.12280701754385964
1 0.5409813596491229 0.7677266081871345 0.06387061403508772 0.07931286549707603
1 0.504797149122807 0.6980994152046783 0.05400219298245614 0.059941520467836254
1 0.4805372807017544 0.6611842105263158 0.03289473684210526 0.0489766081871345
1 0.3784265350877193 0.6058114035087719 0.04632675438596491 0.05007309941520468
1 0.33703399122807015 0.6577119883040936 0.0381030701754386 0.04568713450292398
1 0.28933662280701755 0.6383406432748538 0.04029605263157895 0.05592105263157895
1 0.24177631578947367 0.6726973684210527 0.039473684210526314 0.04568713450292398
1 0.6700932017543859 0.7819809941520468 0.08141447368421052 0.10343567251461988
1 0.7702850877192983 0.8048245614035088 0.08388157894736842 0.12280701754385964
1 0.7541118421052632 0.7231359649122807 0.0668859649122807 0.089546783625731
1 0.6244517543859649 0.6803728070175439 0.054276315789473686 0.07492690058479533
1 0.5845668859649122 0.6337719298245614 0.03042763157894737 0.03874269005847953
1 0.9553179824561403 0.6774488304093568 0.05043859649122807 0.06907894736842106