1 0.27662037037037035 0.3924946581196581 0.030804843304843305 0.05635683760683761
1 0.3575498575498576 0.5137553418803419 0.025284900284900286 0.048344017094017096
1 0.3928062678062678 0.49011752136752135 0.025997150997150997 0.04433760683760684
1 0.42637108262108264 0.4962606837606838 0.023326210826210825 0.042200854700854704
1 0.38835470085470086 0.5620993589743589 0.04309116809116809 0.07077991452991453
1 0.4563746438746439 0.5681089743589743 0.04522792022792023 0.06677350427350427
1 0.46937321937321935 0.5321848290598291 0.03561253561253561 0.058493589743589744
1 0.5088141025641025 0.5229700854700855 0.03365384615384615 0.0625
1 0.5369480056980057 0.49572649572649574 0.02938034188034188 0.05555555555555555
1 0.5505698005698005 0.5209668803418803 0.0349002849002849 0.058493589743589744
1 0.5601851851851852 0.48183760683760685 0.019943019943019943 0.04006410256410257
1 0.60372150997151 0.48851495726495725 0.023326210826210825 0.038995726495726496
1 0.6047008547008547 0.5554220085470085 0.04309116809116809 0.07184829059829059
1 0.6269586894586895 0.5256410256410257 0.03418803418803419 0.06784188034188034
1 0.6513532763532763 0.5137553418803419 0.03632478632478633 0.05422008547008547
1 0.6393340455840456 0.4809027777777778 0.02475071225071225 0.03819444444444445
1 0.6923076923076923 0.5126869658119658 0.0349002849002849 0.058493589743589744
1 0.6849180911680912 0.48864850427350426 0.022613960113960115 0.04300213675213675
1 0.7659366096866097 0.359642094017094 0.0478988603988604 0.07077991452991453
1 0.8156160968660968 0.5353899572649573 0.050035612535612534 0.08520299145299146
1 0.8715277777777778 0.5332532051282052 0.0478988603988604 0.06490384615384616
1 0.7443910256410257 0.5456730769230769 0.04042022792022792 0.06677350427350427