1 0.10814889336016097 0.30037037037037034 0.08651911468812877 0.14592592592592593
1 0.06413480885311872 0.25962962962962965 0.07696177062374246 0.11185185185185186
1 0.08702213279678069 0.19037037037037038 0.05734406438631791 0.09481481481481481
1 0.09859154929577464 0.1537037037037037 0.04527162977867203 0.07185185185185185
1 0.024396378269617706 0.1111111111111111 0.04476861167002012 0.06962962962962962
1 0.12701207243460766 0.09777777777777778 0.04778672032193159 0.0637037037037037
1 0.15216297786720323 0.0874074074074074 0.032696177062374245 0.06518518518518518
1 0.20045271629778671 0.07703703703703704 0.03169014084507042 0.06074074074074074
1 0.22007042253521128 0.04148148148148148 0.028672032193158954 0.05037037037037037
1 0.24496981891348088 0.034074074074074076 0.02414486921529175 0.045925925925925926
1 0.3008048289738431 0.028888888888888888 0.028169014084507043 0.045925925925925926
1 0.3440643863179074 0.017037037037037038 0.02112676056338028 0.02962962962962963
1 0.3091046277665996 0.21592592592592594 0.05985915492957746 0.09111111111111111
1 0.2029678068410463 0.43962962962962965 0.11116700201207244 0.18444444444444444
1 0.4595070422535211 0.45185185185185184 0.11016096579476861 0.19703703703703704
1 0.5123239436619719 0.3988888888888889 0.06790744466800805 0.12222222222222222
1 0.6053822937625755 0.4388888888888889 0.05985915492957746 0.11037037037037037
1 0.7147887323943662 0.43148148148148147 0.0613682092555332 0.12814814814814815
1 0.8855633802816901 0.4614814814814815 0.07293762575452717 0.11851851851851852
1 0.9590040241448692 0.19074074074074074 0.05482897384305835 0.08518518518518518
1 0.5460261569416499 0.31222222222222223 0.039738430583501 0.061481481481481484
1 0.5062877263581489 0.3025925925925926 0.039738430583501 0.07333333333333333
1 0.43712273641851107 0.27555555555555555 0.05734406438631791 0.09037037037037036
1 0.36846076458752514 0.2511111111111111 0.061871227364185113 0.10074074074074074
1 0.306841046277666 0.1622222222222222 0.05130784708249497 0.06666666666666667
1 0.2987927565392354 0.12444444444444444 0.043259557344064385 0.05185185185185185
1 0.40769617706237427 0.07703703703703704 0.03370221327967807 0.06074074074074074
1 0.45196177062374243 0.07592592592592592 0.03169014084507042 0.0437037037037037
1 0.4786217303822938 0.21074074074074073 0.036720321931589535 0.04962962962962963
1 0.47308853118712274 0.16407407407407407 0.03169014084507042 0.04666666666666667
1 0.5052816901408451 0.14962962962962964 0.036720321931589535 0.056296296296296296