1 0.08888888888888889 0.43148148148148147 0.058333333333333334 0.07407407407407407
1 0.21458333333333332 0.4759259259259259 0.04027777777777778 0.06296296296296296
1 0.22152777777777777 0.42777777777777776 0.0375 0.05555555555555555
1 0.28680555555555554 0.43796296296296294 0.029166666666666667 0.04259259259259259
1 0.3576388888888889 0.4824074074074074 0.05694444444444444 0.09814814814814815
1 0.42083333333333334 0.46574074074074073 0.03888888888888889 0.06851851851851852
1 0.6597222222222222 0.5 0.04722222222222222 0.07777777777777778
1 0.6090277777777777 0.46574074074074073 0.043055555555555555 0.07222222222222222
1 0.5673611111111111 0.4601851851851852 0.03194444444444444 0.046296296296296294
1 0.5625 0.4212962962962963 0.025 0.03888888888888889
1 0.6979166666666666 0.4324074074074074 0.034722222222222224 0.053703703703703705
1 0.75625 0.4398148148148148 0.029166666666666667 0.05740740740740741
1 0.7909722222222222 0.45740740740740743 0.0375 0.06666666666666667
1 0.8784722222222222 0.4703703703703704 0.05138888888888889 0.07777777777777778