1 0.18788501026694046 0.43148148148148147 0.04106776180698152 0.08148148148148149
1 0.17864476386036962 0.22407407407407406 0.022587268993839837 0.044444444444444446
1 0.24845995893223818 0.225 0.022587268993839837 0.046296296296296294
1 0.4286447638603696 0.14814814814814814 0.015400410677618069 0.03333333333333333
1 0.45225872689938396 0.17407407407407408 0.019507186858316223 0.037037037037037035
1 0.4537987679671458 0.14722222222222223 0.014373716632443531 0.03148148148148148
1 0.4748459958932238 0.16018518518518518 0.015400410677618069 0.03518518518518519
1 0.5061601642710473 0.18333333333333332 0.01642710472279261 0.040740740740740744
1 0.48357289527720737 0.19166666666666668 0.018480492813141684 0.03888888888888889
1 0.4856262833675565 0.1425925925925926 0.012320328542094456 0.03333333333333333
1 0.5015400410677618 0.12962962962962962 0.011293634496919919 0.02962962962962963
1 0.5323408624229979 0.1259259259259259 0.017453798767967144 0.03333333333333333
1 0.6303901437371663 0.21944444444444444 0.022587268993839837 0.05
1 0.6586242299794661 0.18703703703703703 0.017453798767967144 0.044444444444444446
1 0.6365503080082136 0.11851851851851852 0.01642710472279261 0.02962962962962963
1 0.667864476386037 0.11666666666666667 0.015400410677618069 0.02962962962962963
1 0.702258726899384 0.1787037037037037 0.01642710472279261 0.03518518518518519
1 0.7207392197125256 0.18981481481481483 0.018480492813141684 0.03888888888888889
1 0.7351129363449692 0.14907407407407408 0.014373716632443531 0.03518518518518519
1 0.74435318275154 0.17314814814814813 0.018480492813141684 0.03518518518518519
1 0.7669404517453798 0.17685185185185184 0.018480492813141684 0.03518518518518519
1 0.7920944558521561 0.1675925925925926 0.017453798767967144 0.03518518518518519
1 0.8141683778234087 0.14537037037037037 0.014373716632443531 0.04259259259259259
1 0.8285420944558521 0.18611111111111112 0.018480492813141684 0.03888888888888889
1 0.7982546201232033 0.21203703703703702 0.019507186858316223 0.03518518518518519
1 0.8716632443531828 0.2916666666666667 0.028747433264887063 0.053703703703703705
1 0.9312114989733059 0.2324074074074074 0.018480492813141684 0.03888888888888889
1 0.9301848049281314 0.1962962962962963 0.014373716632443531 0.02962962962962963
1 0.9383983572895277 0.17314814814814813 0.012320328542094456 0.03148148148148148
1 0.9004106776180698 0.1675925925925926 0.014373716632443531 0.03518518518518519