1 0.8712306438467807 0.262699564586357 0.009779951100244499 0.02902757619738752
1 0.895680521597392 0.2997097242380261 0.013039934800325998 0.033381712626995644
1 0.9066829665851671 0.33454281567489114 0.013854930725346373 0.036284470246734396
1 0.9152404237978811 0.3229317851959361 0.011409942950285249 0.030478955007256895
1 0.9315403422982885 0.30914368650217705 0.011409942950285249 0.02902757619738752
1 0.9311328443357784 0.3563134978229318 0.015484922575387123 0.03918722786647315
1 0.9054604726976365 0.40783744557329465 0.021189894050529748 0.05224963715529753
1 0.9034229828850856 0.4629898403483309 0.02689486552567237 0.06095791001451379
1 0.8806030969845151 0.3367198838896952 0.015484922575387123 0.04354136429608128
1 0.8765281173594132 0.36792452830188677 0.018744906275468622 0.047895500725689405
1 0.8598207008964955 0.39477503628447025 0.022819885900570498 0.05805515239477504
1 0.8459657701711492 0.44920174165457183 0.027709861450692746 0.05660377358490566
1 0.8202933985330073 0.521044992743106 0.02852485737571312 0.06386066763425254
1 0.7901385493072535 0.4310595065312046 0.022004889975550123 0.04934687953555878
1 0.8113284433577832 0.37590711175616837 0.020374898125509373 0.04934687953555878
1 0.8133659331703341 0.3454281567489115 0.017929910350448247 0.03773584905660377
1 0.8186634066829666 0.3149492017416546 0.017114914425427872 0.03773584905660377
1 0.8113284433577832 0.27866473149492016 0.012224938875305624 0.02902757619738752
1 0.8406682966585167 0.26995645863570394 0.010594947025264874 0.02902757619738752
1 0.841483292583537 0.3178519593613933 0.013854930725346373 0.03773584905660377
1 0.8496332518337408 0.2880986937590711 0.012224938875305624 0.036284470246734396
1 0.8577832110839446 0.2830188679245283 0.012224938875305624 0.03193033381712627
1 0.7530562347188264 0.24238026124818576 0.011409942950285249 0.02902757619738752
1 0.76079869600652 0.2706821480406386 0.012224938875305624 0.027576197387518143
1 0.7709861450692747 0.29245283018867924 0.013039934800325998 0.033381712626995644
1 0.7803585982070089 0.251088534107402 0.012224938875305624 0.02902757619738752
1 0.7897310513447433 0.262699564586357 0.013039934800325998 0.03193033381712627
1 0.7424612876935616 0.26197387518142234 0.013039934800325998 0.036284470246734396
1 0.7029339853300733 0.2576197387518142 0.012224938875305624 0.030478955007256895
1 0.7269763651181744 0.29753265602322204 0.013039934800325998 0.03193033381712627
1 0.7049714751426243 0.3047895500725689 0.017929910350448247 0.03773584905660377
1 0.7339038304808476 0.4158200290275762 0.02526487367563162 0.05370101596516691
1 0.6907090464547677 0.36284470246734396 0.018744906275468622 0.04354136429608128
1 0.6466992665036675 0.35123367198838895 0.018744906275468622 0.04354136429608128
1 0.6589242053789731 0.37735849056603776 0.02689486552567237 0.055152394775036286
1 0.6707416462917686 0.4593613933236575 0.030969845150774247 0.06531204644412192
1 0.7074164629176855 0.4941944847605225 0.035859820700896494 0.07402031930333818
1 0.6784841075794621 0.28011611030478956 0.017114914425427872 0.03483309143686502
1 0.6744091279543603 0.2227866473149492 0.010594947025264874 0.027576197387518143
1 0.6772616136919315 0.23947750362844702 0.011409942950285249 0.026124818577648767
1 0.6951915240423798 0.23149492017416545 0.011409942950285249 0.02467343976777939
1 0.6299918500407498 0.21988388969521044 0.011409942950285249 0.02467343976777939
1 0.6092094539527302 0.2155297532656023 0.010594947025264874 0.02467343976777939
1 0.5603096984515077 0.2358490566037736 0.010594947025264874 0.02467343976777939
1 0.578239608801956 0.23802612481857766 0.008964955175224124 0.023222060957910014
1 0.5847595762021189 0.2663280116110305 0.012224938875305624 0.030478955007256895
1 0.5990220048899756 0.23367198838896952 0.011409942950285249 0.026124818577648767
1 0.5998370008149959 0.260522496371553 0.011409942950285249 0.030478955007256895
1 0.6414017929910351 0.23730043541364296 0.011409942950285249 0.033381712626995644
1 0.6401792991035045 0.25616835994194487 0.010594947025264874 0.030478955007256895
1 0.6328443357783211 0.3076923076923077 0.015484922575387123 0.03483309143686502
1 0.6035044824775876 0.34034833091436867 0.018744906275468622 0.047895500725689405
1 0.6149144254278729 0.37300435413642963 0.022004889975550123 0.05805515239477504
1 0.5448247758761207 0.28011611030478956 0.017114914425427872 0.03483309143686502
1 0.5627546862265689 0.2960812772133527 0.015484922575387123 0.03773584905660377
1 0.5134474327628362 0.2779390420899855 0.016299918500407497 0.030478955007256895
1 0.5183374083129584 0.25544267053701014 0.011409942950285249 0.02902757619738752
1 0.511002444987775 0.32873730043541366 0.019559902200488997 0.0420899854862119
1 0.539119804400978 0.3911465892597968 0.022004889975550123 0.047895500725689405
1 0.5513447432762836 0.41654571843251087 0.02852485737571312 0.05224963715529753
1 0.4091279543602282 0.28374455732946297 0.013039934800325998 0.030478955007256895
1 0.41075794621026895 0.3113207547169811 0.013039934800325998 0.033381712626995644
1 0.44947025264873675 0.27358490566037735 0.012224938875305624 0.030478955007256895
1 0.4702526487367563 0.251088534107402 0.009779951100244499 0.026124818577648767
1 0.4767726161369193 0.27866473149492016 0.011409942950285249 0.03193033381712627
1 0.47351263243683783 0.3134978229317852 0.013039934800325998 0.03483309143686502
1 0.43561532192339036 0.32075471698113206 0.015484922575387123 0.040638606676342524
1 0.4490627546862266 0.35268505079825835 0.021189894050529748 0.04354136429608128
1 0.38753056234718825 0.3432510885341074 0.015484922575387123 0.036284470246734396
1 0.40872045639771803 0.3519593613933237 0.015484922575387123 0.04499274310595065
1 0.39568052159739203 0.2641509433962264 0.010594947025264874 0.026124818577648767
1 0.35900570497147516 0.3084179970972424 0.013854930725346373 0.033381712626995644
1 0.33903830480847597 0.37010159651669083 0.021189894050529748 0.04934687953555878
1 0.3602281988590057 0.3454281567489115 0.013039934800325998 0.02902757619738752
1 0.4678076609616952 0.42380261248185774 0.026079869600651995 0.05805515239477504
1 0.03382233088834556 0.4143686502177068 0.020374898125509373 0.0420899854862119
1 0.23471882640586797 0.35268505079825835 0.013039934800325998 0.03483309143686502
1 0.2616136919315403 0.38969521044992744 0.016299918500407497 0.0420899854862119
1 0.2921760391198044 0.37808417997097243 0.017114914425427872 0.0420899854862119
1 0.2925835370823146 0.31567489114658925 0.014669926650366748 0.036284470246734396