1 0.17932067932067933 0.2513181019332162 0.022977022977022976 0.03866432337434095
1 0.3711288711288711 0.19859402460456943 0.01898101898101898 0.03163444639718805
1 0.4180819180819181 0.21528998242530756 0.012987012987012988 0.029876977152899824
1 0.45454545454545453 0.22671353251318102 0.01998001998001998 0.028119507908611598
1 0.5629370629370629 0.18717047451669597 0.012987012987012988 0.029876977152899824
1 0.5734265734265734 0.15817223198594024 0.013986013986013986 0.0351493848857645
1 0.6343656343656343 0.12478031634446397 0.013986013986013986 0.02460456942003515
1 0.6748251748251748 0.1766256590509666 0.014985014985014986 0.03690685413005272
1 0.6838161838161838 0.22144112478031636 0.02097902097902098 0.0351493848857645
1 0.6788211788211789 0.2548330404217926 0.022977022977022976 0.0421792618629174
1 0.6253746253746254 0.218804920913884 0.01998001998001998 0.040421792618629174
1 0.6283716283716284 0.2671353251318102 0.017982017982017984 0.0421792618629174
1 0.6413586413586414 0.30755711775043937 0.023976023976023976 0.05975395430579965
1 0.9400599400599401 0.24165202108963094 0.02197802197802198 0.033391915641476276