1 0.0676818950930626 0.49025487256371814 0.03553299492385787 0.07196401799100449
1 0.23434856175972926 0.34407796101949023 0.01692047377326565 0.034482758620689655
1 0.2876480541455161 0.31634182908545727 0.01692047377326565 0.041979010494752625
1 0.25846023688663283 0.3785607196401799 0.021150592216582064 0.046476761619190406
1 0.2990693739424704 0.37181409295352325 0.021150592216582064 0.035982008995502246
1 0.36209813874788493 0.2901049475262369 0.01353637901861252 0.037481259370314844
1 0.3413705583756345 0.36281859070464767 0.021150592216582064 0.044977511244377814
1 0.35913705583756345 0.3320839580209895 0.016074450084602367 0.031484257871064465
1 0.39678510998307953 0.272863568215892 0.018612521150592216 0.041979010494752625
1 0.3912859560067682 0.34632683658170915 0.012690355329949238 0.035982008995502246
1 0.4137055837563452 0.30509745127436283 0.015228426395939087 0.031484257871064465
1 0.4170896785109983 0.2683658170914543 0.015228426395939087 0.03298350824587706
1 0.4433164128595601 0.23613193403298352 0.01353637901861252 0.034482758620689655
1 0.45516074450084604 0.2683658170914543 0.01692047377326565 0.029985007496251874
1 0.43993231810490696 0.3140929535232384 0.021996615905245348 0.034482758620689655
1 0.4149746192893401 0.34782608695652173 0.017766497461928935 0.035982008995502246
1 0.4403553299492386 0.27436281859070466 0.017766497461928935 0.035982008995502246
1 0.4691201353637902 0.24962518740629686 0.014382402707275803 0.025487256371814093
1 0.4589678510998308 0.3493253373313343 0.017766497461928935 0.050974512743628186
1 0.47588832487309646 0.41379310344827586 0.02622673434856176 0.05697151424287856
1 0.5122673434856176 0.3238380809595202 0.0194585448392555 0.038980509745127435
1 0.5181895093062606 0.27061469265367316 0.012690355329949238 0.031484257871064465
1 0.5334179357021996 0.2856071964017991 0.017766497461928935 0.02848575712143928
1 0.5444162436548223 0.3620689655172414 0.02284263959390863 0.046476761619190406
1 0.5537225042301185 0.41679160419790107 0.027918781725888325 0.050974512743628186
1 0.6142131979695431 0.4497751124437781 0.032148900169204735 0.08095952023988005
1 0.6573604060913706 0.48650674662668664 0.038917089678511 0.05847076461769116
1 0.5761421319796954 0.2766116941529235 0.011844331641285956 0.025487256371814093
1 0.5579526226734348 0.2436281859070465 0.014382402707275803 0.031484257871064465
1 0.538917089678511 0.25337331334332835 0.018612521150592216 0.03298350824587706
1 0.7208121827411168 0.487256371814093 0.030456852791878174 0.07196401799100449
1 0.6742808798646363 0.37256371814092953 0.028764805414551606 0.049475262368815595
1 0.61082910321489 0.34182908545727136 0.018612521150592216 0.041979010494752625
1 0.5850253807106599 0.21964017991004497 0.012690355329949238 0.02848575712143928
1 0.6230964467005076 0.20914542728635682 0.014382402707275803 0.034482758620689655
1 0.6142131979695431 0.22038980509745126 0.011844331641285956 0.026986506746626688
1 0.63917089678511 0.2166416791604198 0.017766497461928935 0.031484257871064465
1 0.6560913705583756 0.22488755622188905 0.016074450084602367 0.026986506746626688
1 0.6159052453468697 0.2556221889055472 0.01692047377326565 0.025487256371814093
1 0.676818950930626 0.21739130434782608 0.008460236886632826 0.026986506746626688
1 0.7098138747884941 0.21964017991004497 0.01353637901861252 0.02848575712143928
1 0.689932318104907 0.22788605697151423 0.010998307952622674 0.029985007496251874
1 0.6975465313028765 0.260119940029985 0.017766497461928935 0.034482758620689655
1 0.7072758037225042 0.308095952023988 0.018612521150592216 0.04047976011994003
1 0.6493231810490694 0.308095952023988 0.017766497461928935 0.037481259370314844
1 0.7415397631133672 0.2893553223388306 0.016074450084602367 0.03298350824587706
1 0.7508460236886633 0.25337331334332835 0.017766497461928935 0.035982008995502246
1 0.7000846023688664 0.3733133433283358 0.021150592216582064 0.05697151424287856
1 0.7364636209813875 0.41679160419790107 0.02622673434856176 0.05697151424287856
1 0.8024534686971235 0.4325337331334333 0.027918781725888325 0.06146926536731634
1 0.7774957698815567 0.22563718140929534 0.015228426395939087 0.031484257871064465
1 0.8003384094754653 0.24212893553223389 0.01692047377326565 0.02848575712143928
1 0.7787648054145516 0.2683658170914543 0.0194585448392555 0.03298350824587706
1 0.7990693739424704 0.2946026986506747 0.0194585448392555 0.043478260869565216
1 0.8142978003384095 0.2383808095952024 0.012690355329949238 0.020989505247376312
1 0.8401015228426396 0.27136431784107945 0.01692047377326565 0.03298350824587706
1 0.8654822335025381 0.25112443778110943 0.015228426395939087 0.02848575712143928
1 0.8320642978003384 0.36431784107946025 0.021150592216582064 0.050974512743628186
1 0.8430626057529611 0.5187406296851574 0.027918781725888325 0.06296851574212893
1 0.8697123519458545 0.46776611694152925 0.028764805414551606 0.06896551724137931
1 0.8544839255499154 0.35082458770614694 0.025380710659898477 0.05997001499250375
1 0.878595600676819 0.383808095952024 0.024534686971235193 0.05697151424287856
1 0.9293570219966159 0.48200899550224885 0.027918781725888325 0.05847076461769116
1 0.8984771573604061 0.3650674662668666 0.01692047377326565 0.04047976011994003
1 0.9674280879864636 0.36431784107946025 0.02284263959390863 0.041979010494752625
1 0.9289340101522843 0.328335832083958 0.015228426395939087 0.041979010494752625
1 0.8946700507614214 0.25787106446776614 0.014382402707275803 0.0239880059970015
1 0.916243654822335 0.2818590704647676 0.01692047377326565 0.035982008995502246
1 0.8705583756345178 0.2901049475262369 0.01353637901861252 0.034482758620689655
1 0.8989001692047377 0.31259370314842577 0.012690355329949238 0.02848575712143928
1 0.9585448392554992 0.31634182908545727 0.01015228426395939 0.029985007496251874
1 0.9424703891708968 0.32233883058470764 0.01353637901861252 0.03298350824587706
1 0.9581218274111675 0.2848575712143928 0.012690355329949238 0.0239880059970015
1 0.6586294416243654 0.24737631184407796 0.0194585448392555 0.03298350824587706
1 0.7182741116751269 0.24662668665667167 0.015228426395939087 0.02848575712143928
1 0.8354483925549916 0.3110944527736132 0.017766497461928935 0.034482758620689655
1 0.5943316412859561 0.2593703148425787 0.017766497461928935 0.026986506746626688
1 0.5706429780033841 0.22488755622188905 0.014382402707275803 0.0239880059970015
1 0.5799492385786802 0.4122938530734633 0.027918781725888325 0.050974512743628186
1 0.6620135363790186 0.35007496251874065 0.024534686971235193 0.049475262368815595
1 0.8756345177664975 0.2698650674662669 0.015228426395939087 0.03298350824587706