1 0.052231718898385564 0.37015177065767285 0.01899335232668566 0.048903878583473864
1 0.24976258309591642 0.2571669477234401 0.013295346628679962 0.02866779089376054
1 0.27492877492877493 0.26897133220910624 0.010446343779677113 0.021922428330522766
1 0.26590693257359926 0.26559865092748736 0.00949667616334283 0.025295109612141653
1 0.29154795821462487 0.26559865092748736 0.017094017094017096 0.03541315345699832
1 0.3190883190883191 0.2622259696458685 0.017094017094017096 0.045531197301854974
1 0.33760683760683763 0.26812816188870153 0.018043684710351376 0.04047217537942664
1 0.32431149097815765 0.22006745362563238 0.016144349477682812 0.03204047217537943
1 0.3513770180436847 0.22849915682967958 0.015194681861348529 0.03541315345699832
1 0.35660018993352327 0.20489038785834737 0.014245014245014245 0.02866779089376054
1 0.36752136752136755 0.1973018549747049 0.015194681861348529 0.03035413153456998
1 0.38841405508072174 0.18887015177065766 0.013295346628679962 0.03035413153456998
1 0.4050332383665717 0.1973018549747049 0.016144349477682812 0.03709949409780776
1 0.38461538461538464 0.23018549747048903 0.01899335232668566 0.03541315345699832
1 0.37274453941120606 0.26981450252951095 0.019943019943019943 0.04384485666104553
1 0.39411206077872746 0.28414839797639124 0.020892687559354226 0.045531197301854974
1 0.4368471035137702 0.2327150084317032 0.020892687559354226 0.04384485666104553
1 0.47625830959164295 0.2318718381112985 0.02184235517568851 0.045531197301854974
1 0.452991452991453 0.19477234401349072 0.017094017094017096 0.03541315345699832
1 0.44871794871794873 0.1627318718381113 0.019943019943019943 0.02866779089376054
1 0.46676163342830007 0.1391231028667791 0.014245014245014245 0.03204047217537943
1 0.48575498575498577 0.13406408094435077 0.012345679012345678 0.025295109612141653
1 0.4990503323836657 0.16694772344013492 0.016144349477682812 0.03709949409780776
1 0.4886039886039886 0.1905564924114671 0.018043684710351376 0.03709949409780776
1 0.5294396961063628 0.20741989881956155 0.019943019943019943 0.04384485666104553
1 0.5346628679962013 0.16526138279932545 0.017094017094017096 0.03709949409780776
1 0.550332383665717 0.15935919055649242 0.014245014245014245 0.03204047217537943
1 0.5664767331433999 0.17706576728499157 0.016144349477682812 0.03709949409780776
1 0.5759734093067427 0.21838111298482293 0.02184235517568851 0.05564924114671164
1 0.5726495726495726 0.11888701517706576 0.013295346628679962 0.02866779089376054
1 0.5854700854700855 0.1399662731871838 0.012345679012345678 0.03035413153456998
1 0.5935422602089269 0.12310286677908938 0.00949667616334283 0.03035413153456998
1 0.6153846153846154 0.14165261382799327 0.011396011396011397 0.03035413153456998
1 0.6424501424501424 0.13322091062394603 0.012345679012345678 0.026981450252951095
1 0.6405508072174739 0.11551433389544688 0.010446343779677113 0.01854974704890388
1 0.6191832858499525 0.1163575042158516 0.011396011396011397 0.023608768971332208
1 0.6818613485280152 0.11804384485666104 0.013295346628679962 0.03035413153456998
1 0.5698005698005698 0.2866779089376054 0.030389363722697058 0.06408094435075885
1 0.48480531813865146 0.3086003372681282 0.03133903133903134 0.06408094435075885
1 0.6272554605887939 0.3246205733558179 0.029439696106362774 0.0657672849915683
1 0.6267806267806267 0.23946037099494097 0.024691358024691357 0.06070826306913996
1 0.6381766381766382 0.20657672849915684 0.01899335232668566 0.0387858347386172
1 0.6590693257359924 0.20741989881956155 0.022792022792022793 0.04384485666104553
1 0.6918328584995251 0.1905564924114671 0.019943019943019943 0.05396290050590219
1 0.6870845204178537 0.15177065767284992 0.016144349477682812 0.03372681281618887
1 0.714624881291548 0.15261382799325462 0.016144349477682812 0.04215851602023609
1 0.7226970560303894 0.16863406408094436 0.015194681861348529 0.03709949409780776
1 0.7340930674264008 0.18465430016863407 0.01899335232668566 0.045531197301854974
1 0.717948717948718 0.21922428330522767 0.022792022792022793 0.050590219224283306
1 0.7274453941120608 0.29679595278246207 0.030389363722697058 0.05733558178752108
1 0.7749287749287749 0.2976391231028668 0.026590693257359924 0.05227655986509275
1 0.7630579297245964 0.22344013490725126 0.023741690408357077 0.048903878583473864
1 0.7811016144349477 0.20404721753794267 0.023741690408357077 0.04047217537942664
1 0.7673314339981007 0.17200674536256325 0.020892687559354226 0.03372681281618887
1 0.7507122507122507 0.1391231028667791 0.016144349477682812 0.03541315345699832
1 0.7369420702754036 0.1281618887015177 0.011396011396011397 0.026981450252951095
1 0.7687559354226021 0.13490725126475547 0.018043684710351376 0.03709949409780776
1 0.7910731244064577 0.14502529510961215 0.017094017094017096 0.03372681281618887
1 0.8105413105413105 0.1391231028667791 0.014245014245014245 0.02866779089376054
1 0.8214624881291548 0.163575042158516 0.01899335232668566 0.04047217537942664
1 0.8418803418803419 0.14502529510961215 0.016144349477682812 0.03709949409780776
1 0.8584995251661919 0.16441821247892074 0.013295346628679962 0.03541315345699832
1 0.8490028490028491 0.19477234401349072 0.01899335232668566 0.04215851602023609
1 0.8333333333333334 0.21585160202360876 0.02184235517568851 0.04047217537942664
1 0.8480531813865148 0.3094435075885329 0.032288698955365625 0.06239460370994941
1 0.8599240265906932 0.26897133220910624 0.02184235517568851 0.048903878583473864
1 0.8869895536562203 0.18634064080944351 0.015194681861348529 0.03541315345699832
1 0.8964862298195632 0.15598650927487354 0.013295346628679962 0.02866779089376054
1 0.8998100664767331 0.18296795952782463 0.014245014245014245 0.03204047217537943
1 0.9278252611585945 0.24198988195615515 0.01899335232668566 0.048903878583473864
1 0.9449192782526116 0.2639123102866779 0.024691358024691357 0.05564924114671164