1 0.22652582159624413 0.38340336134453784 0.05868544600938967 0.09873949579831932
1 0.5434272300469484 0.3004201680672269 0.025821596244131457 0.06302521008403361
1 0.5534037558685446 0.18592436974789917 0.017605633802816902 0.03571428571428571
1 0.6285211267605634 0.19222689075630253 0.01995305164319249 0.04411764705882353
1 0.6742957746478874 0.20483193277310924 0.017605633802816902 0.03991596638655462
1 0.6672535211267606 0.18907563025210083 0.015258215962441314 0.029411764705882353
1 0.6684272300469484 0.2510504201680672 0.022300469483568074 0.04831932773109244
1 0.6690140845070423 0.3130252100840336 0.028169014084507043 0.058823529411764705
1 0.710093896713615 0.20063025210084034 0.018779342723004695 0.03571428571428571
1 0.7423708920187794 0.20693277310924368 0.017605633802816902 0.03571428571428571
1 0.7676056338028169 0.23634453781512604 0.02112676056338028 0.04411764705882353
1 0.727112676056338 0.2668067226890756 0.022300469483568074 0.046218487394957986
1 0.8280516431924883 0.36764705882352944 0.029342723004694836 0.06722689075630252
1 0.8937793427230047 0.4527310924369748 0.03169014084507042 0.06932773109243698