1 0.14583333333333334 0.421875 0.06333333333333334 0.10625
1 0.23416666666666666 0.36625 0.08666666666666667 0.1425
1 0.33166666666666667 0.446875 0.16666666666666666 0.25875
1 0.49083333333333334 0.42125 0.051666666666666666 0.1025
1 0.6216666666666667 0.31 0.145 0.215
1 0.69375 0.428125 0.04583333333333333 0.09375
1 0.7229166666666667 0.46 0.0275 0.0725
1 0.7829166666666667 0.4575 0.059166666666666666 0.125
1 0.80875 0.47625 0.030833333333333334 0.0725
1 0.8683333333333333 0.46375 0.06166666666666667 0.115
1 0.9158333333333334 0.50125 0.03 0.055
1 0.9408333333333333 0.4825 0.028333333333333332 0.06
1 0.9670833333333333 0.51 0.04416666666666667 0.0875