1 0.12 0.40048543689320387 0.08363636363636363 0.12135922330097088
1 0.10363636363636364 0.5691747572815534 0.08 0.10436893203883495
1 0.21454545454545454 0.4393203883495146 0.06181818181818182 0.11165048543689321
1 0.26545454545454544 0.625 0.07636363636363637 0.12378640776699029
1 0.3390909090909091 0.529126213592233 0.06363636363636363 0.10194174757281553
1 0.36727272727272725 0.4174757281553398 0.05454545454545454 0.08737864077669903
1 0.41363636363636364 0.5327669902912622 0.06363636363636363 0.11407766990291263
1 0.5136363636363637 0.4866504854368932 0.06727272727272728 0.11893203883495146
1 0.5145454545454545 0.6759708737864077 0.08 0.12378640776699029
1 0.6318181818181818 0.5109223300970874 0.06363636363636363 0.10436893203883495
1 0.6554545454545454 0.6953883495145631 0.08545454545454545 0.12378640776699029
1 0.7909090909090909 0.587378640776699 0.08 0.14563106796116504
1 0.7836363636363637 0.3713592233009709 0.07636363636363637 0.12135922330097088
1 0.9490909090909091 0.3883495145631068 0.08727272727272728 0.12135922330097088