1 0.09097222222222222 0.6564814814814814 0.09027777777777778 0.12407407407407407
1 0.07847222222222222 0.5064814814814815 0.03194444444444444 0.046296296296296294
1 0.10972222222222222 0.47685185185185186 0.027777777777777776 0.04259259259259259
1 0.12152777777777778 0.5083333333333333 0.03194444444444444 0.05
1 0.15 0.4925925925925926 0.04722222222222222 0.05555555555555555
1 0.17222222222222222 0.4935185185185185 0.030555555555555555 0.05
1 0.20347222222222222 0.4759259259259259 0.03194444444444444 0.040740740740740744
1 0.2298611111111111 0.5064814814814815 0.029166666666666667 0.053703703703703705
1 0.2722222222222222 0.512962962962963 0.03888888888888889 0.05925925925925926
1 0.2534722222222222 0.47685185185185186 0.02361111111111111 0.027777777777777776
1 0.27847222222222223 0.47129629629629627 0.018055555555555554 0.03518518518518519
1 0.2875 0.4962962962962963 0.025 0.04814814814814815
1 0.3138888888888889 0.5092592592592593 0.030555555555555555 0.05185185185185185
1 0.35347222222222224 0.4898148148148148 0.02638888888888889 0.046296296296296294
1 0.37222222222222223 0.5101851851851852 0.03611111111111111 0.053703703703703705
1 0.41041666666666665 0.5472222222222223 0.05138888888888889 0.07592592592592592
1 0.43680555555555556 0.512962962962963 0.03194444444444444 0.04814814814814815
1 0.48333333333333334 0.5009259259259259 0.027777777777777776 0.05740740740740741
1 0.5277777777777778 0.4842592592592593 0.027777777777777776 0.03518518518518519
1 0.5743055555555555 0.4722222222222222 0.02638888888888889 0.037037037037037035
1 0.5138888888888888 0.5694444444444444 0.05277777777777778 0.06851851851851852
1 0.6 0.5268518518518519 0.044444444444444446 0.07592592592592592
1 0.6486111111111111 0.4898148148148148 0.030555555555555555 0.053703703703703705
1 0.6784722222222223 0.5555555555555556 0.05694444444444444 0.07777777777777778
1 0.6819444444444445 0.5203703703703704 0.041666666666666664 0.04814814814814815
1 0.7222222222222222 0.47962962962962963 0.027777777777777776 0.040740740740740744
1 0.7694444444444445 0.5425925925925926 0.05 0.08888888888888889
1 0.7965277777777777 0.5083333333333333 0.043055555555555555 0.05740740740740741
1 0.8298611111111112 0.49722222222222223 0.03194444444444444 0.053703703703703705
1 0.8652777777777778 0.5574074074074075 0.06111111111111111 0.07777777777777778
1 0.9708333333333333 0.5259259259259259 0.05 0.07037037037037037