1 0.11833333333333333 0.16590389016018306 0.21 0.3180778032036613
1 0.38083333333333336 0.482837528604119 0.11833333333333333 0.20137299771167047
1 0.5125 0.41418764302059496 0.09166666666666666 0.18306636155606407
1 0.6125 0.4290617848970252 0.065 0.12585812356979406
1 0.6158333333333333 0.35583524027459956 0.04833333333333333 0.08009153318077804
1 0.6575 0.41189931350114417 0.045 0.09610983981693363
1 0.6575 0.37757437070938216 0.03833333333333333 0.06407322654462243
1 0.6758333333333333 0.34553775743707094 0.03166666666666667 0.05491990846681922
1 0.7 0.38329519450800914 0.03333333333333333 0.057208237986270026
1 0.715 0.34324942791762014 0.02666666666666667 0.05034324942791762
1 0.6908333333333333 0.7242562929061785 0.165 0.2540045766590389
1 0.7283333333333334 0.5617848970251716 0.11 0.17620137299771166
1 0.7716666666666666 0.477116704805492 0.09333333333333334 0.13958810068649885
1 0.8891666666666667 0.34439359267734554 0.045 0.07093821510297482
1 0.86 0.35469107551487417 0.03333333333333333 0.059496567505720827