1 0.23031026252983294 0.41796322489391796 0.045346062052505964 0.08345120226308345
1 0.27883850437549723 0.2765205091937765 0.018297533810660304 0.03253182461103253
1 0.28758949880668255 0.2637906647807638 0.018297533810660304 0.03253182461103253
1 0.3309466984884646 0.2637906647807638 0.02545743834526651 0.04101838755304102
1 0.3536197295147176 0.2567185289957567 0.021479713603818614 0.03818953323903819
1 0.3341288782816229 0.2256011315417256 0.01909307875894988 0.03253182461103253
1 0.33890214797136037 0.2157001414427157 0.012728719172633254 0.024045261669024046
1 0.39697692919649963 0.2538896746817539 0.02545743834526651 0.04101838755304102
1 0.4192521877486078 0.26166902404526166 0.02386634844868735 0.04809052333804809
1 0.45743834526650756 0.21782178217821782 0.020684168655529037 0.042432814710042434
1 0.49403341288782815 0.2079207920792079 0.017501988862370723 0.039603960396039604
1 0.3937947494033413 0.19519094766619519 0.015910898965791568 0.036775106082036775
1 0.41010342084327767 0.1746817538896747 0.015115354017501989 0.03536067892503536
1 0.42482100238663484 0.18104667609618105 0.015910898965791568 0.036775106082036775
1 0.4407319013524264 0.16124469589816123 0.017501988862370723 0.031117397454031116
1 0.4673826571201273 0.157001414427157 0.013524264120922832 0.036775106082036775
1 0.47613365155131265 0.1958981612446959 0.016706443914081145 0.03818953323903819
1 0.5103420843277645 0.18387553041018387 0.016706443914081145 0.036775106082036775
1 0.5385839299920445 0.19448373408769448 0.01909307875894988 0.04101838755304102
1 0.5469371519490851 0.15841584158415842 0.018297533810660304 0.042432814710042434
1 0.5743834526650756 0.18811881188118812 0.017501988862370723 0.04526166902404526
1 0.5111376292760541 0.1471004243281471 0.015115354017501989 0.031117397454031116
1 0.4968178202068417 0.1265912305516266 0.013524264120922832 0.0297029702970297
1 0.5879077167859984 0.1492220650636492 0.014319809069212411 0.03253182461103253
1 0.6105807478122514 0.1478076379066478 0.013524264120922832 0.03253182461103253
1 0.6260938743038982 0.13295615275813297 0.014319809069212411 0.031117397454031116
1 0.6420047732696897 0.12093352192362093 0.012728719172633254 0.026874115983026876
1 0.664280031821798 0.12022630834512023 0.014319809069212411 0.031117397454031116
1 0.6077963404932378 0.10325318246110325 0.011137629276054098 0.02263083451202263
1 0.5954653937947494 0.1082036775106082 0.013524264120922832 0.0297029702970297
1 0.49522673031026254 0.3026874115983027 0.0294351630867144 0.0594059405940594
1 0.5429594272076372 0.3104667609618105 0.03261734287987271 0.06082036775106082
1 0.5548926014319809 0.26874115983026875 0.024661893396976928 0.06506364922206506
1 0.6085918854415274 0.2545968882602546 0.02545743834526651 0.05091937765205092
1 0.6217183770883055 0.2079207920792079 0.023070803500397773 0.05374823196605375
1 0.6551312649164678 0.16973125884016974 0.021479713603818614 0.04526166902404526
1 0.6535401750198886 0.2263083451202263 0.023070803500397773 0.05091937765205092
1 0.6503579952267303 0.2708628005657709 0.026252983293556086 0.055162659123055166
1 0.6897374701670644 0.3104667609618105 0.031821797931583136 0.06082036775106082
1 0.7140015910898966 0.2835926449787836 0.026252983293556086 0.06364922206506365
1 0.7104216388225935 0.23196605374823195 0.022275258552108195 0.042432814710042434
1 0.6921241050119332 0.19731258840169733 0.020684168655529037 0.03818953323903819
1 0.6909307875894988 0.1676096181046676 0.018297533810660304 0.03818953323903819
1 0.7179793158313444 0.15983026874115983 0.018297533810660304 0.033946251768033946
1 0.7386634844868735 0.15346534653465346 0.018297533810660304 0.03536067892503536
1 0.766109785202864 0.1364922206506365 0.015910898965791568 0.03536067892503536
1 0.7800318217979316 0.15063649222065065 0.013524264120922832 0.026874115983026876
1 0.8035003977724742 0.13437057991513437 0.012728719172633254 0.033946251768033946
1 0.7641209228321401 0.16973125884016974 0.016706443914081145 0.028288543140028287
1 0.7422434367541766 0.19236209335219237 0.020684168655529037 0.039603960396039604
1 0.7410501193317423 0.2263083451202263 0.023070803500397773 0.042432814710042434
1 0.7553699284009546 0.3437057991513437 0.0294351630867144 0.06789250353606789
1 0.7995226730310262 0.27793493635077793 0.02545743834526651 0.06082036775106082
1 0.8146380270485283 0.2531824611032532 0.022275258552108195 0.05091937765205092
1 0.8198090692124105 0.2157001414427157 0.021479713603818614 0.04384724186704385
1 0.7844073190135242 0.21145685997171146 0.020684168655529037 0.04101838755304102
1 0.8054892601431981 0.1789250353606789 0.018297533810660304 0.03253182461103253
1 0.8214001591089897 0.16053748231966053 0.018297533810660304 0.03818953323903819
1 0.8468575974542562 0.1471004243281471 0.015115354017501989 0.036775106082036775
1 0.8396976929196499 0.18953323903818953 0.018297533810660304 0.039603960396039604
1 0.8747016706443914 0.1492220650636492 0.016706443914081145 0.03536067892503536
1 0.8854415274463007 0.19165487977369167 0.015910898965791568 0.04101838755304102
1 0.8739061256961018 0.21428571428571427 0.01988862370723946 0.04667609618104668
1 0.8651551312649165 0.27157001414427157 0.024661893396976928 0.056577086280056574
1 0.918854415274463 0.29915134370579916 0.027048528241845664 0.06082036775106082
1 0.8492442322991249 0.3104667609618105 0.02784407319013524 0.06364922206506365