1 0.24 0.3900375939849624 0.05263157894736842 0.10338345864661654
1 0.5368421052631579 0.18609022556390978 0.021052631578947368 0.04887218045112782
1 0.6263157894736842 0.22086466165413535 0.023157894736842106 0.05075187969924812
1 0.6710526315789473 0.19360902255639098 0.02 0.03383458646616541
1 0.6784210526315789 0.22086466165413535 0.015789473684210527 0.039473684210526314
1 0.6663157894736842 0.25845864661654133 0.021052631578947368 0.046992481203007516
1 0.7105263157894737 0.20206766917293234 0.016842105263157894 0.039473684210526314
1 0.7531578947368421 0.22086466165413535 0.02 0.046992481203007516
1 0.7494736842105263 0.28101503759398494 0.02526315789473684 0.05451127819548872
1 0.7626315789473684 0.27349624060150374 0.017894736842105262 0.043233082706766915
1 0.7326315789473684 0.3693609022556391 0.029473684210526315 0.08082706766917293
1 0.8121052631578948 0.412593984962406 0.03684210526315789 0.07706766917293233
1 0.9 0.41353383458646614 0.035789473684210524 0.08270676691729323
1 0.8294736842105264 0.2650375939849624 0.023157894736842106 0.05263157894736842