1 0.12968299711815562 0.22402044293015333 0.01729106628242075 0.03236797274275979
1 0.12199807877041306 0.25298126064735943 0.01921229586935639 0.039182282793867124
1 0.17098943323727187 0.23168654173764908 0.01921229586935639 0.04088586030664395
1 0.20989433237271854 0.43185689948892675 0.03554274735830932 0.07666098807495741
1 0.29827089337175794 0.2018739352640545 0.020172910662824207 0.028960817717206135
1 0.30979827089337175 0.2120954003407155 0.010566762728146013 0.028960817717206135
1 0.34438040345821325 0.2223168654173765 0.01633045148895293 0.04258943781942078
1 0.4111431316042267 0.2393526405451448 0.01536983669548511 0.039182282793867124
1 0.43515850144092216 0.15076660988074958 0.011527377521613832 0.022146507666098807
1 0.45196926032660906 0.09625212947189098 0.01440922190201729 0.02555366269165247
1 0.47262247838616717 0.15843270868824533 0.01536983669548511 0.034071550255536626
1 0.48222862632084534 0.1848381601362862 0.01536983669548511 0.028960817717206135
1 0.49759846301633043 0.1575809199318569 0.011527377521613832 0.03236797274275979
1 0.5566762728146013 0.1890971039182283 0.01440922190201729 0.03747870528109029
1 0.6282420749279539 0.26405451448040884 0.01729106628242075 0.04088586030664395
1 0.8957732949087416 0.20272572402044292 0.01825168107588857 0.044293015332197615
1 0.8847262247838616 0.2495741056218058 0.021133525456292025 0.039182282793867124
1 0.9178674351585014 0.2444633730834753 0.01440922190201729 0.039182282793867124
1 0.9341978866474544 0.20783645655877342 0.01633045148895293 0.04088586030664395
1 0.9538904899135446 0.23253833049403747 0.021133525456292025 0.056218057921635436
1 0.4241114313160423 0.1524701873935264 0.01633045148895293 0.03236797274275979