1 0.180793991416309 0.4501915708812261 0.05686695278969957 0.11877394636015326
1 0.29023605150214593 0.20114942528735633 0.016094420600858368 0.034482758620689655
1 0.31223175965665234 0.210727969348659 0.015021459227467811 0.038314176245210725
1 0.32778969957081544 0.20881226053639848 0.013948497854077254 0.034482758620689655
1 0.34603004291845496 0.20881226053639848 0.016094420600858368 0.034482758620689655
1 0.35568669527896996 0.23563218390804597 0.018240343347639486 0.038314176245210725
1 0.375 0.19827586206896552 0.013948497854077254 0.032567049808429116
1 0.40450643776824036 0.23467432950191572 0.015021459227467811 0.03639846743295019
1 0.4206008583690987 0.2413793103448276 0.019313304721030045 0.05363984674329502
1 0.4216738197424893 0.14942528735632185 0.01072961373390558 0.02681992337164751
1 0.4388412017167382 0.14942528735632185 0.01072961373390558 0.034482758620689655
1 0.46727467811158796 0.1235632183908046 0.011802575107296138 0.028735632183908046
1 0.4613733905579399 0.17337164750957854 0.012875536480686695 0.032567049808429116
1 0.47103004291845496 0.19444444444444445 0.017167381974248927 0.044061302681992334
1 0.5010729613733905 0.17337164750957854 0.012875536480686695 0.028735632183908046
1 0.5236051502145923 0.16666666666666666 0.012875536480686695 0.03065134099616858
1 0.555793991416309 0.171455938697318 0.017167381974248927 0.03639846743295019
1 0.5627682403433476 0.15134099616858238 0.011802575107296138 0.034482758620689655
1 0.5718884120171673 0.22701149425287356 0.019313304721030045 0.05172413793103448
1 0.6561158798283262 0.10057471264367816 0.011802575107296138 0.0210727969348659
1 0.6432403433476395 0.1475095785440613 0.016094420600858368 0.034482758620689655
1 0.7113733905579399 0.09961685823754789 0.01072961373390558 0.03065134099616858
1 0.6266094420600858 0.19923371647509577 0.019313304721030045 0.038314176245210725
1 0.6384120171673819 0.23467432950191572 0.019313304721030045 0.04789272030651341
1 0.6663090128755365 0.1685823754789272 0.012875536480686695 0.03065134099616858
1 0.6689914163090128 0.20689655172413793 0.013948497854077254 0.0421455938697318
1 0.6893776824034334 0.24329501915708812 0.0203862660944206 0.04980842911877394
1 0.6727467811158798 0.3275862068965517 0.030042918454935622 0.06896551724137931
1 0.7532188841201717 0.3735632183908046 0.032188841201716736 0.06513409961685823
1 0.7049356223175965 0.15708812260536398 0.015021459227467811 0.038314176245210725
1 0.7188841201716738 0.17337164750957854 0.017167381974248927 0.032567049808429116
1 0.7371244635193133 0.13793103448275862 0.015021459227467811 0.038314176245210725
1 0.7473175965665236 0.16475095785440613 0.013948497854077254 0.034482758620689655
1 0.7612660944206009 0.12164750957854406 0.011802575107296138 0.032567049808429116
1 0.7837982832618026 0.12452107279693486 0.0075107296137339056 0.034482758620689655
1 0.7580472103004292 0.18295019157088122 0.013948497854077254 0.040229885057471264
1 0.7398068669527897 0.22413793103448276 0.018240343347639486 0.0421455938697318
1 0.7655579399141631 0.23850574712643677 0.0203862660944206 0.05172413793103448
1 0.7929184549356223 0.13218390804597702 0.01072961373390558 0.02681992337164751
1 0.8074034334763949 0.1235632183908046 0.013948497854077254 0.028735632183908046
1 0.8293991416309013 0.11877394636015326 0.012875536480686695 0.02681992337164751
1 0.8009656652360515 0.19636015325670497 0.013948497854077254 0.040229885057471264
1 0.8009656652360515 0.15708812260536398 0.016094420600858368 0.02681992337164751
1 0.7977467811158798 0.27873563218390807 0.022532188841201718 0.05555555555555555
1 0.8234978540772532 0.25 0.022532188841201718 0.05555555555555555
1 0.8353004291845494 0.16666666666666666 0.013948497854077254 0.02681992337164751
1 0.8412017167381974 0.14080459770114942 0.012875536480686695 0.032567049808429116
1 0.8449570815450643 0.21455938697318008 0.016094420600858368 0.04597701149425287
1 0.8696351931330472 0.15900383141762453 0.016094420600858368 0.034482758620689655
1 0.8814377682403434 0.16091954022988506 0.011802575107296138 0.034482758620689655
1 0.9141630901287554 0.15134099616858238 0.015021459227467811 0.02681992337164751
1 0.9114806866952789 0.1810344827586207 0.011802575107296138 0.032567049808429116
1 0.898068669527897 0.22413793103448276 0.017167381974248927 0.0421455938697318
1 0.9324034334763949 0.25 0.019313304721030045 0.04789272030651341
1 0.9275751072961373 0.21264367816091953 0.016094420600858368 0.038314176245210725
1 0.9415236051502146 0.19348659003831417 0.011802575107296138 0.034482758620689655
1 0.9522532188841202 0.1810344827586207 0.009656652360515022 0.02490421455938697
1 0.9243562231759657 0.3390804597701149 0.022532188841201718 0.05747126436781609
1 0.819206008583691 0.19540229885057472 0.013948497854077254 0.038314176245210725
1 0.8589055793991416 0.210727969348659 0.018240343347639486 0.038314176245210725
1 0.5949570815450643 0.14559386973180077 0.011802575107296138 0.03065134099616858
1 0.6046137339055794 0.1446360153256705 0.013948497854077254 0.03639846743295019
1 0.60568669527897 0.09770114942528736 0.009656652360515022 0.022988505747126436
1 0.6137339055793991 0.10153256704980843 0.008583690987124463 0.022988505747126436
1 0.6217811158798283 0.12164750957854406 0.011802575107296138 0.028735632183908046
1 0.6266094420600858 0.10344827586206896 0.012875536480686695 0.02681992337164751
1 0.657725321888412 0.12547892720306514 0.01072961373390558 0.028735632183908046
1 0.6786480686695279 0.11973180076628352 0.013948497854077254 0.032567049808429116
1 0.5396995708154506 0.1331417624521073 0.012875536480686695 0.028735632183908046
1 0.5064377682403434 0.13409961685823754 0.012875536480686695 0.03065134099616858
1 0.48390557939914164 0.1388888888888889 0.012875536480686695 0.032567049808429116
1 0.49087982832618027 0.14559386973180077 0.011802575107296138 0.03065134099616858
1 0.4179184549356223 0.17624521072796934 0.013948497854077254 0.03065134099616858
1 0.4157725321888412 0.2049808429118774 0.018240343347639486 0.038314176245210725
1 0.3927038626609442 0.15229885057471265 0.015021459227467811 0.02490421455938697
1 0.39860515021459225 0.1685823754789272 0.016094420600858368 0.03065134099616858
1 0.3438841201716738 0.16666666666666666 0.011802575107296138 0.034482758620689655
1 0.3428111587982833 0.18199233716475097 0.013948497854077254 0.034482758620689655