1 0.032 0.7773333333333333 0.06 0.152
1 0.332 0.84 0.128 0.16533333333333333
1 0.309 0.584 0.066 0.10666666666666667
1 0.473 0.596 0.074 0.09333333333333334
1 0.451 0.49066666666666664 0.042 0.07466666666666667
1 0.465 0.3 0.038 0.050666666666666665
1 0.515 0.456 0.034 0.048
1 0.544 0.4226666666666667 0.032 0.04
1 0.581 0.4026666666666667 0.022 0.032
1 0.593 0.512 0.046 0.07466666666666667
1 0.61 0.4666666666666667 0.04 0.064
1 0.632 0.4186666666666667 0.028 0.042666666666666665
1 0.667 0.416 0.022 0.037333333333333336
1 0.734 0.43066666666666664 0.032 0.050666666666666665
1 0.754 0.4186666666666667 0.024 0.042666666666666665
1 0.74 0.4866666666666667 0.044 0.04533333333333334
1 0.73 0.5186666666666667 0.044 0.06133333333333333
1 0.695 0.6626666666666666 0.074 0.12
1 0.679 0.9066666666666666 0.134 0.18666666666666668
1 0.935 0.688 0.098 0.13333333333333333
1 0.883 0.548 0.054 0.07733333333333334
1 0.862 0.49333333333333335 0.04 0.058666666666666666
1 0.844 0.45066666666666666 0.036 0.05333333333333334
1 0.847 0.42 0.034 0.04533333333333334
1 0.338 0.37466666666666665 0.024 0.034666666666666665
1 0.3 0.388 0.028 0.04
1 0.274 0.38266666666666665 0.028 0.04
1 0.221 0.3893333333333333 0.03 0.037333333333333336
1 0.185 0.42133333333333334 0.038 0.048
1 0.157 0.376 0.03 0.042666666666666665
1 0.172 0.35333333333333333 0.024 0.034666666666666665
1 0.127 0.392 0.03 0.042666666666666665
1 0.103 0.36533333333333334 0.03 0.042666666666666665
1 0.089 0.4266666666666667 0.042 0.05333333333333334
1 0.036 0.3933333333333333 0.036 0.050666666666666665