1 0.24846938775510205 0.34601449275362317 0.05204081632653061 0.09420289855072464
1 0.5331632653061225 0.19384057971014493 0.02346938775510204 0.043478260869565216
1 0.5867346938775511 0.16304347826086957 0.018367346938775512 0.03985507246376811
1 0.6163265306122448 0.22735507246376813 0.018367346938775512 0.04528985507246377
1 0.661734693877551 0.1911231884057971 0.019387755102040816 0.041666666666666664
1 0.6709183673469388 0.22192028985507245 0.017346938775510204 0.03804347826086957
1 0.6602040816326531 0.2463768115942029 0.024489795918367346 0.05434782608695652
1 0.7096938775510204 0.1983695652173913 0.02142857142857143 0.04528985507246377
1 0.7428571428571429 0.22010869565217392 0.018367346938775512 0.030797101449275364
1 0.7306122448979592 0.27717391304347827 0.024489795918367346 0.050724637681159424
1 0.7479591836734694 0.2608695652173913 0.022448979591836733 0.04710144927536232
1 0.7239795918367347 0.3596014492753623 0.03163265306122449 0.07427536231884058
1 0.8091836734693878 0.3867753623188406 0.030612244897959183 0.08514492753623189
1 0.863265306122449 0.4266304347826087 0.036734693877551024 0.07789855072463768
1 0.8178571428571428 0.2427536231884058 0.02346938775510204 0.057971014492753624