1 0.0265625 0.6395833333333333 0.0359375 0.05
1 0.0828125 0.7854166666666667 0.078125 0.0875
1 0.10546875 0.9109375 0.11875 0.146875
1 0.266796875 0.8208333333333333 0.10390625 0.12083333333333333
1 0.224609375 0.6958333333333333 0.04453125 0.0625
1 0.200390625 0.6546875 0.02890625 0.04895833333333333
1 0.131640625 0.665625 0.04296875 0.0625
1 0.103515625 0.625 0.03359375 0.04375
1 0.172265625 0.6125 0.02421875 0.0375
1 0.213671875 0.6098958333333333 0.02734375 0.036458333333333336
1 0.2265625 0.6354166666666666 0.03125 0.04583333333333333
1 0.28515625 0.6791666666666667 0.0375 0.06041666666666667
1 0.2859375 0.6265625 0.025 0.040625
1 0.3140625 0.6416666666666667 0.028125 0.041666666666666664
1 0.31484375 0.6098958333333333 0.0234375 0.040625
1 0.346484375 0.6078125 0.02265625 0.03854166666666667
1 0.364453125 0.6322916666666667 0.02578125 0.03958333333333333
1 0.386328125 0.61875 0.02421875 0.041666666666666664
1 0.416796875 0.6119791666666666 0.02421875 0.03229166666666667
1 0.424609375 0.6453125 0.03046875 0.042708333333333334
1 0.41328125 0.7036458333333333 0.0453125 0.06979166666666667
1 0.3546875 0.7114583333333333 0.05 0.06666666666666667
1 0.462109375 0.6395833333333333 0.02578125 0.04583333333333333
1 0.47265625 0.6255208333333333 0.0171875 0.036458333333333336
1 0.49453125 0.6260416666666667 0.0234375 0.035416666666666666
1 0.5359375 0.6630208333333333 0.0359375 0.046875
1 0.559765625 0.7255208333333333 0.05703125 0.078125
1 0.60859375 0.725 0.04375 0.0625
1 0.57421875 0.6536458333333334 0.03125 0.04895833333333333
1 0.5640625 0.6265625 0.0234375 0.036458333333333336
1 0.586328125 0.63125 0.02421875 0.0375
1 0.646875 0.653125 0.025 0.0375
1 0.67421875 0.6364583333333333 0.0265625 0.04375
1 0.692578125 0.6953125 0.03984375 0.051041666666666666
1 0.72734375 0.65625 0.0390625 0.06041666666666667
1 0.91640625 0.5213541666666667 0.059375 0.08020833333333334