1 0.06063432835820896 0.3887931034482759 0.04664179104477612 0.08793103448275862
1 0.09561567164179105 0.40086206896551724 0.043843283582089554 0.09827586206896552
1 0.27845149253731344 0.2810344827586207 0.03451492537313433 0.07241379310344828
1 0.32509328358208955 0.18189655172413793 0.017723880597014924 0.04655172413793104
1 0.34095149253731344 0.1939655172413793 0.017723880597014924 0.04655172413793104
1 0.36007462686567165 0.19482758620689655 0.026119402985074626 0.04827586206896552
1 0.3978544776119403 0.1629310344827586 0.021455223880597014 0.039655172413793106
1 0.5321828358208955 0.12413793103448276 0.027052238805970148 0.06206896551724138
1 0.5158582089552238 0.2543103448275862 0.027985074626865673 0.05
1 0.5382462686567164 0.2672413793103448 0.03171641791044776 0.05862068965517241
1 0.5965485074626866 0.2681034482758621 0.030783582089552237 0.06379310344827586
1 0.6040111940298507 0.14482758620689656 0.02332089552238806 0.05172413793103448
1 0.6669776119402985 0.1146551724137931 0.024253731343283583 0.05344827586206897
1 0.6702425373134329 0.2206896551724138 0.02332089552238806 0.05517241379310345
1 0.7047574626865671 0.15 0.021455223880597014 0.05172413793103448