1 0.10740144810941271 0.5177304964539007 0.04907481898632341 0.09361702127659574
1 0.2325020112630732 0.3475177304964539 0.02091713596138375 0.031205673758865248
1 0.2940466613032985 0.3453900709219858 0.015285599356395816 0.04397163120567376
1 0.29847144006436044 0.36950354609929076 0.017699115044247787 0.04113475177304964
1 0.335880933226066 0.35390070921985817 0.02333065164923572 0.04397163120567376
1 0.2900241351568785 0.3049645390070922 0.016894609814963796 0.031205673758865248
1 0.3592115848753017 0.3304964539007092 0.016894609814963796 0.03404255319148936
1 0.36162510056315367 0.29432624113475175 0.01850362027353178 0.03546099290780142
1 0.3825422365245374 0.3354609929078014 0.01850362027353178 0.03829787234042553
1 0.417135961383749 0.33687943262411346 0.02011263073209976 0.03546099290780142
1 0.39742558326629124 0.25460992907801416 0.016090104585679808 0.032624113475177303
1 0.4219629927594529 0.26099290780141843 0.013676588897827836 0.031205673758865248
1 0.4098954143201931 0.30638297872340425 0.01850362027353178 0.031205673758865248
1 0.43966210780370074 0.30638297872340425 0.02172164119066774 0.03687943262411347
1 0.4501206757843926 0.3397163120567376 0.0249396621078037 0.03829787234042553
1 0.4690265486725664 0.30638297872340425 0.019308125502815767 0.03404255319148936
1 0.4469026548672566 0.2695035460992908 0.016894609814963796 0.03404255319148936
1 0.4557522123893805 0.25390070921985813 0.013676588897827836 0.028368794326241134
1 0.46983105390185037 0.2695035460992908 0.014481094127111826 0.031205673758865248
1 0.4670152855993564 0.23687943262411348 0.012067578439259855 0.019858156028368795
1 0.49557522123893805 0.26382978723404255 0.016090104585679808 0.028368794326241134
1 0.5386162510056315 0.2531914893617021 0.015285599356395816 0.03546099290780142
1 0.5152855993563958 0.251063829787234 0.012067578439259855 0.02553191489361702
1 0.5185036202735318 0.25886524822695034 0.015285599356395816 0.029787234042553193
1 0.5108608205953339 0.31560283687943264 0.019308125502815767 0.04397163120567376
1 0.5172968624296058 0.29432624113475175 0.014481094127111826 0.032624113475177303
1 0.5526950925181013 0.2865248226950355 0.019308125502815767 0.03687943262411347
1 0.5490748189863234 0.22836879432624113 0.016894609814963796 0.028368794326241134
1 0.5659694288012872 0.2673758865248227 0.01850362027353178 0.04113475177304964
1 0.5736122284794851 0.24397163120567375 0.012872083668543845 0.028368794326241134
1 0.5716009654062751 0.22198581560283687 0.013676588897827836 0.02695035460992908
1 0.5961383748994369 0.250354609929078 0.012872083668543845 0.02695035460992908
1 0.6005631536604988 0.22695035460992907 0.012067578439259855 0.02269503546099291
1 0.6098149637972646 0.2078014184397163 0.012872083668543845 0.029787234042553193
1 0.6242960579243765 0.2127659574468085 0.014481094127111826 0.02553191489361702
1 0.6319388576025744 0.2276595744680851 0.013676588897827836 0.032624113475177303
1 0.6395816572807723 0.2453900709219858 0.017699115044247787 0.028368794326241134
1 0.6596942880128721 0.21914893617021278 0.012872083668543845 0.024113475177304965
1 0.66934835076428 0.23049645390070922 0.011263073209975865 0.032624113475177303
1 0.6794046661303298 0.23120567375886525 0.012067578439259855 0.02553191489361702
1 0.672968624296058 0.26666666666666666 0.015285599356395816 0.03404255319148936
1 0.6307320997586484 0.29148936170212764 0.017699115044247787 0.03829787234042553
1 0.6476267095736122 0.3312056737588652 0.02091713596138375 0.03829787234042553
1 0.5941271118262269 0.3219858156028369 0.02172164119066774 0.03971631205673759
1 0.6049879324215608 0.3730496453900709 0.02574416733708769 0.0425531914893617
1 0.6460176991150443 0.3879432624113475 0.030571198712791632 0.05815602836879433
1 0.7023330651649236 0.25957446808510637 0.014481094127111826 0.03404255319148936
1 0.7280772325020113 0.2624113475177305 0.012872083668543845 0.03687943262411347
1 0.7369267900241352 0.24893617021276596 0.012872083668543845 0.029787234042553193
1 0.7453740949316171 0.2297872340425532 0.013676588897827836 0.031205673758865248
1 0.7739340305711987 0.24468085106382978 0.012872083668543845 0.029787234042553193
1 0.7658889782783588 0.26666666666666666 0.014481094127111826 0.03404255319148936
1 0.7618664521319388 0.2872340425531915 0.016090104585679808 0.032624113475177303
1 0.7196299275945294 0.2886524822695035 0.016894609814963796 0.03546099290780142
1 0.8020917135961384 0.24822695035460993 0.012872083668543845 0.031205673758865248
1 0.829847144006436 0.2652482269503546 0.012067578439259855 0.031205673758865248
1 0.8507642799678198 0.2673758865248227 0.013676588897827836 0.03546099290780142
1 0.8644408688656476 0.26099290780141843 0.013676588897827836 0.03404255319148936
1 0.8547868061142397 0.28368794326241137 0.013676588897827836 0.03404255319148936
1 0.8897827835880934 0.29716312056737587 0.014481094127111826 0.03829787234042553
1 0.9211584875301689 0.2794326241134752 0.012872083668543845 0.02553191489361702
1 0.9235720032180209 0.3049645390070922 0.011263073209975865 0.031205673758865248
1 0.9288012872083669 0.3312056737588652 0.016894609814963796 0.04113475177304964
1 0.9219629927594529 0.34822695035460993 0.011263073209975865 0.03829787234042553
1 0.8765084473049075 0.32056737588652484 0.015285599356395816 0.031205673758865248
1 0.8395012067578439 0.30921985815602837 0.013676588897827836 0.031205673758865248
1 0.8089300080450523 0.29929078014184396 0.015285599356395816 0.031205673758865248
1 0.8101367658889783 0.275177304964539 0.016090104585679808 0.03404255319148936
1 0.8105390185036203 0.3326241134751773 0.02011263073209976 0.04397163120567376
1 0.8632341110217217 0.3709219858156028 0.019308125502815767 0.04113475177304964
1 0.8958165728077232 0.3921985815602837 0.02172164119066774 0.05815602836879433
1 0.9050683829444891 0.3382978723404255 0.012872083668543845 0.032624113475177303
1 0.9002413515687852 0.46382978723404256 0.027353177795655673 0.07092198581560284
1 0.8523732904263878 0.4177304964539007 0.0249396621078037 0.04964539007092199
1 0.833065164923572 0.43546099290780144 0.02172164119066774 0.059574468085106386
1 0.7956556717618665 0.375886524822695 0.02091713596138375 0.05390070921985816
1 0.6942880128720836 0.349645390070922 0.02091713596138375 0.04680851063829787
1 0.6786001609010458 0.324113475177305 0.02172164119066774 0.04680851063829787
1 0.7312952534191473 0.40638297872340423 0.02413515687851971 0.05531914893617021
1 0.7727272727272727 0.4425531914893617 0.02654867256637168 0.05673758865248227
1 0.66934835076428 0.4375886524822695 0.03378921962992759 0.05531914893617021
1 0.7119871279163315 0.4723404255319149 0.030571198712791632 0.07659574468085106
1 0.8101367658889783 0.49929078014184397 0.028962188254223652 0.06524822695035461
1 0.500804505229284 0.3773049645390071 0.02654867256637168 0.059574468085106386
1 0.5337892196299276 0.37375886524822693 0.02654867256637168 0.0524822695035461
1 0.5430410297666934 0.4085106382978723 0.030571198712791632 0.059574468085106386
1 0.6118262268704746 0.42624113475177305 0.03298471440064361 0.06382978723404255