1 0.3858333333333333 0.2275 0.08166666666666667 0.13
1 0.32916666666666666 0.7325 0.10166666666666667 0.165
1 0.41833333333333333 0.4975 0.06666666666666667 0.105
1 0.485 0.51125 0.07 0.1275
1 0.5941666666666666 0.665 0.11166666666666666 0.17
1 0.6266666666666667 0.535 0.08333333333333333 0.13
1 0.635 0.445 0.04666666666666667 0.075
1 0.5708333333333333 0.36875 0.041666666666666664 0.0625
1 0.5125 0.3675 0.041666666666666664 0.07
1 0.6125 0.32375 0.035 0.0625
1 0.6625 0.32 0.041666666666666664 0.075
1 0.7141666666666666 0.42875 0.058333333333333334 0.0875
1 0.7608333333333334 0.37875 0.058333333333333334 0.0925
1 0.8133333333333334 0.33375 0.03666666666666667 0.0525
1 0.7925 0.315 0.03166666666666667 0.05
1 0.8733333333333333 0.3325 0.03 0.06
1 0.9133333333333333 0.37 0.03 0.055
1 0.9316666666666666 0.34125 0.02666666666666667 0.0425