1 0.6918724279835391 0.3042671614100185 0.03806584362139918 0.08905380333951762
1 0.38837448559670784 0.18274582560296845 0.01748971193415638 0.03153988868274583
1 0.42335390946502055 0.17346938775510204 0.01748971193415638 0.03525046382189239
1 0.4403292181069959 0.16975881261595546 0.01440329218106996 0.03153988868274583
1 0.4331275720164609 0.15213358070500926 0.01440329218106996 0.025974025974025976
1 0.4521604938271605 0.14656771799628943 0.013374485596707819 0.025974025974025976
1 0.4655349794238683 0.14007421150278293 0.01131687242798354 0.03153988868274583
1 0.48148148148148145 0.14935064935064934 0.01440329218106996 0.03153988868274583
1 0.45627572016460904 0.17346938775510204 0.01748971193415638 0.03153988868274583
1 0.4835390946502058 0.18274582560296845 0.018518518518518517 0.03896103896103896
1 0.5097736625514403 0.18274582560296845 0.01954732510288066 0.03896103896103896
1 0.5020576131687243 0.12987012987012986 0.01646090534979424 0.029684601113172542
1 0.4886831275720165 0.14471243042671614 0.012345679012345678 0.025974025974025976
1 0.5257201646090535 0.12987012987012986 0.012345679012345678 0.03339517625231911
1 0.5473251028806584 0.14100185528756956 0.0102880658436214 0.025974025974025976
1 0.5606995884773662 0.11410018552875696 0.0102880658436214 0.027829313543599257
1 0.5776748971193416 0.14007421150278293 0.013374485596707819 0.03153988868274583
1 0.602366255144033 0.11873840445269017 0.013374485596707819 0.03339517625231911
1 0.6018518518518519 0.15584415584415584 0.01440329218106996 0.029684601113172542
1 0.6280864197530864 0.1345083487940631 0.013374485596707819 0.03153988868274583
1 0.6378600823045267 0.12152133580705009 0.01440329218106996 0.03153988868274583
1 0.6712962962962963 0.11966604823747681 0.013374485596707819 0.027829313543599257
1 0.7073045267489712 0.11781076066790352 0.01131687242798354 0.02411873840445269
1 0.7011316872427984 0.17068645640074212 0.013374485596707819 0.03710575139146568
1 0.6589506172839507 0.19573283858998144 0.01954732510288066 0.03896103896103896
1 0.6270576131687243 0.21985157699443414 0.021604938271604937 0.04267161410018553
1 0.6779835390946503 0.21428571428571427 0.02263374485596708 0.04267161410018553
1 0.7119341563786008 0.19573283858998144 0.02263374485596708 0.03896103896103896
1 0.7129629629629629 0.24675324675324675 0.0205761316872428 0.04823747680890538
1 0.7361111111111112 0.14842300556586271 0.013374485596707819 0.03339517625231911
1 0.7386831275720165 0.17625231910946196 0.01440329218106996 0.03710575139146568
1 0.7505144032921811 0.12894248608534323 0.013374485596707819 0.03525046382189239
1 0.7746913580246914 0.12708719851576994 0.012345679012345678 0.03153988868274583
1 0.7777777777777778 0.15306122448979592 0.01440329218106996 0.03153988868274583
1 0.7752057613168725 0.18645640074211503 0.015432098765432098 0.03896103896103896
1 0.7926954732510288 0.21706864564007422 0.01748971193415638 0.04081632653061224
1 0.7983539094650206 0.16419294990723562 0.012345679012345678 0.03153988868274583
1 0.8132716049382716 0.1549165120593692 0.015432098765432098 0.03525046382189239
1 0.8276748971193416 0.12987012987012986 0.013374485596707819 0.029684601113172542
1 0.8333333333333334 0.17068645640074212 0.012345679012345678 0.03339517625231911
1 0.9120370370370371 0.1679035250463822 0.013374485596707819 0.03153988868274583
1 0.9274691358024691 0.20871985157699444 0.013374485596707819 0.04267161410018553
1 0.9063786008230452 0.20871985157699444 0.01440329218106996 0.03525046382189239
1 0.934156378600823 0.23562152133580705 0.01440329218106996 0.03710575139146568
1 0.9362139917695473 0.18181818181818182 0.01440329218106996 0.03710575139146568
1 0.8760288065843621 0.2699443413729128 0.01954732510288066 0.05009276437847866