1 0.17434471803018267 0.25912921348314605 0.011914217633042097 0.032303370786516857
1 0.27720413026211277 0.30758426966292135 0.03335980937251787 0.0702247191011236
1 0.31374106433677523 0.24367977528089887 0.023828435266084195 0.04353932584269663
1 0.2962668784749801 0.2710674157303371 0.015885623510722795 0.025280898876404494
1 0.3419380460683082 0.24297752808988765 0.023034154090548053 0.0449438202247191
1 0.3598093725178713 0.21207865168539325 0.022239872915011914 0.03651685393258427
1 0.3880063542494043 0.21629213483146068 0.024622716441620333 0.05056179775280899
1 0.35941223193010324 0.3497191011235955 0.04209690230341541 0.08146067415730338
1 0.4249404289118348 0.19873595505617977 0.025416997617156472 0.046348314606741575
1 0.4745830023828435 0.2535112359550562 0.02938840349483717 0.054775280898876406
1 0.5790309769658459 0.30196629213483145 0.023828435266084195 0.042134831460674156