1 0.09215885947046844 0.24865350089766608 0.019348268839103868 0.04129263913824058
1 0.29633401221995925 0.2199281867145422 0.018329938900203666 0.03770197486535009
1 0.36710794297352345 0.1947935368043088 0.021384928716904276 0.04488330341113106
1 0.384928716904277 0.16786355475763015 0.018329938900203666 0.03411131059245961
1 0.40580448065173114 0.17594254937163376 0.013238289205702648 0.03590664272890485
1 0.4231160896130346 0.22800718132854578 0.0274949083503055 0.06104129263913824
1 0.42617107942973526 0.17235188509874327 0.017311608961303463 0.02872531418312388
1 0.43228105906313646 0.1490125673249551 0.015274949083503055 0.02872531418312388
1 0.46028513238289204 0.2073608617594255 0.018329938900203666 0.04129263913824058
1 0.49287169042769857 0.21903052064631956 0.024439918533604887 0.04308797127468582
1 0.4969450101832994 0.17684021543985637 0.020366598778004074 0.03770197486535009
1 0.49134419551934827 0.14991023339317774 0.013238289205702648 0.03411131059245961
1 0.4694501018329939 0.13824057450628366 0.014256619144602852 0.025134649910233394
1 0.504582484725051 0.1526032315978456 0.013238289205702648 0.025134649910233394
1 0.524949083503055 0.16606822262118492 0.019348268839103868 0.03411131059245961
1 0.5193482688391039 0.1319569120287253 0.014256619144602852 0.026929982046678635
1 0.5483706720977597 0.1400359066427289 0.013238289205702648 0.03231597845601436
1 0.564663951120163 0.18940754039497307 0.021384928716904276 0.04847396768402154
1 0.5855397148676171 0.17863554757630162 0.016293279022403257 0.03770197486535009
1 0.5824847250509165 0.12657091561938957 0.010183299389002037 0.026929982046678635
1 0.5916496945010183 0.1310592459605027 0.012219959266802444 0.02872531418312388
1 0.6206720977596741 0.17235188509874327 0.019348268839103868 0.03590664272890485
1 0.6278004073319755 0.13824057450628366 0.017311608961303463 0.02872531418312388
1 0.6120162932790224 0.11400359066427289 0.018329938900203666 0.026929982046678635
1 0.6390020366598778 0.11490125673249552 0.013238289205702648 0.03231597845601436
1 0.6593686354378818 0.1436265709156194 0.019348268839103868 0.02872531418312388
1 0.6670061099796334 0.11220825852782765 0.014256619144602852 0.03052064631956912
1 0.6929735234215886 0.1229802513464991 0.013238289205702648 0.026929982046678635
1 0.689918533604888 0.10412926391382406 0.015274949083503055 0.02872531418312388
1 0.719959266802444 0.11579892280071813 0.012219959266802444 0.026929982046678635
1 0.7413441955193483 0.13824057450628366 0.016293279022403257 0.03590664272890485
1 0.5743380855397149 0.2755834829443447 0.03054989816700611 0.059245960502693
1 0.570264765784114 0.24685816876122083 0.024439918533604887 0.03411131059245961
1 0.6267820773930753 0.20556552962298025 0.019348268839103868 0.03770197486535009
1 0.6313645621181263 0.25493716337522443 0.02240325865580448 0.05385996409335727
1 0.6766802443991853 0.2127468581687612 0.021384928716904276 0.04488330341113106
1 0.6659877800407332 0.20107719928186715 0.018329938900203666 0.03590664272890485
1 0.6914460285132383 0.19030520646319568 0.020366598778004074 0.0466786355475763
1 0.7026476578411406 0.17773788150807898 0.018329938900203666 0.03590664272890485
1 0.6848268839103869 0.2639138240574506 0.0274949083503055 0.0466786355475763
1 0.725050916496945 0.2289048473967684 0.026476578411405296 0.05206463195691203
1 0.7561099796334012 0.21095152603231598 0.021384928716904276 0.03770197486535009
1 0.7525458248472505 0.26750448833034113 0.024439918533604887 0.05385996409335727
1 0.7744399185336049 0.2594254937163375 0.023421588594704685 0.04847396768402154
1 0.8034623217922607 0.32046678635547576 0.026476578411405296 0.06283662477558348
1 0.8615071283095723 0.32944344703770195 0.028513238289205704 0.05565529622980251
1 0.925152749490835 0.36714542190305205 0.0274949083503055 0.06642728904847396
1 0.8879837067209776 0.2585278276481149 0.024439918533604887 0.05385996409335727
1 0.9378818737270875 0.30251346499102333 0.02240325865580448 0.05565529622980251
1 0.8034623217922607 0.21813285457809695 0.02240325865580448 0.05206463195691203
1 0.7505091649694501 0.17953321364452424 0.012219959266802444 0.02872531418312388
1 0.769857433808554 0.19210053859964094 0.014256619144602852 0.03590664272890485
1 0.7764765784114053 0.1436265709156194 0.015274949083503055 0.03231597845601436
1 0.790224032586558 0.1570915619389587 0.016293279022403257 0.03052064631956912
1 0.8075356415478615 0.16337522441651706 0.014256619144602852 0.03949730700179533
1 0.8065173116089613 0.1319569120287253 0.014256619144602852 0.03770197486535009
1 0.8228105906313645 0.15080789946140036 0.018329938900203666 0.03949730700179533
1 0.8309572301425662 0.13824057450628366 0.018329938900203666 0.03590664272890485
1 0.84979633401222 0.24416517055655296 0.019348268839103868 0.0466786355475763
1 0.8533604887983707 0.19748653500897667 0.020366598778004074 0.03590664272890485
1 0.8487780040733197 0.1561938958707361 0.015274949083503055 0.025134649910233394
1 0.8635437881873728 0.14991023339317774 0.016293279022403257 0.03411131059245961
1 0.8767820773930753 0.18491921005385997 0.014256619144602852 0.03590664272890485
1 0.8828920570264766 0.17145421903052063 0.014256619144602852 0.03411131059245961
1 0.9017311608961304 0.15798922800718132 0.015274949083503055 0.03949730700179533
1 0.9226069246435845 0.16427289048473967 0.016293279022403257 0.04129263913824058
1 0.9093686354378818 0.19748653500897667 0.018329938900203666 0.03949730700179533
1 0.9419551934826884 0.23429084380610413 0.018329938900203666 0.04488330341113106
1 0.9577393075356415 0.21364452423698385 0.015274949083503055 0.03949730700179533
1 0.9663951120162932 0.19120287253141832 0.012219959266802444 0.03770197486535009
1 0.9017311608961304 0.23429084380610413 0.021384928716904276 0.03411131059245961