1 0.07510964912280702 0.6221217105263158 0.03654970760233918 0.05071271929824561
1 0.13824926900584794 0.6263706140350878 0.03234649122807018 0.05701754385964912
1 0.18119517543859648 0.6169133771929824 0.030884502923976608 0.04194078947368421
1 0.2240497076023392 0.6317160087719298 0.039473684210526314 0.05290570175438596
1 0.27923976608187134 0.6343201754385965 0.03289473684210526 0.04550438596491228
1 0.3333333333333333 0.6232182017543859 0.027412280701754384 0.04851973684210526
1 0.36138523391812866 0.6200657894736842 0.031615497076023395 0.05482456140350877
1 0.39035087719298245 0.6174616228070176 0.027412280701754384 0.04303728070175439
1 0.4215095029239766 0.6089638157894737 0.03234649122807018 0.04961622807017544
1 0.5168128654970761 0.5953947368421053 0.03728070175438596 0.06633771929824561
1 0.5849780701754386 0.6270559210526315 0.03435672514619883 0.04742324561403509
1 0.5990497076023392 0.6169133771929824 0.025950292397660817 0.04632675438596491
1 0.65140716374269 0.6217105263157895 0.027960526315789474 0.051535087719298246
1 0.6970942982456141 0.610608552631579 0.02942251461988304 0.05071271929824561
1 0.735014619883041 0.6111567982456141 0.03654970760233918 0.06661184210526316
1 0.7567616959064327 0.6037554824561403 0.028143274853801168 0.05180921052631579
1 0.7807931286549707 0.6074561403508771 0.023940058479532164 0.042214912280701754
1 0.8313230994152047 0.6011513157894737 0.028143274853801168 0.05043859649122807
1 0.8918128654970761 0.5868969298245614 0.03654970760233918 0.06030701754385965
1 0.9767909356725146 0.5858004385964912 0.03508771929824561 0.049342105263157895