0 0.5173000567214975 0.32230215827338127 0.11230856494611458 0.36546762589928056
0 0.6182643221781055 0.3107913669064748 0.09869540555870675 0.3251798561151079
0 0.7589336358479863 0.21510791366906476 0.12932501418037437 0.418705035971223
0 0.868689733408962 0.22805755395683452 0.12422007941009643 0.3669064748201439
0 0.9679523539421441 0.41654676258992807 0.06409529211571185 0.3035971223021583
0 0.9920589903573455 0.3920863309352518 0.01588201928530913 0.2633093525179856
0 0.4515031196823596 0.418705035971223 0.07146908678389109 0.2762589928057554
0 0.37833238797504254 0.3460431654676259 0.09415768576290415 0.33525179856115106
0 0.2819058423142371 0.381294964028777 0.11117413499716393 0.37985611510791367
0 0.19965967101531482 0.3712230215827338 0.08054452637549632 0.28776978417266186
0 0.06693136698808849 0.31151079136690646 0.11003970504821327 0.38705035971223023
0 0.02410663641520136 0.3294964028776978 0.047078842881452074 0.3366906474820144