1 0.20165208940719145 0.4472318339100346 0.03984450923226433 0.07439446366782007
1 0.35179786200194363 0.2491349480968858 0.023323615160349854 0.03460207612456748
1 0.3843537414965986 0.2673010380622837 0.0184645286686103 0.04671280276816609
1 0.4217687074829932 0.27941176470588236 0.023323615160349854 0.039792387543252594
1 0.3576287657920311 0.2093425605536332 0.013605442176870748 0.02422145328719723
1 0.40476190476190477 0.19636678200692043 0.0184645286686103 0.025951557093425604
1 0.39310009718172984 0.12197231833910034 0.0184645286686103 0.029411764705882353
1 0.4577259475218659 0.22058823529411764 0.021379980563654033 0.039792387543252594
1 0.5 0.2370242214532872 0.03012633624878523 0.03806228373702422
1 0.5286686103012633 0.17993079584775087 0.01749271137026239 0.03460207612456748
1 0.4839650145772595 0.14273356401384082 0.01749271137026239 0.0328719723183391
1 0.5199222546161322 0.12889273356401384 0.011661807580174927 0.025951557093425604
1 0.5354713313896987 0.12629757785467127 0.009718172983479106 0.02768166089965398
1 0.5597667638483965 0.12024221453287197 0.01749271137026239 0.029411764705882353
1 0.5874635568513119 0.1254325259515571 0.014577259475218658 0.03633217993079585
1 0.640913508260447 0.1384083044982699 0.012633624878522837 0.01730103806228374
1 0.5592808551992225 0.2050173010380623 0.024295432458697766 0.03633217993079585
1 0.6064139941690962 0.19377162629757785 0.021379980563654033 0.03460207612456748
1 0.5879494655004859 0.25346020761245674 0.027210884353741496 0.039792387543252594
1 0.6535471331389698 0.25519031141868515 0.024295432458697766 0.050173010380622836
1 0.6627793974732751 0.2093425605536332 0.025267249757045675 0.03806228373702422
1 0.6822157434402333 0.19636678200692043 0.015549076773566569 0.0328719723183391
1 0.684645286686103 0.2698961937716263 0.024295432458697766 0.04152249134948097
1 0.7380952380952381 0.23356401384083045 0.01652089407191448 0.04498269896193772
1 0.7526724975704567 0.28546712802768165 0.024295432458697766 0.05190311418685121
1 0.781827016520894 0.2742214532871972 0.034013605442176874 0.05709342560553633
1 0.8425655976676385 0.31228373702422146 0.019436345966958212 0.05363321799307959
1 0.869290573372206 0.31747404844290655 0.026239067055393587 0.05363321799307959
1 0.8882410106899903 0.2820069204152249 0.027210884353741496 0.03806228373702422
1 0.9402332361516035 0.3615916955017301 0.0184645286686103 0.05536332179930796
1 0.956754130223518 0.3088235294117647 0.022351797862001945 0.04671280276816609
1 0.956754130223518 0.21972318339100347 0.014577259475218658 0.03806228373702422
1 0.913022351797862 0.21972318339100347 0.01652089407191448 0.031141868512110725
1 0.8600583090379009 0.23529411764705882 0.021379980563654033 0.04152249134948097
1 0.8683187560738581 0.19896193771626297 0.01652089407191448 0.031141868512110725
1 0.8522837706511176 0.17906574394463667 0.013605442176870748 0.0328719723183391
1 0.7560738581146744 0.1453287197231834 0.01749271137026239 0.031141868512110725