1 0.18815513626834382 0.4411214953271028 0.05345911949685535 0.10467289719626169
1 0.3390985324947589 0.21962616822429906 0.01781970649895178 0.03551401869158879
1 0.330188679245283 0.202803738317757 0.018867924528301886 0.03177570093457944
1 0.3490566037735849 0.19345794392523363 0.018867924528301886 0.03551401869158879
1 0.4082809224318658 0.20093457943925233 0.0220125786163522 0.04299065420560748
1 0.42138364779874216 0.1766355140186916 0.018867924528301886 0.03551401869158879
1 0.44654088050314467 0.19345794392523363 0.023060796645702306 0.03925233644859813
1 0.4439203354297694 0.2261682242990654 0.02620545073375262 0.037383177570093455
1 0.47641509433962265 0.2308411214953271 0.02410901467505241 0.04672897196261682
1 0.4727463312368973 0.19532710280373833 0.023060796645702306 0.04299065420560748
1 0.4392033542976939 0.14392523364485982 0.016771488469601678 0.029906542056074768
1 0.4638364779874214 0.13925233644859814 0.015723270440251572 0.028037383177570093
1 0.4638364779874214 0.15140186915887852 0.015723270440251572 0.029906542056074768
1 0.4790356394129979 0.16261682242990655 0.020964360587002098 0.029906542056074768
1 0.4921383647798742 0.1308411214953271 0.011530398322851153 0.029906542056074768
1 0.500524109014675 0.12149532710280374 0.013626834381551363 0.022429906542056073
1 0.5115303983228512 0.1542056074766355 0.020964360587002098 0.03177570093457944
1 0.5366876310272537 0.18130841121495328 0.018867924528301886 0.029906542056074768
1 0.5351153039832285 0.1560747663551402 0.01781970649895178 0.03551401869158879
1 0.5361635220125787 0.1383177570093458 0.013626834381551363 0.029906542056074768
1 0.5455974842767296 0.1280373831775701 0.013626834381551363 0.024299065420560748
1 0.5220125786163522 0.1383177570093458 0.012578616352201259 0.029906542056074768
1 0.5571278825995807 0.16261682242990655 0.013626834381551363 0.029906542056074768
1 0.5733752620545073 0.24299065420560748 0.023060796645702306 0.041121495327102804
1 0.519916142557652 0.2691588785046729 0.023060796645702306 0.056074766355140186
1 0.5524109014675053 0.28785046728971964 0.025157232704402517 0.059813084112149535
1 0.5759958071278826 0.13551401869158877 0.015723270440251572 0.03551401869158879
1 0.5864779874213837 0.11121495327102804 0.013626834381551363 0.028037383177570093
1 0.6121593291404612 0.09813084112149532 0.010482180293501049 0.024299065420560748
1 0.6163522012578616 0.11588785046728972 0.012578616352201259 0.026168224299065422
1 0.6336477987421384 0.10186915887850467 0.009433962264150943 0.024299065420560748
1 0.6582809224318659 0.10467289719626169 0.010482180293501049 0.026168224299065422
1 0.6546121593291404 0.11869158878504672 0.011530398322851153 0.028037383177570093
1 0.6561844863731656 0.13738317757009347 0.012578616352201259 0.028037383177570093
1 0.6221174004192872 0.15140186915887852 0.013626834381551363 0.03364485981308411
1 0.6268343815513627 0.1336448598130841 0.012578616352201259 0.028037383177570093
1 0.5953878406708596 0.14485981308411214 0.014675052410901468 0.028037383177570093
1 0.5864779874213837 0.16822429906542055 0.013626834381551363 0.03364485981308411
1 0.6755765199161425 0.12242990654205607 0.009433962264150943 0.020560747663551402
1 0.69916142557652 0.1233644859813084 0.012578616352201259 0.03364485981308411
1 0.7206498951781971 0.14392523364485982 0.013626834381551363 0.03364485981308411
1 0.710691823899371 0.16261682242990655 0.014675052410901468 0.037383177570093455
1 0.7028301886792453 0.19626168224299065 0.01781970649895178 0.041121495327102804
1 0.6713836477987422 0.17943925233644858 0.01781970649895178 0.044859813084112146
1 0.6687631027253669 0.21495327102803738 0.018867924528301886 0.044859813084112146
1 0.6252620545073375 0.22336448598130842 0.02410901467505241 0.04672897196261682
1 0.6242138364779874 0.28598130841121494 0.03039832285115304 0.06355140186915888
1 0.6614255765199162 0.2607476635514019 0.020964360587002098 0.04672897196261682
1 0.6865828092243187 0.32242990654205606 0.031446540880503145 0.07289719626168224
1 0.7384696016771488 0.36261682242990656 0.03039832285115304 0.07476635514018691
1 0.7258909853249476 0.2252336448598131 0.0220125786163522 0.05046728971962617
1 0.7557651991614256 0.12242990654205607 0.012578616352201259 0.03177570093457944
1 0.7531446540880503 0.14579439252336449 0.013626834381551363 0.029906542056074768
1 0.7484276729559748 0.16822429906542055 0.010482180293501049 0.029906542056074768
1 0.769916142557652 0.18317757009345795 0.015723270440251572 0.037383177570093455
1 0.7678197064989518 0.1336448598130841 0.011530398322851153 0.03177570093457944
1 0.7856394129979035 0.12897196261682242 0.013626834381551363 0.03364485981308411
1 0.7887840670859538 0.15794392523364487 0.01781970649895178 0.03551401869158879
1 0.7835429769392034 0.21214953271028036 0.0220125786163522 0.05046728971962617
1 0.8071278825995807 0.2588785046728972 0.018867924528301886 0.04299065420560748
1 0.80083857442348 0.288785046728972 0.023060796645702306 0.06542056074766354
1 0.8364779874213837 0.3532710280373832 0.029350104821802937 0.07102803738317758
1 0.8432914046121593 0.3401869158878505 0.02410901467505241 0.052336448598130844
1 0.8653039832285115 0.2850467289719626 0.0220125786163522 0.04672897196261682
1 0.8427672955974843 0.21401869158878506 0.016771488469601678 0.03925233644859813
1 0.8092243186582809 0.18317757009345795 0.014675052410901468 0.03364485981308411
1 0.8259958071278826 0.17289719626168223 0.014675052410901468 0.03177570093457944
1 0.8406708595387841 0.15233644859813084 0.014675052410901468 0.03177570093457944
1 0.8522012578616353 0.18878504672897195 0.014675052410901468 0.037383177570093455
1 0.8663522012578616 0.17570093457943925 0.015723270440251572 0.03364485981308411
1 0.8742138364779874 0.15327102803738318 0.014675052410901468 0.037383177570093455
1 0.8988469601677149 0.17943925233644858 0.011530398322851153 0.03364485981308411
1 0.9082809224318659 0.1691588785046729 0.011530398322851153 0.03177570093457944
1 0.9145702306079665 0.16822429906542055 0.011530398322851153 0.029906542056074768
1 0.8862683438155137 0.22429906542056074 0.015723270440251572 0.044859813084112146
1 0.9439203354297694 0.18317757009345795 0.011530398322851153 0.029906542056074768
1 0.9428721174004193 0.21682242990654205 0.013626834381551363 0.037383177570093455
1 0.929769392033543 0.22710280373831776 0.016771488469601678 0.04299065420560748
1 0.9261006289308176 0.24205607476635513 0.015723270440251572 0.04299065420560748
1 0.9234800838574424 0.2897196261682243 0.020964360587002098 0.048598130841121495
1 0.9156184486373166 0.3355140186915888 0.01781970649895178 0.05794392523364486