1 0.7234375 0.4014084507042254 0.034375 0.07042253521126761
1 0.60625 0.4131455399061033 0.028125 0.051643192488262914
1 0.57109375 0.392018779342723 0.0328125 0.046948356807511735
1 0.52265625 0.4154929577464789 0.0328125 0.046948356807511735
1 0.4875 0.4166666666666667 0.028125 0.04929577464788732
1 0.45234375 0.45305164319248825 0.0453125 0.07042253521126761
1 0.4375 0.3908450704225352 0.025 0.04929577464788732
1 0.33046875 0.4507042253521127 0.0578125 0.08450704225352113
1 0.34765625 0.3967136150234742 0.0390625 0.07042253521126761
1 0.29453125 0.3615023474178404 0.0265625 0.051643192488262914
1 0.265625 0.36619718309859156 0.028125 0.046948356807511735
1 0.22109375 0.44835680751173707 0.0515625 0.07981220657276995
1 0.1765625 0.4119718309859155 0.046875 0.06807511737089202
1 0.0703125 0.40023474178403756 0.046875 0.07276995305164319
1 0.01640625 0.3967136150234742 0.0296875 0.06103286384976526
1 0.2328125 0.3744131455399061 0.021875 0.03051643192488263
1 0.21953125 0.3591549295774648 0.0171875 0.03286384976525822