1 0.11901681759379043 0.689119170984456 0.11384217335058215 0.15889464594127806
1 0.13389391979301424 0.5768566493955095 0.09702457956015524 0.15198618307426598
1 0.28654592496765846 0.5578583765112263 0.0685640362225097 0.09671848013816926
1 0.3719275549805951 0.540587219343696 0.0815006468305304 0.11053540587219343
1 0.4243208279430789 0.5716753022452504 0.1034928848641656 0.1381692573402418
1 0.553686934023286 0.3955094991364421 0.0646830530401035 0.10362694300518134
1 0.5142302716688227 0.5440414507772021 0.07373868046571798 0.10362694300518134
1 0.6015523932729625 0.5708117443868739 0.08020698576972833 0.11226252158894647
1 0.6752910737386805 0.6493955094991365 0.11642949547218628 0.1381692573402418
1 0.7658473479948253 0.5846286701208981 0.07503234152652005 0.11226252158894647
1 0.8906856403622251 0.616580310880829 0.09702457956015524 0.13471502590673576
1 0.9521345407503234 0.5552677029360967 0.07761966364812418 0.10535405872193437