1 0.08029197080291971 0.47651933701657456 0.032846715328467155 0.04696132596685083
1 0.1332116788321168 0.42955801104972374 0.029197080291970802 0.052486187845303865
1 0.15145985401459855 0.47375690607734805 0.029197080291970802 0.058011049723756904
1 0.17244525547445255 0.44613259668508287 0.02737226277372263 0.052486187845303865
1 0.20894160583941607 0.48066298342541436 0.03102189781021898 0.06077348066298342
1 0.21076642335766424 0.43370165745856354 0.03102189781021898 0.055248618784530384
1 0.24726277372262773 0.4696132596685083 0.03102189781021898 0.049723756906077346
1 0.2545620437956204 0.42955801104972374 0.023722627737226276 0.04696132596685083
1 0.2983576642335766 0.4281767955801105 0.03102189781021898 0.055248618784530384
1 0.2801094890510949 0.4958563535911602 0.03102189781021898 0.052486187845303865
1 0.32116788321167883 0.48756906077348067 0.029197080291970802 0.04696132596685083
1 0.34397810218978103 0.45027624309392267 0.02737226277372263 0.049723756906077346
1 0.3677007299270073 0.4903314917127072 0.03102189781021898 0.058011049723756904
1 0.3895985401459854 0.44751381215469616 0.02737226277372263 0.06077348066298342
1 0.39963503649635035 0.4958563535911602 0.025547445255474453 0.052486187845303865
1 0.44343065693430656 0.5 0.025547445255474453 0.049723756906077346
1 0.4343065693430657 0.462707182320442 0.025547445255474453 0.052486187845303865
1 0.45894160583941607 0.45027624309392267 0.03102189781021898 0.055248618784530384
1 0.48175182481751827 0.4447513812154696 0.029197080291970802 0.049723756906077346
1 0.49452554744525545 0.48066298342541436 0.029197080291970802 0.06077348066298342
1 0.5355839416058394 0.4903314917127072 0.03102189781021898 0.052486187845303865
1 0.5282846715328468 0.4530386740331492 0.02737226277372263 0.049723756906077346
1 0.5593065693430657 0.4447513812154696 0.023722627737226276 0.049723756906077346
1 0.5684306569343066 0.4986187845303867 0.02737226277372263 0.052486187845303865
1 0.6012773722627737 0.5069060773480663 0.02737226277372263 0.052486187845303865
1 0.5885036496350365 0.4516574585635359 0.023722627737226276 0.052486187845303865
1 0.6131386861313869 0.4585635359116022 0.025547445255474453 0.049723756906077346
1 0.6386861313868614 0.4585635359116022 0.021897810218978103 0.04419889502762431
1 0.6414233576642335 0.4986187845303867 0.03102189781021898 0.04696132596685083
1 0.6788321167883211 0.5151933701657458 0.029197080291970802 0.052486187845303865
1 0.6843065693430657 0.46408839779005523 0.029197080291970802 0.04419889502762431
1 0.708941605839416 0.4958563535911602 0.020072992700729927 0.04143646408839779
1 0.7217153284671532 0.47651933701657456 0.023722627737226276 0.04143646408839779
1 0.7417883211678832 0.48480662983425415 0.02737226277372263 0.04696132596685083
1 0.7645985401459854 0.46408839779005523 0.021897810218978103 0.04419889502762431
1 0.7837591240875912 0.49171270718232046 0.02737226277372263 0.049723756906077346
1 0.8357664233576643 0.47790055248618785 0.029197080291970802 0.06077348066298342
1 0.9087591240875912 0.4861878453038674 0.032846715328467155 0.06077348066298342