1 0.9334381551362684 0.21042830540037244 0.015723270440251572 0.0446927374301676
1 0.5765199161425576 0.3258845437616387 0.04821802935010482 0.1005586592178771
1 0.5340670859538784 0.1871508379888268 0.019916142557651992 0.04655493482309125
1 0.49842767295597484 0.19180633147113593 0.019916142557651992 0.0335195530726257
1 0.49318658280922434 0.15735567970204842 0.019916142557651992 0.04283054003724395
1 0.46278825995807127 0.1303538175046555 0.01781970649895178 0.0335195530726257
1 0.4381551362683438 0.16201117318435754 0.014675052410901468 0.0297951582867784
1 0.4161425576519916 0.16201117318435754 0.014675052410901468 0.0297951582867784
1 0.3857442348008386 0.2532588454376164 0.023060796645702306 0.048417132216014895
1 0.35115303983228513 0.2737430167597765 0.03773584905660377 0.074487895716946
1 0.33962264150943394 0.22905027932960895 0.025157232704402517 0.0446927374301676
1 0.26781970649895176 0.21135940409683426 0.02410901467505241 0.04655493482309125
1 0.19234800838574423 0.25605214152700184 0.03039832285115304 0.05027932960893855