1 0.10089285714285715 0.4198966408268734 0.08392857142857142 0.12144702842377261
1 0.2125 0.13178294573643412 0.05714285714285714 0.09819121447028424
1 0.29642857142857143 0.31912144702842377 0.06428571428571428 0.10594315245478036
1 0.39553571428571427 0.3049095607235142 0.0625 0.07751937984496124
1 0.4 0.25839793281653745 0.05357142857142857 0.06718346253229975
1 0.5133928571428571 0.2467700258397933 0.048214285714285716 0.08010335917312661
1 0.4785714285714286 0.46124031007751937 0.06785714285714285 0.12661498708010335
1 0.525 0.3850129198966408 0.05714285714285714 0.10852713178294573
1 0.6214285714285714 0.3372093023255814 0.06428571428571428 0.08527131782945736
1 0.675 0.29844961240310075 0.05357142857142857 0.09560723514211886
1 0.8866071428571428 0.4896640826873385 0.0875 0.1524547803617571
1 0.9517857142857142 0.35658914728682173 0.05714285714285714 0.09819121447028424