1 0.07084785133565621 0.2724489795918367 0.020905923344947737 0.04693877551020408
1 0.42334494773519166 0.22551020408163266 0.015098722415795587 0.030612244897959183
1 0.4721254355400697 0.17346938775510204 0.017421602787456445 0.0326530612244898
1 0.4924506387921022 0.17653061224489797 0.020905923344947737 0.04285714285714286
1 0.45934959349593496 0.23775510204081632 0.017421602787456445 0.030612244897959183
1 0.5603948896631823 0.18061224489795918 0.017421602787456445 0.03877551020408163
1 0.5737514518002322 0.19489795918367347 0.018583042973286876 0.04693877551020408
1 0.6469221835075494 0.12755102040816327 0.011614401858304297 0.030612244897959183
1 0.6881533101045296 0.17959183673469387 0.017421602787456445 0.036734693877551024
1 0.6451800232288037 0.22448979591836735 0.024390243902439025 0.04081632653061224
1 0.6463414634146342 0.27346938775510204 0.019744483159117306 0.044897959183673466
1 0.6492450638792102 0.3357142857142857 0.025551684088269456 0.05510204081632653
1 0.7015098722415796 0.3051020408163265 0.020905923344947737 0.05102040816326531
1 0.6957026713124274 0.2316326530612245 0.018583042973286876 0.03877551020408163
1 0.9564459930313589 0.24591836734693878 0.019744483159117306 0.03877551020408163