1 0.06666666666666667 0.4540540540540541 0.05333333333333334 0.11351351351351352
1 0.13 0.44324324324324327 0.04 0.08108108108108109
1 0.19416666666666665 0.4540540540540541 0.051666666666666666 0.0972972972972973
1 0.27 0.4554054054054054 0.06666666666666667 0.14324324324324325
1 0.37333333333333335 0.44594594594594594 0.04 0.08648648648648649
1 0.335 0.4689189189189189 0.023333333333333334 0.062162162162162166
1 0.44666666666666666 0.4783783783783784 0.06 0.10810810810810811
1 0.5266666666666666 0.45135135135135135 0.05 0.11891891891891893
1 0.5825 0.46756756756756757 0.041666666666666664 0.11351351351351352
1 0.6591666666666667 0.4418918918918919 0.055 0.10540540540540541
1 0.7216666666666667 0.46756756756756757 0.05 0.10270270270270271
1 0.7658333333333334 0.44594594594594594 0.03833333333333333 0.07027027027027027
1 0.8008333333333333 0.4527027027027027 0.025 0.062162162162162166
1 0.8375 0.4837837837837838 0.035 0.08108108108108109
1 0.8708333333333333 0.49324324324324326 0.03166666666666667 0.062162162162162166
1 0.8833333333333333 0.45 0.023333333333333334 0.04594594594594595
1 0.9283333333333333 0.4905405405405405 0.03666666666666667 0.08378378378378379
1 0.9775 0.4756756756756757 0.035 0.05405405405405406