1 0.3957688338493292 0.19636678200692043 0.023735810113519093 0.0328719723183391
1 0.43808049535603716 0.21366782006920415 0.0196078431372549 0.03633217993079585
1 0.46904024767801855 0.23183391003460208 0.025799793601651185 0.04152249134948097
1 0.5748194014447885 0.17560553633217993 0.018575851393188854 0.03633217993079585
1 0.5877192982456141 0.19377162629757785 0.017543859649122806 0.04498269896193772
1 0.6584107327141383 0.13321799307958476 0.014447884416924664 0.031141868512110725
1 0.7048503611971104 0.17993079584775087 0.02063983488132095 0.04152249134948097
1 0.7022703818369453 0.21626297577854672 0.023735810113519093 0.04152249134948097
1 0.652734778121775 0.22837370242214533 0.023735810113519093 0.05190311418685121
1 0.653250773993808 0.27768166089965396 0.02889576883384933 0.039792387543252594
1 0.6594427244582043 0.32612456747404844 0.02889576883384933 0.05709342560553633
1 0.7218782249742002 0.2629757785467128 0.025799793601651185 0.04844290657439446
1 0.7554179566563467 0.1695501730103806 0.02476780185758514 0.05190311418685121
1 0.977296181630547 0.2422145328719723 0.02063983488132095 0.04152249134948097