1 0.08667334669338678 0.26991150442477874 0.025050100200400802 0.05486725663716814
1 0.27805611222444887 0.2247787610619469 0.01903807615230461 0.03893805309734513
1 0.29158316633266534 0.22300884955752212 0.01603206412825651 0.03185840707964602
1 0.3281563126252505 0.21858407079646017 0.01903807615230461 0.03716814159292035
1 0.34919839679358716 0.22300884955752212 0.01903807615230461 0.03185840707964602
1 0.3787575150300601 0.23008849557522124 0.02004008016032064 0.03893805309734513
1 0.4123246492985972 0.2327433628318584 0.01903807615230461 0.033628318584070796
1 0.4504008016032064 0.24690265486725663 0.021042084168336674 0.03716814159292035
1 0.4619238476953908 0.2097345132743363 0.02004008016032064 0.04070796460176991
1 0.42935871743486975 0.20088495575221238 0.01903807615230461 0.033628318584070796
1 0.3927855711422846 0.20442477876106194 0.018036072144288578 0.03716814159292035
1 0.37625250501002006 0.19823008849557522 0.017034068136272545 0.02831858407079646
1 0.35671342685370744 0.19469026548672566 0.01603206412825651 0.02831858407079646
1 0.3456913827655311 0.1743362831858407 0.01603206412825651 0.033628318584070796
1 0.40480961923847697 0.16902654867256636 0.01603206412825651 0.033628318584070796
1 0.4278557114228457 0.15663716814159293 0.014028056112224449 0.03008849557522124
1 0.45090180360721444 0.18672566371681415 0.014028056112224449 0.03008849557522124
1 0.44639278557114226 0.1584070796460177 0.013026052104208416 0.02654867256637168
1 0.4909819639278557 0.14778761061946902 0.014028056112224449 0.03008849557522124
1 0.5020040080160321 0.1504424778761062 0.014028056112224449 0.02831858407079646
1 0.5080160320641283 0.184070796460177 0.02004008016032064 0.03185840707964602
1 0.5285571142284569 0.17345132743362832 0.01903807615230461 0.03185840707964602
1 0.564128256513026 0.18141592920353983 0.018036072144288578 0.033628318584070796
1 0.5741482965931863 0.15752212389380532 0.01603206412825651 0.035398230088495575
1 0.5806613226452906 0.13716814159292035 0.01503006012024048 0.03008849557522124
1 0.6137274549098196 0.1592920353982301 0.017034068136272545 0.03185840707964602
1 0.5085170340681363 0.12389380530973451 0.01503006012024048 0.024778761061946902
1 0.532565130260521 0.12920353982300886 0.013026052104208416 0.024778761061946902
1 0.5430861723446894 0.15575221238938053 0.01603206412825651 0.03185840707964602
1 0.5591182364729459 0.13185840707964602 0.012024048096192385 0.02654867256637168
1 0.5546092184368737 0.12123893805309735 0.01503006012024048 0.03008849557522124
1 0.6027054108216433 0.07168141592920355 0.017034068136272545 0.03008849557522124
1 0.5996993987975952 0.13185840707964602 0.01503006012024048 0.02654867256637168
1 0.6317635270541082 0.13097345132743363 0.013026052104208416 0.03185840707964602
1 0.6472945891783567 0.1504424778761062 0.014028056112224449 0.03185840707964602
1 0.6633266533066132 0.13893805309734514 0.01603206412825651 0.02654867256637168
1 0.6467935871743486 0.11415929203539824 0.013026052104208416 0.02654867256637168
1 0.62625250501002 0.09557522123893805 0.018036072144288578 0.021238938053097345
1 0.6212424849699398 0.12123893805309735 0.012024048096192385 0.03008849557522124
1 0.6668336673346693 0.10353982300884956 0.011022044088176353 0.03008849557522124
1 0.6718436873747495 0.11858407079646018 0.013026052104208416 0.021238938053097345
1 0.6898797595190381 0.12743362831858407 0.013026052104208416 0.03185840707964602
1 0.6958917835671342 0.1079646017699115 0.013026052104208416 0.021238938053097345
1 0.7159318637274549 0.11061946902654868 0.01503006012024048 0.03008849557522124
1 0.6012024048096193 0.22300884955752212 0.026052104208416832 0.049557522123893805
1 0.6332665330661322 0.20619469026548673 0.022044088176352707 0.047787610619469026
1 0.6472945891783567 0.24778761061946902 0.028056112224448898 0.05663716814159292
1 0.6908817635270541 0.2247787610619469 0.023046092184368736 0.04247787610619469
1 0.6763527054108216 0.17699115044247787 0.01603206412825651 0.035398230088495575
1 0.7004008016032064 0.2557522123893805 0.026052104208416832 0.047787610619469026
1 0.7059118236472945 0.3123893805309734 0.03507014028056112 0.07256637168141593
1 0.7575150300601202 0.38495575221238937 0.03206412825651302 0.07256637168141593
1 0.8041082164328658 0.2929203539823009 0.027054108216432865 0.05486725663716814
1 0.8331663326653307 0.2628318584070796 0.027054108216432865 0.05486725663716814
1 0.9228456913827655 0.3513274336283186 0.036072144288577156 0.07610619469026549
1 0.7449899799599199 0.23539823008849559 0.021042084168336674 0.04601769911504425
1 0.7254509018036072 0.18053097345132743 0.018036072144288578 0.035398230088495575
1 0.7094188376753507 0.1752212389380531 0.01603206412825651 0.03185840707964602
1 0.7454909819639278 0.16460176991150444 0.01603206412825651 0.03185840707964602
1 0.7434869739478958 0.1424778761061947 0.014028056112224449 0.02654867256637168
1 0.7700400801603207 0.13097345132743363 0.013026052104208416 0.035398230088495575
1 0.7650300601202404 0.1920353982300885 0.01903807615230461 0.03716814159292035
1 0.7750501002004008 0.2415929203539823 0.021042084168336674 0.047787610619469026
1 0.8101202404809619 0.2079646017699115 0.017034068136272545 0.03716814159292035
1 0.8537074148296593 0.2247787610619469 0.02004008016032064 0.04601769911504425
1 0.8657314629258517 0.22212389380530972 0.01603206412825651 0.033628318584070796
1 0.8937875751503006 0.23539823008849559 0.022044088176352707 0.04247787610619469
1 0.9348697394789579 0.2592920353982301 0.022044088176352707 0.05132743362831858
1 0.9488977955911824 0.2088495575221239 0.014028056112224449 0.03185840707964602
1 0.9564128256513026 0.22212389380530972 0.017034068136272545 0.04070796460176991
1 0.9659318637274549 0.19469026548672566 0.012024048096192385 0.035398230088495575
1 0.905811623246493 0.2079646017699115 0.014028056112224449 0.03716814159292035
1 0.9123246492985972 0.18141592920353983 0.017034068136272545 0.03008849557522124
1 0.9193386773547094 0.1752212389380531 0.013026052104208416 0.03185840707964602
1 0.9253507014028056 0.15221238938053097 0.013026052104208416 0.035398230088495575
1 0.8812625250501002 0.184070796460177 0.01903807615230461 0.03893805309734513
1 0.8872745490981964 0.1592920353982301 0.01503006012024048 0.02831858407079646
1 0.842685370741483 0.17168141592920355 0.014028056112224449 0.03185840707964602
1 0.8301603206412825 0.20265486725663717 0.017034068136272545 0.03716814159292035
1 0.8076152304609219 0.16902654867256636 0.014028056112224449 0.02654867256637168
1 0.7965931863727455 0.14690265486725665 0.014028056112224449 0.02831858407079646
1 0.7840681362725451 0.1407079646017699 0.01503006012024048 0.03008849557522124
1 0.7900801603206413 0.12300884955752213 0.013026052104208416 0.02654867256637168
1 0.8091182364729459 0.13008849557522123 0.01503006012024048 0.033628318584070796
1 0.8451903807615231 0.13097345132743363 0.011022044088176353 0.02831858407079646
1 0.8672344689378757 0.1504424778761062 0.013026052104208416 0.03185840707964602
1 0.8512024048096193 0.16017699115044248 0.01503006012024048 0.02654867256637168