1 0.2934027777777778 0.7077546296296297 0.17554012345679013 0.27199074074074076
1 0.30343364197530864 0.5005787037037037 0.11458333333333333 0.16782407407407407
1 0.19598765432098766 0.4479166666666667 0.10493827160493827 0.19212962962962962
1 0.16049382716049382 0.3038194444444444 0.07484567901234568 0.12268518518518519
1 0.09239969135802469 0.3052662037037037 0.05594135802469136 0.109375
1 0.4525462962962963 0.3854166666666667 0.09027777777777778 0.1597222222222222
1 0.5025077160493827 0.5509259259259259 0.13078703703703703 0.2326388888888889
1 0.49710648148148145 0.3098958333333333 0.08526234567901235 0.13136574074074073
1 0.7010030864197531 0.27633101851851855 0.06635802469135803 0.11979166666666667
1 0.7588734567901234 0.31741898148148145 0.09259259259259259 0.14872685185185186
1 0.7829861111111112 0.4308449074074074 0.10609567901234568 0.17418981481481483
1 0.6994598765432098 0.8544560185185185 0.18055555555555555 0.2760416666666667
1 0.9469521604938271 0.4693287037037037 0.10609567901234568 0.22106481481481483
1 0.8346836419753086 0.27025462962962965 0.07445987654320987 0.1261574074074074