1 0.11794500723589002 0.2880658436213992 0.11432706222865413 0.19753086419753085
1 0.26049204052098407 0.16152263374485595 0.08972503617945007 0.1419753086419753
1 0.41389290882778584 0.19032921810699588 0.08104196816208394 0.1337448559670782
1 0.4804630969609262 0.06481481481481481 0.0694645441389291 0.10493827160493827
1 0.6360347322720694 0.0874485596707819 0.07380607814761216 0.11316872427983539
1 0.10130246020260492 0.0257201646090535 0.049204052098408106 0.047325102880658436
1 0.19681620839363242 0.040123456790123455 0.060781476121562955 0.07613168724279835
1 0.6743849493487699 0.43724279835390945 0.20839363241678727 0.2777777777777778
1 0.7959479015918958 0.029835390946502057 0.05788712011577424 0.05555555555555555
1 0.8871201157742402 0.037037037037037035 0.05209840810419682 0.06995884773662552
1 0.959479015918958 0.22633744855967078 0.08104196816208394 0.18518518518518517