1 0.03602941176470588 0.5202380952380953 0.0661764705882353 0.2119047619047619
1 0.022058823529411766 0.3738095238095238 0.041176470588235294 0.10952380952380952
1 0.14705882352941177 0.3488095238095238 0.052941176470588235 0.10238095238095238
1 0.18823529411764706 0.3821428571428571 0.06764705882352941 0.1261904761904762
1 0.28308823529411764 0.3357142857142857 0.060294117647058824 0.11904761904761904
1 0.34558823529411764 0.38333333333333336 0.07058823529411765 0.11904761904761904
1 0.4227941176470588 0.3202380952380952 0.060294117647058824 0.10238095238095238
1 0.5022058823529412 0.375 0.06911764705882353 0.1261904761904762
1 0.5455882352941176 0.32142857142857145 0.058823529411764705 0.10476190476190476
1 0.3352941176470588 0.638095238095238 0.17647058823529413 0.26666666666666666
1 0.6610294117647059 0.3595238095238095 0.057352941176470586 0.14285714285714285
1 0.7242647058823529 0.46190476190476193 0.09852941176470588 0.20476190476190476
1 0.8102941176470588 0.3392857142857143 0.058823529411764705 0.12142857142857143
1 0.7727941176470589 0.2916666666666667 0.04264705882352941 0.09761904761904762
1 0.9352941176470588 0.37142857142857144 0.07352941176470588 0.13333333333333333
1 0.9691176470588235 0.41904761904761906 0.061764705882352944 0.16666666666666666
1 0.8058823529411765 0.8666666666666667 0.2323529411764706 0.2619047619047619