1 0.1986111111111111 0.524074074074074 0.08611111111111111 0.11481481481481481
1 0.25972222222222224 0.5537037037037037 0.075 0.13703703703703704
1 0.34305555555555556 0.575925925925926 0.1361111111111111 0.24814814814814815
1 0.48333333333333334 0.512962962962963 0.09444444444444444 0.15925925925925927
1 0.5444444444444444 0.48148148148148145 0.06111111111111111 0.1259259259259259
1 0.39444444444444443 0.48518518518518516 0.05 0.0962962962962963
1 0.4152777777777778 0.4648148148148148 0.041666666666666664 0.08518518518518518
1 0.6388888888888888 0.4981481481481482 0.07777777777777778 0.13703703703703704
1 0.7069444444444445 0.5740740740740741 0.11944444444444445 0.21481481481481482
1 0.8041666666666667 0.5351851851851852 0.08611111111111111 0.13703703703703704
1 0.7777777777777778 0.4703703703703704 0.06111111111111111 0.0962962962962963
1 0.7236111111111111 0.46111111111111114 0.058333333333333334 0.09259259259259259
1 0.8833333333333333 0.4722222222222222 0.06111111111111111 0.1
1 0.9388888888888889 0.5203703703703704 0.1111111111111111 0.1962962962962963