1 0.0765143464399575 0.2747148288973384 0.023379383634431455 0.051330798479087454
1 0.27683315621679067 0.21958174904942965 0.015940488841657812 0.03612167300380228
1 0.310308182784272 0.21863117870722434 0.01700318809776833 0.034220532319391636
1 0.32678002125398514 0.1806083650190114 0.015940488841657812 0.03802281368821293
1 0.3294367693942614 0.2224334600760456 0.01700318809776833 0.034220532319391636
1 0.34962805526036134 0.19106463878326996 0.01700318809776833 0.028517110266159697
1 0.3480340063761955 0.2224334600760456 0.018065887353878853 0.03802281368821293
1 0.37194473963868224 0.1920152091254753 0.01487778958554729 0.030418250950570342
1 0.3698193411264612 0.23479087452471484 0.019128586609989374 0.039923954372623575
1 0.37778958554729014 0.1644486692015209 0.01381509032943677 0.024714828897338403
1 0.39213602550478216 0.19486692015209126 0.01700318809776833 0.03612167300380228
1 0.3985122210414453 0.1644486692015209 0.01487778958554729 0.039923954372623575
1 0.42029755579171096 0.15019011406844107 0.01381509032943677 0.026615969581749048
1 0.43889479277364507 0.15874524714828897 0.012752391073326248 0.028517110266159697
1 0.4165781083953241 0.19296577946768062 0.01700318809776833 0.03231939163498099
1 0.40170031880977686 0.23193916349809887 0.019128586609989374 0.04182509505703422
1 0.4383634431455898 0.24524714828897337 0.020191285866099893 0.04182509505703422
1 0.4436769394261424 0.18916349809885932 0.015940488841657812 0.03231939163498099
1 0.45642933049946866 0.20247148288973385 0.018065887353878853 0.043726235741444866
1 0.47874601487778956 0.14543726235741444 0.011689691817215728 0.03231939163498099
1 0.48459086078639746 0.13212927756653992 0.012752391073326248 0.024714828897338403
1 0.4904357066950053 0.1520912547528517 0.011689691817215728 0.030418250950570342
1 0.49787460148777896 0.12547528517110265 0.011689691817215728 0.030418250950570342
1 0.5058448459086079 0.1444866920152091 0.01487778958554729 0.034220532319391636
1 0.4973432518597237 0.1758555133079848 0.01487778958554729 0.03612167300380228
1 0.5217853347502657 0.17110266159695817 0.01487778958554729 0.030418250950570342
1 0.5170031880977684 0.12737642585551331 0.01381509032943677 0.022813688212927757
1 0.5334750265674814 0.1520912547528517 0.01487778958554729 0.030418250950570342
1 0.546758767268863 0.1150190114068441 0.01381509032943677 0.028517110266159697
1 0.546758767268863 0.1311787072243346 0.01381509032943677 0.030418250950570342
1 0.5600425079702445 0.1520912547528517 0.01700318809776833 0.030418250950570342
1 0.5547290116896918 0.18250950570342206 0.01700318809776833 0.03802281368821293
1 0.5706695005313497 0.13307984790874525 0.01487778958554729 0.030418250950570342
1 0.5924548352816154 0.1473384030418251 0.01381509032943677 0.028517110266159697
1 0.6014877789585548 0.15494296577946767 0.012752391073326248 0.03231939163498099
1 0.5882040382571733 0.13212927756653992 0.015940488841657812 0.024714828897338403
1 0.6014877789585548 0.11787072243346007 0.008501594048884165 0.022813688212927757
1 0.6094580233793836 0.12167300380228137 0.01381509032943677 0.034220532319391636
1 0.6195536663124336 0.12547528517110265 0.012752391073326248 0.030418250950570342
1 0.6360255047821467 0.11216730038022814 0.011689691817215728 0.026615969581749048
1 0.6524973432518597 0.10456273764258556 0.008501594048884165 0.022813688212927757
1 0.6609989373007439 0.11596958174904944 0.012752391073326248 0.030418250950570342
1 0.6801275239107333 0.10551330798479087 0.012752391073326248 0.028517110266159697
1 0.701912858660999 0.10741444866920152 0.01381509032943677 0.028517110266159697
1 0.6764080765143464 0.12927756653992395 0.01381509032943677 0.030418250950570342
1 0.6376195536663124 0.15019011406844107 0.01487778958554729 0.030418250950570342
1 0.7561105207226355 0.12927756653992395 0.01381509032943677 0.034220532319391636
1 0.777364505844846 0.12452471482889733 0.011689691817215728 0.017110266159695818
1 0.7832093517534537 0.13688212927756654 0.012752391073326248 0.022813688212927757
1 0.7996811902231669 0.13307984790874525 0.01381509032943677 0.022813688212927757
1 0.8198724760892667 0.14163498098859315 0.011689691817215728 0.028517110266159697
1 0.8352816153028693 0.15304182509505704 0.01487778958554729 0.028517110266159697
1 0.8501594048884166 0.14923954372623574 0.010626992561105207 0.024714828897338403
1 0.8698193411264612 0.16254752851711027 0.01381509032943677 0.03612167300380228
1 0.9064824654622742 0.1444866920152091 0.012752391073326248 0.034220532319391636
1 0.9420828905419766 0.18536121673003803 0.01381509032943677 0.024714828897338403
1 0.9431455897980872 0.23669201520912547 0.015940488841657812 0.03612167300380228
1 0.9187035069075452 0.25570342205323193 0.018065887353878853 0.039923954372623575
1 0.9096705632306057 0.314638783269962 0.025504782146652496 0.06273764258555133
1 0.8836344314558979 0.2262357414448669 0.018065887353878853 0.045627376425855515
1 0.8942614240170031 0.20152091254752852 0.015940488841657812 0.04182509505703422
1 0.8262486716259299 0.17015209125475286 0.01381509032943677 0.03612167300380228
1 0.7906482465462275 0.1634980988593156 0.012752391073326248 0.026615969581749048
1 0.7300743889479278 0.14258555133079848 0.01487778958554729 0.030418250950570342
1 0.732731137088204 0.1682509505703422 0.015940488841657812 0.03612167300380228
1 0.7136025504782146 0.1844106463878327 0.015940488841657812 0.04182509505703422
1 0.6609989373007439 0.1796577946768061 0.01487778958554729 0.03612167300380228
1 0.6184909670563231 0.20247148288973385 0.019128586609989374 0.043726235741444866
1 0.5882040382571733 0.2252851711026616 0.018065887353878853 0.039923954372623575
1 0.6365568544102019 0.24904942965779467 0.02763018065887354 0.049429657794676805
1 0.6780021253985122 0.21958174904942965 0.01700318809776833 0.039923954372623575
1 0.6865037194473964 0.25570342205323193 0.021253985122210415 0.04752851711026616
1 0.691817215727949 0.30988593155893535 0.031880977683315624 0.06463878326996197
1 0.7449521785334751 0.3811787072243346 0.031880977683315624 0.06273764258555133
1 0.7901168969181721 0.2889733840304182 0.022316684378320937 0.057034220532319393
1 0.7667375132837407 0.2414448669201521 0.020191285866099893 0.049429657794676805
1 0.7295430393198725 0.23193916349809887 0.020191285866099893 0.045627376425855515
1 0.7507970244420828 0.19296577946768062 0.015940488841657812 0.03612167300380228
1 0.7948990435706695 0.2005703422053232 0.019128586609989374 0.03612167300380228
1 0.8172157279489904 0.19866920152091255 0.01700318809776833 0.028517110266159697
1 0.8368756641870351 0.21387832699619772 0.018065887353878853 0.039923954372623575
1 0.8506907545164718 0.21197718631178708 0.01381509032943677 0.03231939163498099
1 0.8629117959617428 0.17870722433460076 0.01487778958554729 0.03802281368821293
1 0.8241232731137088 0.25950570342205326 0.022316684378320937 0.051330798479087454