1 0.055625 0.8370998116760828 0.08375 0.12617702448210924
1 0.05375 0.9256120527306968 0.0875 0.1111111111111111
1 0.13125 0.844632768361582 0.0825 0.12994350282485875
1 0.19375 0.7947269303201506 0.085 0.11299435028248588
1 0.336875 0.928436911487759 0.11375 0.13559322033898305
1 0.40125 0.9124293785310734 0.065 0.11487758945386065
1 0.393125 0.8192090395480226 0.08375 0.128060263653484
1 0.43875 0.7994350282485876 0.0675 0.11487758945386065
1 0.684375 0.5677966101694916 0.07875 0.1374764595103578
1 0.873125 0.812617702448211 0.07625 0.10734463276836158
1 0.83125 0.7721280602636534 0.0625 0.09792843691148775
1 0.945 0.8738229755178908 0.0825 0.1393596986817326
1 0.96375 0.9058380414312618 0.0725 0.15065913370998116