1 0.2612163509471585 0.3761140819964349 0.04386839481555334 0.09982174688057041
1 0.2831505483549352 0.22727272727272727 0.01794616151545364 0.040998217468805706
1 0.3090727816550349 0.23440285204991088 0.019940179461615155 0.040998217468805706
1 0.31256231306081755 0.2192513368983957 0.018943170488534396 0.03208556149732621
1 0.3604187437686939 0.26559714795008915 0.024925224327018942 0.0427807486631016
1 0.3673978065802592 0.22549019607843138 0.020937188434695914 0.040998217468805706
1 0.37038883349950147 0.18627450980392157 0.018943170488534396 0.0374331550802139
1 0.40279162512462613 0.22727272727272727 0.019940179461615155 0.040998217468805706
1 0.4137587238285145 0.21212121212121213 0.015952143569292122 0.03208556149732621
1 0.4122632103688933 0.2549019607843137 0.024925224327018942 0.04634581105169341
1 0.4666001994017946 0.2103386809269162 0.019940179461615155 0.04634581105169341
1 0.47507477567298106 0.18983957219251338 0.018943170488534396 0.0374331550802139
1 0.4611166500498505 0.1568627450980392 0.014955134596211365 0.035650623885918005
1 0.46011964107676967 0.1443850267379679 0.01694915254237288 0.024955436720142603
1 0.42273180458624127 0.15508021390374332 0.01794616151545364 0.0285204991087344
1 0.4790628115653041 0.1319073083778966 0.010967098703888335 0.0285204991087344
1 0.4900299102691924 0.1354723707664884 0.014955134596211365 0.024955436720142603
1 0.4935194416749751 0.1622103386809269 0.015952143569292122 0.03208556149732621
1 0.522432701894317 0.16666666666666666 0.01794616151545364 0.040998217468805706
1 0.5024925224327019 0.12566844919786097 0.013958125623130608 0.030303030303030304
1 0.5179461615154536 0.13368983957219252 0.01296111665004985 0.0285204991087344
1 0.5304087736789631 0.13636363636363635 0.013958125623130608 0.026737967914438502
1 0.5538384845463609 0.13458110516934046 0.010967098703888335 0.026737967914438502
1 0.5643070787637089 0.1800356506238859 0.023928215353938187 0.049910873440285206
1 0.5787637088733799 0.13992869875222816 0.018943170488534396 0.0338680926916221
1 0.5877367896311066 0.12121212121212122 0.014955134596211365 0.0213903743315508
1 0.6011964107676969 0.1497326203208556 0.019940179461615155 0.035650623885918005
1 0.6365902293120638 0.1568627450980392 0.01694915254237288 0.0285204991087344
1 0.6321036889332003 0.13279857397504458 0.01794616151545364 0.030303030303030304
1 0.6176470588235294 0.11229946524064172 0.010967098703888335 0.03208556149732621
1 0.6041874376869392 0.06951871657754011 0.013958125623130608 0.0285204991087344
1 0.6390827517447657 0.06149732620320856 0.013958125623130608 0.026737967914438502
1 0.6669990029910269 0.06417112299465241 0.011964107676969093 0.0285204991087344
1 0.6814556331006979 0.06060606060606061 0.010967098703888335 0.03208556149732621
1 0.6480558325024925 0.12032085561497326 0.013958125623130608 0.030303030303030304
1 0.594715852442672 0.21568627450980393 0.024925224327018942 0.04634581105169341
1 0.6211365902293121 0.2647058823529412 0.027916251246261216 0.0481283422459893
1 0.6256231306081754 0.20766488413547238 0.024925224327018942 0.0481283422459893
1 0.6679960119641076 0.22905525846702318 0.02193419740777667 0.05169340463458111
1 0.7008973080757727 0.1746880570409982 0.01794616151545364 0.0392156862745098
1 0.7193419740777667 0.1800356506238859 0.022931206380857428 0.049910873440285206
1 0.7392821535393819 0.17379679144385027 0.01694915254237288 0.0481283422459893
1 0.732801595214357 0.14171122994652408 0.013958125623130608 0.026737967914438502
1 0.7427716849451645 0.23351158645276293 0.023928215353938187 0.049910873440285206
1 0.7686939182452642 0.23885918003565063 0.0259222333000997 0.049910873440285206
1 0.7781655034895314 0.3092691622103387 0.028913260219341975 0.0659536541889483
1 0.9147557328015952 0.3324420677361854 0.024925224327018942 0.058823529411764705
1 0.7991026919242273 0.2014260249554367 0.020937188434695914 0.04634581105169341
1 0.7652043868394816 0.19073083778966132 0.01694915254237288 0.04634581105169341
1 0.7517447657028913 0.12299465240641712 0.015952143569292122 0.03208556149732621
1 0.7676969092721835 0.11942959001782531 0.015952143569292122 0.03208556149732621
1 0.784147557328016 0.13458110516934046 0.01694915254237288 0.040998217468805706
1 0.7936191425722832 0.16042780748663102 0.013958125623130608 0.03208556149732621
1 0.8070787637088733 0.12834224598930483 0.014955134596211365 0.035650623885918005
1 0.8235294117647058 0.13368983957219252 0.013958125623130608 0.03208556149732621
1 0.82901296111665 0.17647058823529413 0.020937188434695914 0.0392156862745098
1 0.8424725822532403 0.14527629233511585 0.013958125623130608 0.0338680926916221
1 0.8544366899302094 0.13992869875222816 0.011964107676969093 0.0338680926916221
1 0.8673978065802592 0.17023172905525846 0.015952143569292122 0.040998217468805706
1 0.8574277168494516 0.20855614973262032 0.01794616151545364 0.04634581105169341
1 0.8439680957128615 0.23172905525846701 0.01694915254237288 0.0570409982174688
1 0.8883349950149552 0.23351158645276293 0.019940179461615155 0.0427807486631016
1 0.8963110667996012 0.20677361853832443 0.013958125623130608 0.0392156862745098
1 0.8808574277168495 0.16131907308377896 0.01296111665004985 0.0374331550802139
1 0.901296111665005 0.1746880570409982 0.013958125623130608 0.035650623885918005
1 0.9112662013958126 0.1800356506238859 0.013958125623130608 0.035650623885918005
1 0.9187437686939183 0.15240641711229946 0.014955134596211365 0.0374331550802139
1 0.9332003988035892 0.20231729055258468 0.01794616151545364 0.0374331550802139
1 0.9401794616151545 0.17379679144385027 0.011964107676969093 0.030303030303030304
1 0.923728813559322 0.25668449197860965 0.022931206380857428 0.049910873440285206
1 0.9202392821535393 0.20677361853832443 0.01794616151545364 0.0427807486631016