1 0.1615523465703971 0.32269503546099293 0.03790613718411552 0.09219858156028368
1 0.2644404332129964 0.3776595744680851 0.05595667870036101 0.11702127659574468
1 0.2527075812274368 0.2765957446808511 0.032490974729241874 0.06382978723404255
1 0.37815884476534295 0.3829787234042553 0.05595667870036101 0.14893617021276595
1 0.36732851985559567 0.28191489361702127 0.02707581227436823 0.05319148936170213
1 0.4052346570397112 0.18262411347517732 0.023465703971119134 0.06028368794326241
1 0.48014440433212996 0.2783687943262411 0.032490974729241874 0.08156028368794327
1 0.5288808664259927 0.36347517730496454 0.05054151624548736 0.12411347517730496
1 0.5270758122743683 0.2801418439716312 0.02527075812274368 0.06382978723404255
1 0.5090252707581228 0.2393617021276596 0.018050541516245487 0.05319148936170213
1 0.5694945848375451 0.2695035460992908 0.02707581227436823 0.05673758865248227
1 0.7175090252707581 0.3421985815602837 0.052346570397111915 0.1099290780141844
1 0.7093862815884476 0.25886524822695034 0.02888086642599278 0.05673758865248227
1 0.7527075812274369 0.2907801418439716 0.036101083032490974 0.07801418439716312
1 0.9196750902527075 0.3599290780141844 0.052346570397111915 0.13829787234042554
1 0.9196750902527075 0.2872340425531915 0.04512635379061372 0.0851063829787234
1 0.9810469314079422 0.4078014184397163 0.03790613718411552 0.1702127659574468