1 0.36810431293881646 0.1368330464716007 0.020060180541624874 0.029259896729776247
1 0.4282848545636911 0.1549053356282272 0.014042126379137413 0.024096385542168676
1 0.4012036108324975 0.26161790017211706 0.01805416248746239 0.04130808950086059
1 0.36258776328986964 0.22030981067125646 0.015045135406218655 0.03098106712564544
1 0.4744232698094283 0.21600688468158347 0.020060180541624874 0.043029259896729774
1 0.5807422266800402 0.12220309810671257 0.014042126379137413 0.027538726333907058
1 0.6023069207622869 0.1153184165232358 0.015045135406218655 0.024096385542168676
1 0.6288866599799399 0.25559380378657487 0.020060180541624874 0.04991394148020654
1 0.49949849548645936 0.3080895008605852 0.026078234704112337 0.04475043029259897
1 0.5496489468405216 0.32013769363166955 0.028084252758274825 0.04819277108433735
1 0.7006018054162487 0.31755593803786575 0.03510531594784353 0.060240963855421686
1 0.695085255767302 0.18158347676419967 0.028084252758274825 0.05335628227194492
1 0.7031093279839519 0.06196213425129088 0.0160481444332999 0.03098106712564544
1 0.7567703109327983 0.11187607573149742 0.029087261785356068 0.04475043029259897
1 0.7923771313941825 0.2633390705679862 0.028084252758274825 0.058519793459552494
1 0.8550651955867603 0.29259896729776247 0.031093279839518557 0.06196213425129088
1 0.9272818455366099 0.3003442340791738 0.02708124373119358 0.060240963855421686
1 0.9287863590772317 0.14199655765920827 0.0160481444332999 0.025817555938037865
1 0.9558676028084253 0.15060240963855423 0.012036108324974924 0.03270223752151463