1 0.1925 0.39 0.08833333333333333 0.18
1 0.31416666666666665 0.37875 0.06166666666666667 0.1025
1 0.37583333333333335 0.365 0.045 0.095
1 0.4066666666666667 0.34875 0.03 0.0675
1 0.43666666666666665 0.375 0.03333333333333333 0.065
1 0.435 0.3375 0.03 0.05
1 0.4975 0.31625 0.028333333333333332 0.0375
1 0.5191666666666667 0.33375 0.028333333333333332 0.0525
1 0.5675 0.3275 0.025 0.045
1 0.5816666666666667 0.3375 0.02 0.035
1 0.6275 0.34625 0.028333333333333332 0.0475
1 0.66 0.3225 0.043333333333333335 0.065
1 0.6725 0.36625 0.041666666666666664 0.0775
1 0.7291666666666666 0.39875 0.06166666666666667 0.1275
1 0.6908333333333333 0.335 0.025 0.045
1 0.7216666666666667 0.30875 0.02 0.0475
1 0.7483333333333333 0.35 0.02666666666666667 0.05
1 0.8108333333333333 0.48875 0.085 0.1625
1 0.8275 0.34125 0.03166666666666667 0.0575
1 0.8708333333333333 0.36625 0.03166666666666667 0.0625
1 0.8983333333333333 0.34625 0.023333333333333334 0.0525
1 0.9416666666666667 0.365 0.03666666666666667 0.07
1 0.9591666666666666 0.3225 0.025 0.045