1 0.05902383654937571 0.41417165668662675 0.03859250851305335 0.08582834331337326
1 0.10329171396140749 0.40718562874251496 0.03859250851305335 0.08782435129740519
1 0.23098751418842225 0.33033932135728544 0.026106696935300794 0.05389221556886228
1 0.3178206583427923 0.21057884231536927 0.018161180476730987 0.029940119760479042
1 0.33427922814982974 0.218562874251497 0.019296254256526674 0.033932135728542916
1 0.3496027241770715 0.22055888223552894 0.02043132803632236 0.041916167664670656
1 0.3813847900113507 0.1966067864271457 0.015891032917139614 0.02594810379241517
1 0.43246311010215666 0.20958083832335328 0.022701475595913734 0.03992015968063872
1 0.5573212258796821 0.1437125748502994 0.022701475595913734 0.03992015968063872
1 0.6010215664018161 0.06786427145708583 0.012485811577752554 0.023952095808383235
1 0.7048808172531215 0.07285429141716566 0.011350737797956867 0.029940119760479042
1 0.6509648127128264 0.13572854291417166 0.0170261066969353 0.031936127744510975
1 0.6390465380249716 0.15269461077844312 0.02043132803632236 0.029940119760479042
1 0.6186152099886493 0.19261477045908185 0.015891032917139614 0.033932135728542916
1 0.6997729852440409 0.18263473053892215 0.014755959137343927 0.033932135728542916
1 0.677639046538025 0.25149700598802394 0.018161180476730987 0.03592814371257485
1 0.5936435868331441 0.2844311377245509 0.029511918274687854 0.04590818363273453
1 0.5261066969353008 0.29141716566866266 0.026106696935300794 0.05189620758483034
1 0.5085130533484676 0.2714570858283433 0.024971623155505107 0.04790419161676647