1 0.05807743658210948 0.3027027027027027 0.017356475300400534 0.043243243243243246
1 0.035380507343124167 0.4527027027027027 0.028037383177570093 0.07837837837837838
1 0.18090787716955942 0.37432432432432433 0.0814419225634179 0.1864864864864865
1 0.3684913217623498 0.27297297297297296 0.0801068090787717 0.22702702702702704
1 0.25500667556742324 0.42027027027027025 0.0267022696929239 0.05675675675675676
1 0.2590120160213618 0.5013513513513513 0.03204272363150868 0.07837837837837838
1 0.5360480640854473 0.30675675675675673 0.06542056074766354 0.17027027027027028
1 0.6288384512683578 0.33918918918918917 0.042723631508678236 0.10540540540540541
1 0.6548731642189586 0.38513513513513514 0.05473965287049399 0.13243243243243244
1 0.7336448598130841 0.37567567567567567 0.05473965287049399 0.15675675675675677
1 0.8044058744993324 0.46621621621621623 0.04672897196261682 0.11081081081081082
1 0.8805073431241656 0.36486486486486486 0.049399198931909215 0.10270270270270271