1 0.3650246305418719 0.21305841924398625 0.016748768472906402 0.037800687285223365
1 0.43891625615763546 0.2345360824742268 0.0187192118226601 0.03608247422680412
1 0.48423645320197045 0.30670103092783507 0.026600985221674877 0.04639175257731959
1 0.5472906403940887 0.32646048109965636 0.020689655172413793 0.044673539518900345
1 0.5586206896551724 0.13745704467353953 0.011822660098522168 0.024054982817869417
1 0.5492610837438424 0.12199312714776632 0.012807881773399015 0.024054982817869417
1 0.6142857142857143 0.26718213058419243 0.020689655172413793 0.04982817869415808
1 0.594088669950739 0.38402061855670105 0.02561576354679803 0.05326460481099656
1 0.7699507389162562 0.3170103092783505 0.024630541871921183 0.04639175257731959
1 0.9270935960591133 0.3015463917525773 0.029556650246305417 0.07731958762886598
1 0.9147783251231527 0.14690721649484537 0.012807881773399015 0.02577319587628866
1 0.9354679802955665 0.15807560137457044 0.014778325123152709 0.030927835051546393