1 0.16709346991037133 0.26785714285714285 0.03201024327784891 0.049107142857142856
1 0.2612035851472471 0.203125 0.023047375160051217 0.03571428571428571
1 0.29897567221510885 0.19308035714285715 0.014084507042253521 0.029017857142857144
1 0.3117797695262484 0.1875 0.016645326504481434 0.04017857142857143
1 0.4686299615877081 0.17745535714285715 0.023047375160051217 0.033482142857142856
1 0.5768245838668374 0.140625 0.02176696542893726 0.04017857142857143
1 0.56145966709347 0.26785714285714285 0.02176696542893726 0.05357142857142857
1 0.6133162612035852 0.2421875 0.02560819462227913 0.05580357142857143
1 0.6594110115236875 0.18080357142857142 0.015364916773367477 0.04017857142857143
1 0.6792573623559539 0.21316964285714285 0.016645326504481434 0.04241071428571429
1 0.6991037131882202 0.18973214285714285 0.01792573623559539 0.03125
1 0.706786171574904 0.25 0.020486555697823303 0.044642857142857144
1 0.7413572343149808 0.28013392857142855 0.020486555697823303 0.04241071428571429
1 0.7503201024327785 0.23883928571428573 0.020486555697823303 0.044642857142857144