1 0.085 0.2818991097922849 0.04666666666666667 0.0830860534124629
1 0.13083333333333333 0.23887240356083086 0.035 0.08011869436201781
1 0.1575 0.2314540059347181 0.03166666666666667 0.0771513353115727
1 0.17333333333333334 0.2952522255192878 0.03333333333333333 0.08605341246290801
1 0.22166666666666668 0.2551928783382789 0.03666666666666667 0.0712166172106825
1 0.23333333333333334 0.21216617210682492 0.03 0.06231454005934718
1 0.2841666666666667 0.2522255192878338 0.03833333333333333 0.06528189910979229
1 0.2775 0.3887240356083086 0.04833333333333333 0.09495548961424333
1 0.37833333333333335 0.4599406528189911 0.04666666666666667 0.11275964391691394
1 0.365 0.39020771513353114 0.043333333333333335 0.08605341246290801
1 0.44083333333333335 0.2744807121661721 0.035 0.07418397626112759
1 0.4716666666666667 0.2522255192878338 0.02666666666666667 0.05341246290801187
1 0.5058333333333334 0.30415430267062316 0.025 0.050445103857566766
1 0.5533333333333333 0.30712166172106825 0.02666666666666667 0.06231454005934718
1 0.46166666666666667 0.43768545994065283 0.05 0.11572700296735905
1 0.5125 0.4896142433234421 0.075 0.14836795252225518
1 0.5408333333333334 0.39317507418397624 0.035 0.08605341246290801
1 0.6016666666666667 0.3620178041543027 0.03333333333333333 0.06528189910979229
1 0.6283333333333333 0.4020771513353116 0.04666666666666667 0.08605341246290801
1 0.64 0.5489614243323442 0.06666666666666667 0.13649851632047477
1 0.7733333333333333 0.6646884272997032 0.10666666666666667 0.20771513353115728
1 0.955 0.6231454005934718 0.09 0.19584569732937684
1 0.775 0.45845697329376855 0.05 0.09792284866468842
1 0.7125 0.4094955489614243 0.03833333333333333 0.0712166172106825
1 0.695 0.3545994065281899 0.03666666666666667 0.06824925816023739
1 0.7491666666666666 0.34718100890207715 0.03166666666666667 0.06528189910979229
1 0.7833333333333333 0.3397626112759644 0.02666666666666667 0.05637982195845697
1 0.8425 0.39762611275964393 0.03833333333333333 0.0771513353115727
1 0.885 0.4287833827893175 0.043333333333333335 0.09792284866468842
1 0.8483333333333334 0.3397626112759644 0.02666666666666667 0.06231454005934718
1 0.9266666666666666 0.3649851632047478 0.03333333333333333 0.06528189910979229
1 0.925 0.33086053412462907 0.03 0.04451038575667656
1 0.9808333333333333 0.3486646884272997 0.025 0.06231454005934718
1 0.99 0.43026706231454004 0.02 0.0830860534124629