1 0.03298045602605863 0.4032258064516129 0.02035830618892508 0.04067321178120617
1 0.23493485342019543 0.3394109396914446 0.01710097719869707 0.033660589060308554
1 0.26017915309446255 0.3695652173913043 0.02035830618892508 0.043478260869565216
1 0.2915309446254072 0.3751753155680224 0.021172638436482084 0.043478260869565216
1 0.2980456026058632 0.30364656381486677 0.016286644951140065 0.03225806451612903
1 0.3350977198697068 0.3611500701262272 0.023615635179153095 0.04628330995792426
1 0.3587133550488599 0.29312762973352036 0.01710097719869707 0.033660589060308554
1 0.35912052117263843 0.33520336605890605 0.017915309446254073 0.033660589060308554
1 0.38436482084690554 0.3302945301542777 0.017915309446254073 0.03225806451612903
1 0.40879478827361565 0.33660589060308554 0.02280130293159609 0.04207573632538569
1 0.3937296416938111 0.2573632538569425 0.013843648208469055 0.03225806451612903
1 0.40920195439739415 0.270687237026648 0.015472312703583062 0.028050490883590462
1 0.41123778501628666 0.3008415147265077 0.019543973941368076 0.03225806451612903
1 0.44462540716612375 0.34151472650771386 0.021172638436482084 0.043478260869565216
1 0.43118892508143325 0.25455820476858343 0.013843648208469055 0.029453015427769985
1 0.44706840390879476 0.2720897615708275 0.016286644951140065 0.033660589060308554
1 0.4747557003257329 0.30364656381486677 0.019543973941368076 0.03506311360448808
1 0.46742671009771986 0.24614305750350632 0.017915309446254073 0.037868162692847124
1 0.4780130293159609 0.26858345021037866 0.016286644951140065 0.03225806451612903
1 0.502442996742671 0.32398316970546986 0.021172638436482084 0.03927068723702665
1 0.5109934853420195 0.2650771388499299 0.015472312703583062 0.030855539971949508
1 0.5256514657980456 0.2776998597475456 0.02035830618892508 0.033660589060308554
1 0.5179153094462541 0.2447405329593268 0.016286644951140065 0.02664796633941094
1 0.5399022801302932 0.2482468443197756 0.016286644951140065 0.030855539971949508
1 0.5537459283387622 0.30014025245441794 0.017915309446254073 0.033660589060308554
1 0.5594462540716613 0.2300140252454418 0.016286644951140065 0.028050490883590462
1 0.5834690553745928 0.2573632538569425 0.015472312703583062 0.03225806451612903
1 0.5753257328990228 0.22300140252454417 0.01710097719869707 0.02244039270687237
1 0.6001628664495114 0.24894810659186536 0.016286644951140065 0.03225806451612903
1 0.6034201954397395 0.22300140252454417 0.013029315960912053 0.030855539971949508
1 0.6103420195439739 0.2082748948106592 0.012214983713355049 0.02664796633941094
1 0.6278501628664495 0.22019635343618513 0.013029315960912053 0.033660589060308554
1 0.6412866449511401 0.24754558204768584 0.013843648208469055 0.023842917251051893
1 0.6416938110749185 0.22791023842917252 0.014657980456026058 0.029453015427769985
1 0.6571661237785016 0.2152875175315568 0.011400651465798045 0.023842917251051893
1 0.6758957654723127 0.23071528751753156 0.013029315960912053 0.03506311360448808
1 0.6974755700325733 0.22791023842917252 0.013843648208469055 0.029453015427769985
1 0.7052117263843648 0.2573632538569425 0.016286644951140065 0.03506311360448808
1 0.6767100977198697 0.2713884992987377 0.017915309446254073 0.03506311360448808
1 0.632328990228013 0.3015427769985975 0.02035830618892508 0.04207573632538569
1 0.6026058631921825 0.33099579242636745 0.02280130293159609 0.03927068723702665
1 0.6095276872964169 0.3590462833099579 0.021986970684039087 0.04488078541374474
1 0.5362377850162866 0.3520336605890603 0.02687296416938111 0.047685834502103785
1 0.46539087947882735 0.4102384291725105 0.033387622149837134 0.05750350631136045
1 0.5468241042345277 0.4032258064516129 0.02687296416938111 0.051893408134642355
1 0.6119706840390879 0.4179523141654979 0.028501628664495113 0.056100981767180924
1 0.6530944625407166 0.4481065918653576 0.03908794788273615 0.06591865357643759
1 0.6526872964169381 0.37237026647966337 0.02687296416938111 0.06030855539971949
1 0.6868892508143323 0.35624123422159887 0.02687296416938111 0.04488078541374474
1 0.6807817589576547 0.32187938288920054 0.02280130293159609 0.04067321178120617
1 0.7153908794788274 0.46984572230014027 0.03664495114006515 0.0729312762973352
1 0.7308631921824105 0.39901823281907434 0.02687296416938111 0.04908835904628331
1 0.7805374592833876 0.4228611500701262 0.03013029315960912 0.0546984572230014
1 0.8379478827361564 0.5245441795231417 0.035830618892508145 0.06732117812061711
1 0.8436482084690554 0.4326788218793829 0.03257328990228013 0.051893408134642355
1 0.8106677524429967 0.36395511921458623 0.023615635179153095 0.051893408134642355
1 0.8147394136807817 0.33590462833099577 0.021986970684039087 0.043478260869565216
1 0.7259771986970684 0.288218793828892 0.018729641693811076 0.03506311360448808
1 0.740228013029316 0.2601683029453015 0.016286644951140065 0.04067321178120617
1 0.7463355048859935 0.24053295932678823 0.012214983713355049 0.02664796633941094
1 0.7569218241042345 0.23492286115007013 0.015472312703583062 0.03225806451612903
1 0.7703583061889251 0.2861150070126227 0.014657980456026058 0.033660589060308554
1 0.7585504885993485 0.26297335203366057 0.01710097719869707 0.02664796633941094
1 0.7772801302931596 0.2391304347826087 0.013843648208469055 0.029453015427769985
1 0.7862377850162866 0.2517531556802244 0.013843648208469055 0.029453015427769985
1 0.8192182410423453 0.29873772791023845 0.016286644951140065 0.030855539971949508
1 0.8135179153094463 0.26788218793828894 0.016286644951140065 0.030855539971949508
1 0.8412052117263844 0.30434782608695654 0.017915309446254073 0.03927068723702665
1 0.8489413680781759 0.28190743338008417 0.015472312703583062 0.033660589060308554
1 0.8407980456026058 0.2552594670406732 0.012214983713355049 0.028050490883590462
1 0.8599348534201955 0.270687237026648 0.013029315960912053 0.033660589060308554
1 0.870928338762215 0.25105189340813466 0.013843648208469055 0.033660589060308554
1 0.8945439739413681 0.2861150070126227 0.015472312703583062 0.0364656381486676
1 0.8851791530944625 0.32538569424964936 0.014657980456026058 0.028050490883590462
1 0.8778501628664495 0.34782608695652173 0.016286644951140065 0.0364656381486676
1 0.8603420195439739 0.3702664796633941 0.023615635179153095 0.05329593267882188
1 0.9108306188925082 0.4642356241234222 0.03664495114006515 0.06451612903225806
1 0.9140879478827362 0.32608695652173914 0.015472312703583062 0.04067321178120617
1 0.9311889250814332 0.2973352033660589 0.013843648208469055 0.028050490883590462
1 0.9287459283387622 0.27840112201963535 0.01710097719869707 0.03506311360448808
1 0.9328175895765473 0.36044880785413747 0.018729641693811076 0.05329593267882188