1 0.15766481334392374 0.5374823196605375 0.04209690230341541 0.08486562942008487
1 0.2176330420969023 0.3620933521923621 0.023828435266084195 0.04526166902404526
1 0.26330420969023033 0.3444130127298444 0.023034154090548053 0.04101838755304102
1 0.28633836378077837 0.30622347949080625 0.016679904686258934 0.03536067892503536
1 0.2930897537728356 0.35855728429985856 0.020651310563939634 0.04384724186704385
1 0.3324066719618745 0.37057991513437055 0.024622716441620333 0.04526166902404526
1 0.3435266084193805 0.33804809052333806 0.021445591739475776 0.042432814710042434
1 0.3526608419380461 0.29985855728429983 0.017474185861795076 0.031117397454031116
1 0.38324066719618743 0.27722772277227725 0.015091342335186657 0.031117397454031116
1 0.4011119936457506 0.29773691654879775 0.017474185861795076 0.03253182461103253
1 0.3760921366163622 0.3330975954738331 0.018268467037331215 0.03818953323903819
1 0.40150913423351864 0.34582743988684583 0.023034154090548053 0.05233380480905234
1 0.40587768069896746 0.26732673267326734 0.019062748212867357 0.031117397454031116
1 0.4221604447974583 0.25176803394625175 0.015091342335186657 0.028288543140028287
1 0.4324861000794281 0.27722772277227725 0.015091342335186657 0.033946251768033946
1 0.4312946783161239 0.30905233380480907 0.019062748212867357 0.04101838755304102
1 0.4618745035742653 0.3359264497878359 0.023034154090548053 0.04384724186704385
1 0.46386020651310567 0.3033946251768034 0.020651310563939634 0.03536067892503536
1 0.4563145353455123 0.2758132956152758 0.015091342335186657 0.031117397454031116
1 0.44837172359015093 0.25106082036775107 0.016679904686258934 0.024045261669024046
1 0.46465448768864176 0.22984441301272984 0.014297061159650517 0.024045261669024046
1 0.49404289118347894 0.2652050919377652 0.020651310563939634 0.03536067892503536
1 0.5067513899920572 0.24115983026874116 0.012708498808578236 0.024045261669024046
1 0.5127084988085783 0.2524752475247525 0.013502779984114376 0.024045261669024046
1 0.5178713264495631 0.2722772277227723 0.014297061159650517 0.03253182461103253
1 0.5277998411437649 0.2531824611032532 0.016679904686258934 0.033946251768033946
1 0.5488482922954726 0.28005657708628007 0.020651310563939634 0.036775106082036775
1 0.5639396346306592 0.2446958981612447 0.015885623510722795 0.033946251768033946
1 0.5532168387609213 0.21923620933521923 0.011914217633042097 0.028288543140028287
1 0.5667196187450357 0.21782178217821782 0.015091342335186657 0.028288543140028287
1 0.5845909451945989 0.2256011315417256 0.014297061159650517 0.0297029702970297
1 0.6040508339952343 0.2079207920792079 0.013502779984114376 0.031117397454031116
1 0.6163621922160445 0.214992927864215 0.014297061159650517 0.02263083451202263
1 0.4988085782366958 0.3323903818953324 0.020651310563939634 0.04526166902404526
1 0.4567116759332804 0.4115983026874116 0.027005559968228753 0.05091937765205092
1 0.5305798252581414 0.40523338048090524 0.027005559968228753 0.055162659123055166
1 0.5305798252581414 0.36562942008486565 0.022239872915011914 0.04101838755304102
1 0.5873709293089754 0.3649222065063649 0.023034154090548053 0.05374823196605375
1 0.5857823669579031 0.32390381895332393 0.023034154090548053 0.042432814710042434
1 0.5698967434471803 0.44554455445544555 0.02938840349483717 0.07355021216407355
1 0.6235107227958697 0.4872701555869873 0.03494837172359015 0.07779349363507779
1 0.6938046068308181 0.5035360678925035 0.04209690230341541 0.08203677510608204
1 0.6528991262907069 0.3698727015558699 0.027005559968228753 0.05799151343705799
1 0.6342335186656076 0.3437057991513437 0.016679904686258934 0.042432814710042434
1 0.6211278792692613 0.30198019801980197 0.019062748212867357 0.04101838755304102
1 0.6258935663224782 0.256011315417256 0.017474185861795076 0.033946251768033946
1 0.5889594916600477 0.256011315417256 0.011914217633042097 0.028288543140028287
1 0.647339158061954 0.2376237623762376 0.015885623510722795 0.02545968882602546
1 0.6556791104050834 0.21216407355021216 0.010325655281969817 0.02545968882602546
1 0.6671961874503575 0.2256011315417256 0.012708498808578236 0.0297029702970297
1 0.6572676727561557 0.27934936350777934 0.016679904686258934 0.04101838755304102
1 0.6922160444797458 0.3012729844413013 0.023034154090548053 0.042432814710042434
1 0.6938046068308181 0.2524752475247525 0.013502779984114376 0.03253182461103253
1 0.6675933280381255 0.32107496463932106 0.019857029388403495 0.042432814710042434
1 0.6775218427323273 0.3493635077793494 0.020651310563939634 0.04809052333804809
1 0.7188244638602065 0.26308345120226306 0.015885623510722795 0.042432814710042434
1 0.7303415409054805 0.24752475247524752 0.010325655281969817 0.02263083451202263
1 0.7259729944400317 0.23903818953323905 0.012708498808578236 0.028288543140028287
1 0.7402700555996823 0.3055162659123055 0.019062748212867357 0.042432814710042434
1 0.7462271644162033 0.26874115983026875 0.015091342335186657 0.031117397454031116
1 0.7565528196981731 0.29207920792079206 0.013502779984114376 0.0297029702970297
1 0.7664813343923749 0.24823196605374823 0.014297061159650517 0.0297029702970297
1 0.7942811755361397 0.24823196605374823 0.014297061159650517 0.03253182461103253
1 0.7994440031771247 0.3041018387553041 0.015091342335186657 0.039603960396039604
1 0.801032565528197 0.27015558698727016 0.016679904686258934 0.02545968882602546
1 0.8236695790309769 0.26449787835926447 0.012708498808578236 0.033946251768033946
1 0.8371723590150913 0.26449787835926447 0.012708498808578236 0.028288543140028287
1 0.8320095313741064 0.28783592644978784 0.015091342335186657 0.03253182461103253
1 0.8320095313741064 0.3231966053748232 0.021445591739475776 0.04101838755304102
1 0.7922954725972995 0.3635077793493635 0.021445591739475776 0.042432814710042434
1 0.8054011119936457 0.347949080622348 0.017474185861795076 0.042432814710042434
1 0.7208101667990469 0.40594059405940597 0.026211278792692614 0.06223479490806223
1 0.7605242255758539 0.4490806223479491 0.02779984114376489 0.06082036775106082
1 0.8252581413820492 0.4504950495049505 0.03177124702144559 0.055162659123055166
1 0.840349483717236 0.38048090523338046 0.020651310563939634 0.05374823196605375
1 0.8566322478157268 0.36845827439886847 0.019857029388403495 0.05233380480905234
1 0.8705321683876092 0.3274398868458274 0.015885623510722795 0.03536067892503536
1 0.8764892772041303 0.27934936350777934 0.015091342335186657 0.04101838755304102
1 0.8566322478157268 0.25884016973125884 0.013502779984114376 0.036775106082036775
1 0.8967434471803019 0.31683168316831684 0.014297061159650517 0.033946251768033946
1 0.9078633836378078 0.285007072135785 0.012708498808578236 0.0297029702970297
1 0.9122319301032565 0.3033946251768034 0.015091342335186657 0.024045261669024046
1 0.9082605242255759 0.3217821782178218 0.013502779984114376 0.03536067892503536
1 0.9050833995234313 0.3606789250353607 0.023034154090548053 0.042432814710042434
1 0.8987291501191422 0.4115983026874116 0.026211278792692614 0.05374823196605375
1 0.8991262907069102 0.47595473833097596 0.03335980937251787 0.07496463932107496
1 0.7907069102462272 0.5381895332390382 0.03256552819698173 0.07779349363507779