1 0.0890909090909091 0.6723300970873787 0.10181818181818182 0.1407766990291262
1 0.05 0.5849514563106796 0.06727272727272728 0.08737864077669903
1 0.1290909090909091 0.5449029126213593 0.05818181818181818 0.08009708737864078
1 0.21363636363636362 0.5910194174757282 0.07090909090909091 0.11407766990291263
1 0.24636363636363637 0.5400485436893204 0.056363636363636366 0.08009708737864078
1 0.5309090909090909 0.5449029126213593 0.04363636363636364 0.07524271844660194
1 0.58 0.566747572815534 0.05818181818181818 0.08980582524271845
1 0.649090909090909 0.5521844660194175 0.04727272727272727 0.06553398058252427
1 0.6809090909090909 0.42839805825242716 0.038181818181818185 0.06067961165048544
1 0.7054545454545454 0.5606796116504854 0.05454545454545454 0.07766990291262135
1 0.7 0.6577669902912622 0.09818181818181818 0.15048543689320387
1 0.91 0.654126213592233 0.10363636363636364 0.1383495145631068
1 0.8927272727272727 0.5764563106796117 0.04363636363636364 0.055825242718446605