1 0.06846509971509972 0.6575854700854701 0.1241096866096866 0.19230769230769232
1 0.03320868945868946 0.5711805555555556 0.06428062678062678 0.1140491452991453
1 0.037037037037037035 0.45926816239316237 0.07051282051282051 0.13060897435897437
1 0.01673789173789174 0.34775641025641024 0.028846153846153848 0.08012820512820513
1 0.18972578347578348 0.359107905982906 0.05146011396011396 0.06169871794871795
1 0.1794871794871795 0.5723824786324786 0.09793447293447294 0.16346153846153846
1 0.2705662393162393 0.6057692307692307 0.10345441595441596 0.2013888888888889
1 0.29282407407407407 0.9225427350427351 0.2167022792022792 0.15491452991452992
1 0.3136574074074074 0.5954861111111112 0.08707264957264957 0.16639957264957264
1 0.3872863247863248 0.37406517094017094 0.05056980056980057 0.09161324786324786
1 0.4667022792022792 0.48183760683760685 0.0876068376068376 0.14476495726495728
1 0.4256588319088319 0.547142094017094 0.08351139601139601 0.13969017094017094
1 0.5523504273504274 0.5142895299145299 0.06018518518518518 0.0985576923076923
1 0.6299857549857549 0.5594284188034188 0.08974358974358974 0.13755341880341881
1 0.6098646723646723 0.8629807692307693 0.17663817663817663 0.2537393162393162
1 0.6979166666666666 0.6817574786324786 0.10202991452991453 0.18082264957264957
1 0.6680021367521367 0.4962606837606838 0.06712962962962964 0.10790598290598291
1 0.7732371794871795 0.5436698717948718 0.0649928774928775 0.1140491452991453
1 0.8352029914529915 0.5285790598290598 0.06570512820512821 0.10897435897435898
1 0.9333155270655271 0.7413194444444444 0.13336894586894588 0.2566773504273504
1 0.8844373219373219 0.6359508547008547 0.0876068376068376 0.15918803418803418
1 0.9576210826210826 0.5745192307692307 0.08475783475783476 0.15117521367521367