1 0.1295843520782396 0.5491923641703378 0.044009779951100246 0.0763582966226138
1 0.2200488997555012 0.3634361233480176 0.017929910350448247 0.027900146842878122
1 0.2885085574572127 0.3788546255506608 0.019559902200488997 0.041116005873715125
1 0.31988590057049715 0.3986784140969163 0.02526487367563162 0.04552129221732746
1 0.2921760391198044 0.3443465491923642 0.022004889975550123 0.033773861967694566
1 0.2856560717196414 0.31057268722466963 0.017114914425427872 0.033773861967694566
1 0.35289323553382235 0.342143906020558 0.017929910350448247 0.041116005873715125
1 0.35778321108394456 0.29955947136563876 0.017929910350448247 0.02936857562408223
1 0.3801955990220049 0.342143906020558 0.015484922575387123 0.04405286343612335
1 0.40383048084759576 0.3392070484581498 0.020374898125509373 0.041116005873715125
1 0.38508557457212717 0.28046989720998533 0.015484922575387123 0.03524229074889868
1 0.4034229828850856 0.28193832599118945 0.013039934800325998 0.02936857562408223
1 0.41075794621026895 0.29955947136563876 0.014669926650366748 0.03524229074889868
1 0.4400977995110024 0.2701908957415565 0.014669926650366748 0.032305433186490456
1 0.44865525672371637 0.2599118942731278 0.013854930725346373 0.02936857562408223
1 0.4409127954360228 0.30469897209985314 0.021189894050529748 0.042584434654919234
1 0.4559902200488998 0.34287812041116006 0.022004889975550123 0.042584434654919234
1 0.46862265688671556 0.315712187958884 0.017929910350448247 0.041116005873715125
1 0.45843520782396086 0.2812041116005874 0.013854930725346373 0.030837004405286344
1 0.4706601466992665 0.23715124816446403 0.013854930725346373 0.024963289280469897
1 0.4678076609616952 0.26138032305433184 0.013039934800325998 0.032305433186490456
1 0.4820700896495517 0.28487518355359764 0.015484922575387123 0.0381791483113069
1 0.5134474327628362 0.3223201174743025 0.019559902200488997 0.042584434654919234
1 0.4718826405867971 0.4052863436123348 0.030969845150774247 0.06754772393538913
1 0.5293398533007335 0.4221732745961821 0.02526487367563162 0.05726872246696035
1 0.5313773431132844 0.37298091042584436 0.02444987775061125 0.04698972099853157
1 0.5142624286878565 0.25697503671071953 0.013039934800325998 0.02643171806167401
1 0.5236348818255909 0.2812041116005874 0.015484922575387123 0.033773861967694566
1 0.5460472697636511 0.2488986784140969 0.014669926650366748 0.030837004405286344
1 0.5574572127139364 0.27826725403817915 0.016299918500407497 0.033773861967694566
1 0.571719641401793 0.26945668135095446 0.013854930725346373 0.039647577092511016
1 0.571719641401793 0.2459618208516887 0.013854930725346373 0.024963289280469897
1 0.5554197229013855 0.22687224669603523 0.012224938875305624 0.024963289280469897
1 0.5737571312143439 0.22246696035242292 0.013039934800325998 0.024963289280469897
1 0.6006519967400163 0.2525697503671072 0.013039934800325998 0.02936857562408223
1 0.6112469437652812 0.20704845814977973 0.013039934800325998 0.02643171806167401
1 0.6246943765281173 0.21806167400881057 0.013854930725346373 0.024963289280469897
1 0.6430317848410758 0.2599118942731278 0.014669926650366748 0.032305433186490456
1 0.6577017114914425 0.21879588839941264 0.011409942950285249 0.02643171806167401
1 0.6707416462917686 0.22980910425844348 0.011409942950285249 0.027900146842878122
1 0.6813365933170334 0.22540381791483113 0.011409942950285249 0.027900146842878122
1 0.7025264873675632 0.26064610866372984 0.017929910350448247 0.039647577092511016
1 0.5961695191524042 0.3340675477239354 0.022004889975550123 0.039647577092511016
1 0.5920945395273024 0.39941262848751835 0.02852485737571312 0.049926578560939794
1 0.571719641401793 0.4618208516886931 0.03341483292583537 0.06901615271659324
1 0.636919315403423 0.5014684287812041 0.03667481662591687 0.07195301027900147
1 0.7008964955175224 0.5550660792951542 0.034229828850855744 0.07929515418502203
1 0.6621841890790546 0.3935389133627019 0.02526487367563162 0.05873715124816446
1 0.6858190709046454 0.37591776798825255 0.020374898125509373 0.04405286343612335
1 0.710676446617767 0.42731277533039647 0.026079869600651995 0.05873715124816446
1 0.7775061124694377 0.4486049926578561 0.029339853300733496 0.05726872246696035
1 0.8011409942950285 0.36930983847283405 0.02444987775061125 0.0513950073421439
1 0.6336593317033414 0.30837004405286345 0.018744906275468622 0.0381791483113069
1 0.643439282803586 0.342143906020558 0.022004889975550123 0.041116005873715125
1 0.6780766096169519 0.32819383259911894 0.022819885900570498 0.03671071953010279
1 0.6678891605541972 0.28193832599118945 0.015484922575387123 0.03524229074889868
1 0.7110839445802771 0.302496328928047 0.018744906275468622 0.0381791483113069
1 0.7298288508557457 0.2474302496328928 0.013854930725346373 0.03671071953010279
1 0.7396088019559902 0.2474302496328928 0.015484922575387123 0.03671071953010279
1 0.7485737571312143 0.2290748898678414 0.012224938875305624 0.02936857562408223
1 0.7766911165444172 0.2305433186490455 0.013039934800325998 0.032305433186490456
1 0.7770986145069275 0.2753303964757709 0.013854930725346373 0.03671071953010279
1 0.7632436837815811 0.29148311306901614 0.017114914425427872 0.042584434654919234
1 0.799918500407498 0.2599118942731278 0.013854930725346373 0.02643171806167401
1 0.8341483292583537 0.26798825256975034 0.012224938875305624 0.030837004405286344
1 0.8092909535452323 0.2790014684287812 0.014669926650366748 0.02936857562408223
1 0.8072534637326814 0.30837004405286345 0.015484922575387123 0.04405286343612335
1 0.8410757946210269 0.3076358296622614 0.014669926650366748 0.042584434654919234
1 0.8549307253463733 0.3120411160058737 0.013039934800325998 0.033773861967694566
1 0.8553382233088834 0.2745961820851689 0.012224938875305624 0.0381791483113069
1 0.8700081499592502 0.263582966226138 0.010594947025264874 0.033773861967694566
1 0.8822330888345559 0.28707782672540383 0.017114914425427872 0.039647577092511016
1 0.9250203748981255 0.2966226138032305 0.013039934800325998 0.023494860499265784
1 0.9286878565607172 0.30983847283406757 0.013854930725346373 0.032305433186490456
1 0.9356153219233904 0.32819383259911894 0.016299918500407497 0.03671071953010279
1 0.9193154034229829 0.3399412628487518 0.016299918500407497 0.033773861967694566
1 0.9225753871230644 0.3619676945668135 0.016299918500407497 0.039647577092511016
1 0.8985330073349633 0.34140969162995594 0.017114914425427872 0.042584434654919234
1 0.8700081499592502 0.381057268722467 0.022004889975550123 0.05433186490455213
1 0.8773431132844336 0.42070484581497797 0.02526487367563162 0.05433186490455213
1 0.8488182559087205 0.4089574155653451 0.018744906275468622 0.0513950073421439
1 0.9103504482477588 0.48091042584434657 0.027709861450692746 0.06901615271659324
1 0.8402607986960066 0.4581497797356828 0.027709861450692746 0.055800293685756244
1 0.7942135289323553 0.5822320117474302 0.02689486552567237 0.07488986784140969