1 0.05 0.3333333333333333 0.036 0.058666666666666666
1 0.123 0.39066666666666666 0.038 0.050666666666666665
1 0.187 0.3973333333333333 0.042 0.05333333333333334
1 0.195 0.356 0.038 0.04
1 0.238 0.43733333333333335 0.048 0.06933333333333333
1 0.324 0.4093333333333333 0.036 0.056
1 0.346 0.42533333333333334 0.04 0.056
1 0.394 0.42933333333333334 0.044 0.08
1 0.447 0.38666666666666666 0.038 0.05333333333333334
1 0.543 0.42533333333333334 0.038 0.072
1 0.575 0.48933333333333334 0.078 0.11466666666666667
1 0.601 0.4066666666666667 0.03 0.06133333333333333
1 0.73 0.456 0.052 0.08
1 0.741 0.39466666666666667 0.038 0.05333333333333334
1 0.803 0.4 0.042 0.058666666666666666
1 0.969 0.44133333333333336 0.058 0.08266666666666667