1 0.2734741784037559 0.66015625 0.05868544600938967 0.0890625
1 0.27406103286384975 0.56328125 0.03873239436619718 0.0546875
1 0.2335680751173709 0.56171875 0.03286384976525822 0.0546875
1 0.24178403755868544 0.52265625 0.03051643192488263 0.0515625
1 0.2318075117370892 0.4953125 0.02699530516431925 0.040625
1 0.19014084507042253 0.46328125 0.025821596244131457 0.0390625
1 0.18838028169014084 0.5203125 0.029342723004694836 0.034375
1 0.12265258215962441 0.5171875 0.02699530516431925 0.040625
1 0.1255868544600939 0.49296875 0.02112676056338028 0.0296875
1 0.11502347417840375 0.46796875 0.025821596244131457 0.0359375
1 0.09096244131455399 0.49140625 0.02699530516431925 0.0359375
1 0.07453051643192488 0.49921875 0.03169014084507042 0.0359375
1 0.04284037558685446 0.478125 0.03169014084507042 0.04375
1 0.3028169014084507 0.54140625 0.03286384976525822 0.0421875
1 0.301056338028169 0.49453125 0.029342723004694836 0.0390625
1 0.3215962441314554 0.44375 0.028169014084507043 0.040625
1 0.3386150234741784 0.4671875 0.02464788732394366 0.0375
1 0.3538732394366197 0.44921875 0.022300469483568074 0.0359375
1 0.36678403755868544 0.4734375 0.02464788732394366 0.034375
1 0.3515258215962441 0.50234375 0.03169014084507042 0.0453125
1 0.4307511737089202 0.546875 0.03755868544600939 0.059375
1 0.39906103286384975 0.5421875 0.03051643192488263 0.046875
1 0.4724178403755869 0.56484375 0.045774647887323945 0.0609375
1 0.4325117370892019 0.48515625 0.029342723004694836 0.0359375
1 0.42488262910798125 0.4625 0.02112676056338028 0.03125
1 0.4078638497652582 0.45234375 0.01995305164319249 0.0296875
1 0.38497652582159625 0.47265625 0.01643192488262911 0.0234375
1 0.4677230046948357 0.46640625 0.02464788732394366 0.0296875
1 0.47417840375586856 0.44296875 0.02112676056338028 0.0296875
1 0.49589201877934275 0.48125 0.02699530516431925 0.04375
1 0.5252347417840375 0.50546875 0.022300469483568074 0.0390625
1 0.5246478873239436 0.43203125 0.018779342723004695 0.0328125
1 0.5352112676056338 0.44765625 0.01643192488262911 0.0265625
1 0.5522300469483568 0.43125 0.017605633802816902 0.028125
1 0.5487089201877934 0.48125 0.02464788732394366 0.0375
1 0.5727699530516432 0.49765625 0.028169014084507043 0.0421875
1 0.5633802816901409 0.56015625 0.03755868544600939 0.0671875
1 0.6097417840375586 0.54921875 0.04342723004694836 0.0609375
1 0.6208920187793427 0.5140625 0.03286384976525822 0.04375
1 0.6232394366197183 0.4484375 0.01643192488262911 0.03125
1 0.5897887323943662 0.4546875 0.02464788732394366 0.034375
1 0.6150234741784038 0.43359375 0.02112676056338028 0.0359375
1 0.6490610328638498 0.4546875 0.02112676056338028 0.03125
1 0.6696009389671361 0.53359375 0.036384976525821594 0.0453125
1 0.6596244131455399 0.5078125 0.02112676056338028 0.028125
1 0.6625586854460094 0.43828125 0.017605633802816902 0.0296875
1 0.6830985915492958 0.4296875 0.018779342723004695 0.0375
1 0.7253521126760564 0.4546875 0.025821596244131457 0.034375
1 0.7253521126760564 0.4328125 0.02112676056338028 0.03125
1 0.7458920187793427 0.44453125 0.017605633802816902 0.0328125
1 0.7423708920187794 0.5359375 0.04107981220657277 0.0625
1 0.784037558685446 0.509375 0.03755868544600939 0.059375
1 0.8116197183098591 0.49609375 0.029342723004694836 0.0453125
1 0.7816901408450704 0.446875 0.023474178403755867 0.040625
1 0.8333333333333334 0.5296875 0.051643192488262914 0.071875
1 0.8708920187793427 0.48828125 0.035211267605633804 0.0609375
1 0.8650234741784038 0.44375 0.03051643192488263 0.046875
1 0.9225352112676056 0.478125 0.03286384976525822 0.053125
1 0.9454225352112676 0.50625 0.04107981220657277 0.065625
1 0.9336854460093896 0.45078125 0.02464788732394366 0.0359375