1 0.07175925925925926 0.21296296296296297 0.04552469135802469 0.11042524005486969
1 0.19290123456790123 0.23045267489711935 0.05401234567901234 0.1262002743484225
1 0.33101851851851855 0.22016460905349794 0.08333333333333333 0.1646090534979424
1 0.5368441358024691 0.2030178326474623 0.10686728395061729 0.22770919067215364
1 0.6334876543209876 0.2109053497942387 0.05169753086419753 0.08710562414266118
1 0.7098765432098766 0.21056241426611796 0.036265432098765434 0.08093278463648834
1 0.7563657407407407 0.2112482853223594 0.028935185185185185 0.0823045267489712
1 0.8030478395061729 0.2242798353909465 0.06674382716049383 0.15089163237311384
1 0.8335262345679012 0.19547325102880658 0.028935185185185185 0.09053497942386832
1 0.8501157407407407 0.21536351165980797 0.02353395061728395 0.06858710562414266
1 0.9145447530864198 0.19135802469135801 0.04205246913580247 0.07956104252400549