1 0.665625 0.7458333333333333 0.071875 0.10416666666666667
1 0.52421875 0.790625 0.0640625 0.10208333333333333
1 0.40625 0.80625 0.075 0.10833333333333334
1 0.40625 0.7552083333333334 0.071875 0.08958333333333333
1 0.26484375 0.7552083333333334 0.0703125 0.09791666666666667
1 0.30234375 0.734375 0.0421875 0.07291666666666667
1 0.32421875 0.7864583333333334 0.0296875 0.05625
1 0.3578125 0.7958333333333333 0.0375 0.06666666666666667
1 0.1875 0.7802083333333333 0.090625 0.13958333333333334
1 0.0859375 0.7447916666666666 0.06875 0.15208333333333332
1 0.03046875 0.6479166666666667 0.0578125 0.35833333333333334