1 0.11142454160789844 0.27582644628099173 0.0686412787964269 0.11776859504132231
1 0.03972731546779502 0.2568870523415978 0.05124588622472966 0.09504132231404959
1 0.20451339915373765 0.3002754820936639 0.07804419370004702 0.1418732782369146
1 0.2458862247296662 0.2396694214876033 0.044193700047014575 0.06887052341597796
1 0.38645980253878703 0.2606749311294766 0.05735778091208275 0.09710743801652892
1 0.5291490362012223 0.47451790633608815 0.13399153737658676 0.21074380165289255
1 0.658439116125999 0.33987603305785125 0.08227550540667607 0.13980716253443526
1 0.6323460272684532 0.24139118457300276 0.037611659614480486 0.06680440771349862
1 0.5298542548189938 0.20179063360881544 0.038551951104842504 0.06060606060606061
1 0.45580629995298544 0.21384297520661158 0.04090267983074753 0.06818181818181818
1 0.4123178185237424 0.19800275482093663 0.034790785143394454 0.05303030303030303
1 0.35895627644569816 0.20454545454545456 0.02679830747531735 0.05371900826446281
1 0.5660554771979314 0.1924931129476584 0.023507287259050307 0.03925619834710744
1 0.6017865538316878 0.18836088154269973 0.020686412787964268 0.04338842975206612
1 0.6657263751763046 0.23174931129476584 0.031029619181946404 0.05578512396694215
1 0.657498824635637 0.1921487603305785 0.021156558533145273 0.03856749311294766
1 0.6838269863657734 0.18388429752066116 0.020216267042783263 0.048209366391184574
1 0.7684532204983545 0.2028236914600551 0.028678890456041373 0.047520661157024795
1 0.7987776210625294 0.18836088154269973 0.026328161730136343 0.05303030303030303
1 0.843911612599906 0.15082644628099173 0.020686412787964268 0.045454545454545456
1 0.8234602726845323 0.2830578512396694 0.05876821814762576 0.08677685950413223
1 0.8928067700987306 0.24311294765840222 0.038551951104842504 0.08402203856749312
1 0.8692994828396803 0.19180440771349863 0.031969910672308414 0.05303030303030303