1 0.14 0.5388888888888889 0.03666666666666667 0.05555555555555555
1 0.21 0.5277777777777778 0.03666666666666667 0.051111111111111114
1 0.24416666666666667 0.5177777777777778 0.028333333333333332 0.04
1 0.29 0.5122222222222222 0.02666666666666667 0.03333333333333333
1 0.3308333333333333 0.4955555555555556 0.025 0.03111111111111111
1 0.3625 0.4588888888888889 0.021666666666666667 0.03333333333333333
1 0.49166666666666664 0.4688888888888889 0.02 0.03111111111111111
1 0.5475 0.46555555555555556 0.021666666666666667 0.03333333333333333
1 0.6233333333333333 0.7633333333333333 0.08 0.12222222222222222
1 0.665 0.6722222222222223 0.06 0.08666666666666667
1 0.6816666666666666 0.6366666666666667 0.06333333333333334 0.08222222222222222
1 0.7141666666666666 0.5988888888888889 0.045 0.06
1 0.6925 0.5766666666666667 0.041666666666666664 0.05555555555555555
1 0.7233333333333334 0.5366666666666666 0.03 0.04666666666666667
1 0.7016666666666667 0.5166666666666667 0.02666666666666667 0.042222222222222223