1 0.12450748620961387 0.5369496855345912 0.05673758865248227 0.11163522012578617
1 0.21710007880220647 0.2759433962264151 0.02127659574468085 0.04245283018867924
1 0.24271079590228525 0.2830188679245283 0.028368794326241134 0.05345911949685535
1 0.2895981087470449 0.23427672955974843 0.019700551615445233 0.03773584905660377
1 0.30969267139479906 0.24056603773584906 0.017336485421591805 0.040880503144654086
1 0.3219070133963751 0.21147798742138366 0.019700551615445233 0.04874213836477988
1 0.34436564223798266 0.21933962264150944 0.018912529550827423 0.04559748427672956
1 0.3605200945626478 0.20676100628930819 0.014972419227738377 0.04245283018867924
1 0.3750985027580772 0.1988993710691824 0.017336485421591805 0.04245283018867924
1 0.3829787234042553 0.2555031446540881 0.018912529550827423 0.05188679245283019
1 0.4022852639873917 0.1871069182389937 0.014972419227738377 0.031446540880503145
1 0.4144996059889677 0.22955974842767296 0.015760441292356184 0.03773584905660377
1 0.4424743892828999 0.1918238993710692 0.016548463356973995 0.03459119496855346
1 0.4515366430260047 0.16745283018867924 0.01260835303388495 0.026729559748427674
1 0.4424743892828999 0.30660377358490565 0.02442868400315209 0.050314465408805034
1 0.4645390070921986 0.16666666666666666 0.013396375098502758 0.031446540880503145
1 0.4736012608353034 0.16273584905660377 0.015760441292356184 0.036163522012578615
1 0.4858156028368794 0.17452830188679244 0.019700551615445233 0.040880503144654086
1 0.5066981875492513 0.20833333333333334 0.02206461780929866 0.04245283018867924
1 0.48266351457840817 0.2429245283018868 0.026004728132387706 0.04559748427672956
1 0.5591016548463357 0.21619496855345913 0.02127659574468085 0.04245283018867924
1 0.5043341213553979 0.15566037735849056 0.017336485421591805 0.03773584905660377
1 0.5267927501970056 0.17138364779874213 0.016548463356973995 0.04716981132075472
1 0.5382190701339638 0.1619496855345912 0.014184397163120567 0.040880503144654086
1 0.5610717100078803 0.1430817610062893 0.017336485421591805 0.03459119496855346
1 0.5673758865248227 0.1619496855345912 0.02206461780929866 0.040880503144654086
1 0.586682427107959 0.14229559748427673 0.016548463356973995 0.029874213836477988
1 0.5898345153664303 0.17531446540880502 0.018124507486209612 0.04245283018867924
1 0.5874704491725768 0.2028301886792453 0.016548463356973995 0.040880503144654086
1 0.6052009456264775 0.21462264150943397 0.018912529550827423 0.04245283018867924
1 0.6052009456264775 0.13286163522012578 0.015760441292356184 0.029874213836477988
1 0.6134751773049646 0.15723270440251572 0.014972419227738377 0.031446540880503145
1 0.6193853427895981 0.1792452830188679 0.018912529550827423 0.03773584905660377
1 0.6390858944050434 0.13128930817610063 0.014184397163120567 0.036163522012578615
1 0.6627265563435776 0.1540880503144654 0.01260835303388495 0.03459119496855346
1 0.6721828211189913 0.14622641509433962 0.01260835303388495 0.031446540880503145
1 0.6662726556343578 0.18160377358490565 0.013396375098502758 0.036163522012578615
1 0.6836091410559496 0.1831761006289308 0.014972419227738377 0.0330188679245283
1 0.6973995271867612 0.14072327044025157 0.015760441292356184 0.0330188679245283
1 0.7194641449960599 0.15880503144654087 0.014184397163120567 0.03459119496855346
1 0.5847123719464145 0.3278301886792453 0.0252167060677699 0.04245283018867924
1 0.6178092986603625 0.3522012578616352 0.02364066193853428 0.050314465408805034
1 0.6245074862096138 0.2861635220125786 0.02442868400315209 0.059748427672955975
1 0.6627265563435776 0.3970125786163522 0.028368794326241134 0.0770440251572327
1 0.6686367218282112 0.24449685534591195 0.026004728132387706 0.05188679245283019
1 0.7052797478329393 0.2130503144654088 0.018912529550827423 0.04559748427672956
1 0.7297084318360915 0.2555031446540881 0.02048857368006304 0.03930817610062893
1 0.747832939322301 0.22327044025157233 0.018912529550827423 0.040880503144654086
1 0.7620173364854216 0.19654088050314467 0.014184397163120567 0.03459119496855346
1 0.7738376674546887 0.1831761006289308 0.014184397163120567 0.0330188679245283
1 0.7836879432624113 0.2059748427672956 0.016548463356973995 0.03773584905660377
1 0.814026792750197 0.19103773584905662 0.014184397163120567 0.0330188679245283
1 0.7998423955870765 0.23742138364779874 0.015760441292356184 0.03773584905660377
1 0.8207249802994484 0.22327044025157233 0.014972419227738377 0.040880503144654086
1 0.8364854215918046 0.2099056603773585 0.016548463356973995 0.036163522012578615
1 0.8085106382978723 0.29638364779874216 0.018912529550827423 0.05817610062893082
1 0.7588652482269503 0.28537735849056606 0.02364066193853428 0.04874213836477988
1 0.7320724980299448 0.3867924528301887 0.026792750197005517 0.06289308176100629
1 0.8037825059101655 0.43238993710691825 0.039401103230890466 0.07547169811320754
1 0.85973207249803 0.5 0.03152088258471237 0.08490566037735849
1 0.88849487785658 0.38443396226415094 0.022852639873916468 0.06761006289308176
1 0.863672182821119 0.3333333333333333 0.02048857368006304 0.050314465408805034
1 0.8727344365642238 0.29952830188679247 0.016548463356973995 0.04559748427672956
1 0.88849487785658 0.29245283018867924 0.018124507486209612 0.0440251572327044
1 0.8684003152088259 0.23034591194968554 0.017336485421591805 0.036163522012578615
1 0.8790386130811663 0.21855345911949686 0.014972419227738377 0.03773584905660377
1 0.9117415287628053 0.22955974842767296 0.01260835303388495 0.040880503144654086
1 0.9062253743104807 0.2539308176100629 0.015760441292356184 0.036163522012578615
1 0.9330181245074862 0.2688679245283019 0.014184397163120567 0.03773584905660377
1 0.9483845547675335 0.24135220125786164 0.014972419227738377 0.03930817610062893
1 0.9854215918045706 0.2578616352201258 0.014972419227738377 0.040880503144654086
1 0.9783293932230103 0.3018867924528302 0.016548463356973995 0.03459119496855346
1 0.9743892828999212 0.31761006289308175 0.014972419227738377 0.040880503144654086
1 0.9767533490937746 0.3490566037735849 0.019700551615445233 0.04716981132075472
1 0.9511426319936959 0.3710691823899371 0.02048857368006304 0.06289308176100629
1 0.9278959810874704 0.3191823899371069 0.014972419227738377 0.050314465408805034
1 0.9617809298660362 0.449685534591195 0.02127659574468085 0.0660377358490566