1 0.4473938223938224 0.2555746140651801 0.033783783783783786 0.058319039451114926
1 0.5352316602316602 0.2006861063464837 0.016409266409266408 0.030874785591766724
1 0.6013513513513513 0.16380789022298456 0.019305019305019305 0.029159519725557463
1 0.6182432432432432 0.2032590051457976 0.01833976833976834 0.03945111492281304
1 0.6655405405405406 0.19897084048027444 0.010617760617760617 0.030874785591766724
1 0.6785714285714286 0.258147512864494 0.023166023166023165 0.04631217838765009
1 0.6795366795366795 0.21269296740994853 0.017374517374517374 0.03430531732418525
1 0.7065637065637066 0.20411663807890223 0.015444015444015444 0.0411663807890223
1 0.7466216216216216 0.22384219554030874 0.02027027027027027 0.036020583190394515
1 0.7794401544401545 0.25128644939965694 0.02027027027027027 0.04974271012006861
1 0.8223938223938224 0.23756432246998285 0.019305019305019305 0.04631217838765009
1 0.8011583011583011 0.3893653516295026 0.03088803088803089 0.0686106346483705
1 0.9136100386100386 0.3927958833619211 0.029922779922779922 0.07204116638078903
1 0.7417953667953668 0.35506003430531735 0.029922779922779922 0.0548885077186964
1 0.7335907335907336 0.2890222984562607 0.025096525096525095 0.04974271012006861