1 0.06376262626262626 0.3650927487352445 0.07196969696969698 0.10961214165261383
1 0.0928030303030303 0.5008431703204047 0.08964646464646464 0.1281618887015177
1 0.27904040404040403 0.4317032040472175 0.08080808080808081 0.11467116357504216
1 0.23737373737373738 0.44097807757166946 0.04292929292929293 0.07588532883642496
1 0.3592171717171717 0.39291736930860033 0.06439393939393939 0.1045531197301855
1 0.44002525252525254 0.4258010118043845 0.06944444444444445 0.11298482293423272
1 0.5410353535353535 0.4266441821247892 0.06944444444444445 0.10118043844856661
1 0.6167929292929293 0.45699831365935917 0.06439393939393939 0.12141652613827993
1 0.6988636363636364 0.3979763912310287 0.06691919191919192 0.1045531197301855
1 0.7878787878787878 0.44013490725126475 0.06818181818181818 0.1281618887015177
1 0.8560606060606061 0.40556492411467115 0.06313131313131314 0.09612141652613827