1 0.18456375838926176 0.3356521739130435 0.037392138063279005 0.08695652173913043
1 0.3796740172579099 0.18347826086956523 0.015340364333652923 0.03304347826086956
1 0.3983700862895494 0.19130434782608696 0.016299137104506232 0.034782608695652174
1 0.39213806327900286 0.22869565217391305 0.01725790987535954 0.04
1 0.40220517737296263 0.15217391304347827 0.012464046021093002 0.029565217391304348
1 0.43288590604026844 0.1956521739130435 0.012464046021093002 0.03304347826086956
1 0.4520613614573346 0.23652173913043478 0.01821668264621285 0.04521739130434783
1 0.4793863854266539 0.21739130434782608 0.01725790987535954 0.04521739130434783
1 0.45685522531160117 0.19826086956521738 0.016299137104506232 0.03826086956521739
1 0.43288590604026844 0.1356521739130435 0.010546500479386385 0.02434782608695652
1 0.44247363374880155 0.1591304347826087 0.012464046021093002 0.03304347826086956
1 0.4563758389261745 0.16260869565217392 0.011505273250239693 0.029565217391304348
1 0.47603068072866733 0.17565217391304347 0.014381591562799617 0.034782608695652174
1 0.5057526366251198 0.18608695652173912 0.016299137104506232 0.03826086956521739
1 0.475071907957814 0.14695652173913043 0.012464046021093002 0.02608695652173913
1 0.46883988494726747 0.13391304347826086 0.011505273250239693 0.017391304347826087
1 0.4894534995206136 0.12956521739130436 0.010546500479386385 0.02608695652173913
1 0.5023969319271333 0.10956521739130434 0.009587727708533078 0.02434782608695652
1 0.5417066155321189 0.1443478260869565 0.011505273250239693 0.02782608695652174
1 0.5536912751677853 0.1565217391304348 0.014381591562799617 0.03826086956521739
1 0.5407478427612655 0.18347826086956523 0.015340364333652923 0.036521739130434785
1 0.5805369127516778 0.12434782608695652 0.012464046021093002 0.029565217391304348
1 0.5910834132310643 0.09391304347826086 0.00862895493767977 0.02434782608695652
1 0.6150527325023969 0.08869565217391304 0.00862895493767977 0.02434782608695652
1 0.6088207094918504 0.11478260869565217 0.011505273250239693 0.02782608695652174
1 0.62751677852349 0.10956521739130434 0.010546500479386385 0.02434782608695652
1 0.6241610738255033 0.13217391304347825 0.013422818791946308 0.02782608695652174
1 0.5896452540747843 0.15739130434782608 0.015340364333652923 0.036521739130434785
1 0.5934803451581975 0.1426086956521739 0.015340364333652923 0.02782608695652174
1 0.5632790028763183 0.2669565217391304 0.020134228187919462 0.04
1 0.6131351869606904 0.2417391304347826 0.023969319271332695 0.059130434782608696
1 0.6265580057526366 0.2808695652173913 0.027804410354745925 0.057391304347826085
1 0.6428571428571429 0.21043478260869566 0.01821668264621285 0.04521739130434783
1 0.6960690316395014 0.3182608695652174 0.023010546500479387 0.08347826086956522
1 0.7301054650047939 0.2669565217391304 0.02588686481303931 0.057391304347826085
1 0.7588686481303931 0.23304347826086957 0.01821668264621285 0.05217391304347826
1 0.7545541706615532 0.19478260869565217 0.019175455417066157 0.04173913043478261
1 0.7919463087248322 0.2669565217391304 0.023010546500479387 0.04695652173913043
1 0.7885906040268457 0.22 0.014381591562799617 0.036521739130434785
1 0.8360498561840843 0.3234782608695652 0.02109300095877277 0.059130434782608696
1 0.887823585810163 0.25478260869565217 0.015340364333652923 0.05391304347826087
1 0.9046021093000959 0.24521739130434783 0.016299137104506232 0.03826086956521739
1 0.8983700862895494 0.2252173913043478 0.013422818791946308 0.04
1 0.9314477468839885 0.30695652173913046 0.01821668264621285 0.050434782608695654
1 0.840843720038351 0.2165217391304348 0.015340364333652923 0.04
1 0.9333652924256951 0.24434782608695652 0.012464046021093002 0.02608695652173913
1 0.9031639501438159 0.19217391304347825 0.011505273250239693 0.036521739130434785
1 0.9405560882070949 0.14956521739130435 0.009587727708533078 0.02782608695652174
1 0.9443911792905082 0.1817391304347826 0.011505273250239693 0.029565217391304348
1 0.9592521572387345 0.19826086956521738 0.012464046021093002 0.034782608695652174
1 0.8796740172579098 0.16782608695652174 0.012464046021093002 0.03304347826086956
1 0.862895493767977 0.18347826086956523 0.011505273250239693 0.03304347826086956
1 0.8302972195589645 0.16782608695652174 0.011505273250239693 0.03304347826086956
1 0.8441994247363375 0.14521739130434783 0.012464046021093002 0.036521739130434785
1 0.7809204218600192 0.17652173913043478 0.012464046021093002 0.03304347826086956
1 0.7670182166826462 0.15130434782608695 0.013422818791946308 0.02782608695652174
1 0.783796740172579 0.12347826086956522 0.010546500479386385 0.02434782608695652
1 0.789549376797699 0.14956521739130435 0.012464046021093002 0.034782608695652174
1 0.7171620325982742 0.1791304347826087 0.013422818791946308 0.03826086956521739
1 0.7344199424736337 0.16608695652173913 0.013422818791946308 0.03304347826086956
1 0.7444870565675935 0.12260869565217392 0.010546500479386385 0.029565217391304348
1 0.6677852348993288 0.19478260869565217 0.01821668264621285 0.03826086956521739
1 0.6639501438159157 0.08782608695652173 0.00862895493767977 0.02608695652173913
1 0.6687440076701822 0.11739130434782609 0.012464046021093002 0.029565217391304348
1 0.6917545541706616 0.10434782608695652 0.010546500479386385 0.02434782608695652
1 0.7051773729626079 0.10782608695652174 0.010546500479386385 0.02782608695652174
1 0.6970278044103547 0.15217391304347827 0.013422818791946308 0.03304347826086956