1 0.085 0.465 0.11333333333333333 0.13
1 0.050833333333333335 0.355 0.09833333333333333 0.135
1 0.2025 0.44 0.07166666666666667 0.11
1 0.2175 0.32125 0.06833333333333333 0.1175
1 0.28583333333333333 0.345 0.055 0.085
1 0.31 0.44 0.07333333333333333 0.11
1 0.35833333333333334 0.48875 0.06 0.0925
1 0.4125 0.32625 0.07166666666666667 0.1175
1 0.5483333333333333 0.3675 0.10666666666666667 0.195
1 0.43916666666666665 0.415 0.065 0.1
1 0.6908333333333333 0.62375 0.09833333333333333 0.1825
1 0.71 0.77125 0.09666666666666666 0.1775
1 0.8016666666666666 0.5075 0.1 0.17
1 0.72 0.3975 0.07 0.15
1 0.8333333333333334 0.32125 0.07333333333333333 0.1625
1 0.9591666666666666 0.61625 0.07833333333333334 0.1775
1 0.9366666666666666 0.78375 0.12333333333333334 0.2075
1 0.7075 0.20625 0.035 0.0625
1 0.6516666666666666 0.19625 0.03333333333333333 0.0625
1 0.5741666666666667 0.17875 0.035 0.0575