1 0.03688989784335982 0.3806122448979592 0.028376844494892167 0.05102040816326531
1 0.2741203178206583 0.28469387755102044 0.0170261066969353 0.030612244897959183
1 0.3195232690124858 0.25612244897959185 0.014755959137343927 0.030612244897959183
1 0.33825198637911463 0.2897959183673469 0.018161180476730987 0.0326530612244898
1 0.3677639046538025 0.21836734693877552 0.01362088535754824 0.0326530612244898
1 0.38819523269012485 0.2193877551020408 0.01362088535754824 0.03469387755102041
1 0.4284903518728717 0.2714285714285714 0.019296254256526674 0.04081632653061224
1 0.4035187287173666 0.17448979591836736 0.01021566401816118 0.022448979591836733
1 0.45062429057888764 0.1489795918367347 0.011350737797956867 0.02857142857142857
1 0.47956867196367764 0.22857142857142856 0.014755959137343927 0.0326530612244898
1 0.48297389330306467 0.3020408163265306 0.021566401816118047 0.04897959183673469
1 0.5573212258796821 0.29591836734693877 0.022701475595913734 0.04081632653061224
1 0.5998864926220204 0.33979591836734696 0.02383654937570942 0.05918367346938776
1 0.6702610669693531 0.36020408163265305 0.026106696935300794 0.05918367346938776
1 0.6106696935300795 0.25204081632653064 0.022701475595913734 0.04285714285714286
1 0.6191827468785471 0.19489795918367347 0.021566401816118047 0.030612244897959183
1 0.6106696935300795 0.15 0.015891032917139614 0.022448979591836733
1 0.5709421112372304 0.1673469387755102 0.011350737797956867 0.0326530612244898
1 0.5056753688989785 0.19795918367346937 0.012485811577752554 0.02857142857142857
1 0.5261066969353008 0.20204081632653062 0.0170261066969353 0.02857142857142857
1 0.47616345062429055 0.1683673469387755 0.014755959137343927 0.022448979591836733
1 0.4880817253121453 0.1336734693877551 0.01362088535754824 0.022448979591836733
1 0.4211123723041998 0.22244897959183674 0.01362088535754824 0.02040816326530612
1 0.4398410896708286 0.22959183673469388 0.0170261066969353 0.03469387755102041
1 0.5278093076049943 0.14489795918367346 0.01362088535754824 0.0326530612244898
1 0.5584562996594779 0.11938775510204082 0.009080590238365494 0.018367346938775512
1 0.6577752553916004 0.2755102040816326 0.026106696935300794 0.044897959183673466
1 0.7105561861520999 0.3 0.022701475595913734 0.04897959183673469
1 0.7741203178206584 0.3051020408163265 0.022701475595913734 0.05510204081632653
1 0.7474460839954598 0.22448979591836735 0.019296254256526674 0.04081632653061224
1 0.8098751418842225 0.23775510204081632 0.0170261066969353 0.04285714285714286
1 0.8603859250851306 0.2173469387755102 0.015891032917139614 0.03469387755102041
1 0.9154370034052214 0.2897959183673469 0.0170261066969353 0.04897959183673469
1 0.9188422247446084 0.19489795918367347 0.0170261066969353 0.030612244897959183
1 0.9313280363223609 0.17755102040816326 0.012485811577752554 0.024489795918367346
1 0.8842224744608399 0.13673469387755102 0.015891032917139614 0.02857142857142857
1 0.862088535754824 0.1306122448979592 0.0170261066969353 0.02040816326530612
1 0.8637911464245176 0.15612244897959185 0.015891032917139614 0.026530612244897958
1 0.880249716231555 0.19285714285714287 0.014755959137343927 0.03469387755102041
1 0.8444948921679909 0.16224489795918368 0.018161180476730987 0.030612244897959183
1 0.8013620885357549 0.1816326530612245 0.01362088535754824 0.04081632653061224
1 0.757094211123723 0.16938775510204082 0.018161180476730987 0.02857142857142857
1 0.7360953461975028 0.18877551020408162 0.026106696935300794 0.030612244897959183
1 0.6935300794551645 0.22959183673469388 0.018161180476730987 0.04693877551020408
1 0.6583427922814983 0.2163265306122449 0.02724177071509648 0.036734693877551024
1 0.6793416572077186 0.1489795918367347 0.0170261066969353 0.02857142857142857
1 0.6969353007945517 0.1836734693877551 0.018161180476730987 0.0326530612244898
1 0.7366628830874007 0.14795918367346939 0.01362088535754824 0.022448979591836733
1 0.7593643586833144 0.13163265306122449 0.01362088535754824 0.022448979591836733
1 0.7763904653802497 0.12551020408163266 0.011350737797956867 0.026530612244897958
1 0.7939841089670828 0.1346938775510204 0.01021566401816118 0.02857142857142857
1 0.7457434733257662 0.12040816326530612 0.011350737797956867 0.02040816326530612
1 0.7236095346197503 0.1357142857142857 0.014755959137343927 0.030612244897959183
1 0.6861520998864926 0.10714285714285714 0.012485811577752554 0.030612244897959183
1 0.6464245175936436 0.10816326530612246 0.014755959137343927 0.02857142857142857
1 0.5845629965947786 0.10306122448979592 0.009080590238365494 0.014285714285714285
1 0.815550510783201 0.17142857142857143 0.01021566401816118 0.02857142857142857
1 0.8303064699205448 0.14591836734693878 0.01021566401816118 0.030612244897959183
1 0.5482406356413166 0.15612244897959185 0.018161180476730987 0.03877551020408163
1 0.7020431328036323 0.1510204081632653 0.012485811577752554 0.02857142857142857