1 0.15678449258836943 0.36585365853658536 0.03534777651083238 0.07723577235772358
1 0.3255416191562144 0.23170731707317074 0.021664766248574687 0.044715447154471545
1 0.34378563283922464 0.19613821138211382 0.014823261117445839 0.042682926829268296
1 0.3557582668187001 0.21341463414634146 0.018244013683010263 0.036585365853658534
1 0.4167616875712657 0.20528455284552846 0.019384264538198404 0.04065040650406504
1 0.4264538198403649 0.18089430894308944 0.018244013683010263 0.04065040650406504
1 0.4526795895096921 0.21544715447154472 0.020524515393386546 0.044715447154471545
1 0.4880273660205245 0.22865853658536586 0.020524515393386546 0.0508130081300813
1 0.48346636259977194 0.18495934959349594 0.01596351197263398 0.036585365853658534
1 0.45039908779931587 0.1524390243902439 0.01596351197263398 0.032520325203252036
1 0.47377423033067273 0.1483739837398374 0.012542759407069556 0.032520325203252036
1 0.48175598631698974 0.13414634146341464 0.014823261117445839 0.028455284552845527
1 0.49885974914481185 0.15142276422764228 0.01710376282782212 0.03048780487804878
1 0.5102622576966933 0.1402439024390244 0.012542759407069556 0.024390243902439025
1 0.5165336374002281 0.15853658536585366 0.01596351197263398 0.028455284552845527
1 0.5199543899657925 0.11991869918699187 0.011402508551881414 0.024390243902439025
1 0.5370581527936146 0.14939024390243902 0.01596351197263398 0.03048780487804878
1 0.5587229190421893 0.12195121951219512 0.011402508551881414 0.028455284552845527
1 0.5496009122006842 0.18800813008130082 0.018244013683010263 0.046747967479674794
1 0.5553021664766249 0.16361788617886178 0.01596351197263398 0.03861788617886179
1 0.5706955530216647 0.16056910569105692 0.014823261117445839 0.032520325203252036
1 0.5912200684150513 0.1758130081300813 0.01710376282782212 0.03861788617886179
1 0.5895096921322691 0.11686991869918699 0.013683010262257697 0.034552845528455285
1 0.6066134549600912 0.1402439024390244 0.013683010262257697 0.032520325203252036
1 0.6111744583808438 0.09959349593495935 0.011402508551881414 0.028455284552845527
1 0.6436716077537058 0.11991869918699187 0.012542759407069556 0.024390243902439025
1 0.636830102622577 0.14532520325203252 0.012542759407069556 0.026422764227642278
1 0.6533637400228051 0.14939024390243902 0.01596351197263398 0.034552845528455285
1 0.661345496009122 0.13109756097560976 0.013683010262257697 0.03048780487804878
1 0.6664766248574686 0.11483739837398374 0.014823261117445839 0.03048780487804878
1 0.6522234891676169 0.10670731707317073 0.011402508551881414 0.022357723577235773
1 0.6944127708095781 0.12296747967479675 0.013683010262257697 0.026422764227642278
1 0.7103762827822121 0.1290650406504065 0.011402508551881414 0.026422764227642278
1 0.5290763968072976 0.27134146341463417 0.02508551881413911 0.0508130081300813
1 0.5940706955530216 0.28760162601626016 0.020524515393386546 0.0508130081300813
1 0.6054732041049031 0.3099593495934959 0.029646522234891677 0.06707317073170732
1 0.6579247434435576 0.3394308943089431 0.029646522234891677 0.07723577235772358
1 0.6031927023945268 0.23577235772357724 0.02508551881413911 0.052845528455284556
1 0.6351197263397947 0.25101626016260165 0.02280501710376283 0.046747967479674794
1 0.6334093500570125 0.20630081300813008 0.019384264538198404 0.042682926829268296
1 0.6716077537058153 0.22459349593495934 0.020524515393386546 0.054878048780487805
1 0.6738882554161916 0.1798780487804878 0.018244013683010263 0.03861788617886179
1 0.7080957810718358 0.1798780487804878 0.018244013683010263 0.03861788617886179
1 0.7246294184720639 0.23170731707317074 0.021664766248574687 0.044715447154471545
1 0.693842645381984 0.39735772357723576 0.0330672748004561 0.07113821138211382
1 0.7457240592930444 0.17073170731707318 0.018244013683010263 0.04065040650406504
1 0.7599771949828963 0.13008130081300814 0.014823261117445839 0.04065040650406504
1 0.7702394526795895 0.14634146341463414 0.014823261117445839 0.036585365853658534
1 0.7862029646522235 0.14329268292682926 0.01710376282782212 0.034552845528455285
1 0.7816419612314709 0.18089430894308944 0.01710376282782212 0.04065040650406504
1 0.8010262257696693 0.2032520325203252 0.019384264538198404 0.052845528455284556
1 0.8021664766248575 0.16869918699186992 0.012542759407069556 0.028455284552845527
1 0.8187001140250855 0.19308943089430894 0.01596351197263398 0.04065040650406504
1 0.8369441277080958 0.17378048780487804 0.013683010262257697 0.03048780487804878
1 0.8466362599771949 0.15955284552845528 0.012542759407069556 0.03048780487804878
1 0.855188141391106 0.18800813008130082 0.01596351197263398 0.042682926829268296
1 0.8460661345496009 0.2184959349593496 0.018244013683010263 0.046747967479674794
1 0.8204104903078677 0.25914634146341464 0.021664766248574687 0.054878048780487805
1 0.7805017103762828 0.2774390243902439 0.026225769669327253 0.06300813008130081
1 0.8181299885974914 0.3678861788617886 0.03534777651083238 0.06910569105691057
1 0.8454960091220068 0.29878048780487804 0.028506271379703536 0.06097560975609756
1 0.8774230330672748 0.2733739837398374 0.02394526795895097 0.054878048780487805
1 0.8893956670467503 0.2266260162601626 0.018244013683010263 0.042682926829268296
1 0.87115165336374 0.18597560975609756 0.013683010262257697 0.03048780487804878
1 0.8751425313568986 0.16463414634146342 0.012542759407069556 0.024390243902439025
1 0.8802736602052451 0.15142276422764228 0.013683010262257697 0.026422764227642278
1 0.9002280501710376 0.19613821138211382 0.01710376282782212 0.03861788617886179
1 0.9218928164196123 0.18089430894308944 0.012542759407069556 0.036585365853658534
1 0.9304446978335233 0.2784552845528455 0.02280501710376283 0.04878048780487805
1 0.9150513112884835 0.33434959349593496 0.02394526795895097 0.0508130081300813
1 0.9150513112884835 0.3983739837398374 0.028506271379703536 0.07317073170731707
1 0.9264538198403649 0.23983739837398374 0.01710376282782212 0.04065040650406504
1 0.9401368301026226 0.23373983739837398 0.01710376282782212 0.036585365853658534
1 0.9555302166476625 0.18597560975609756 0.01596351197263398 0.03861788617886179
1 0.6870011402508552 0.2815040650406504 0.028506271379703536 0.0508130081300813