1 0.061224489795918366 0.29842931937172773 0.027210884353741496 0.05235602094240838
1 0.2687074829931973 0.22164048865619546 0.01652089407191448 0.034904013961605584
1 0.3275024295432459 0.19982547993019198 0.01749271137026239 0.03315881326352531
1 0.3566569484936832 0.2268760907504363 0.019436345966958212 0.034904013961605584
1 0.3707482993197279 0.18848167539267016 0.012633624878522837 0.031413612565445025
1 0.3882410106899903 0.19458987783595114 0.01652089407191448 0.03315881326352531
1 0.38872691933916426 0.2443280977312391 0.019436345966958212 0.04537521815008726
1 0.4076773566569485 0.23472949389179756 0.0184645286686103 0.03315881326352531
1 0.44509232264334303 0.2591623036649215 0.023323615160349854 0.0506108202443281
1 0.42517006802721086 0.1762652705061082 0.012633624878522837 0.031413612565445025
1 0.4042759961127308 0.16404886561954624 0.013605442176870748 0.027923211169284468
1 0.39261418853255586 0.16666666666666666 0.013605442176870748 0.029668411867364748
1 0.42857142857142855 0.14834205933682373 0.011661807580174927 0.027923211169284468
1 0.47327502429543244 0.20331588132635253 0.019436345966958212 0.03315881326352531
1 0.467444120505345 0.13787085514834205 0.013605442176870748 0.027923211169284468
1 0.47910592808551994 0.15357766143106458 0.011661807580174927 0.031413612565445025
1 0.48639455782312924 0.17015706806282724 0.01652089407191448 0.03315881326352531
1 0.4902818270165209 0.13525305410122165 0.010689990281827016 0.02617801047120419
1 0.49805636540330417 0.13176265270506107 0.010689990281827016 0.02268760907504363
1 0.5189504373177842 0.13350785340314136 0.011661807580174927 0.02268760907504363
1 0.5272108843537415 0.1300174520069808 0.010689990281827016 0.03315881326352531
1 0.5393586005830904 0.13699825479930192 0.013605442176870748 0.029668411867364748
1 0.5189504373177842 0.1762652705061082 0.021379980563654033 0.038394415357766144
1 0.5038872691933917 0.21029668411867364 0.02040816326530612 0.04363001745200698
1 0.5549076773566569 0.18150087260034903 0.019436345966958212 0.038394415357766144
1 0.575801749271137 0.1212914485165794 0.010689990281827016 0.02617801047120419
1 0.5864917395529641 0.1212914485165794 0.012633624878522837 0.03315881326352531
1 0.5913508260447036 0.15270506108202445 0.012633624878522837 0.03664921465968586
1 0.6122448979591837 0.10296684118673648 0.011661807580174927 0.020942408376963352
1 0.6068999028182702 0.12478184991273997 0.012633624878522837 0.029668411867364748
1 0.6273080660835763 0.1212914485165794 0.010689990281827016 0.02617801047120419
1 0.6350826044703596 0.11343804537521815 0.010689990281827016 0.02443280977312391
1 0.6379980563654033 0.14834205933682373 0.012633624878522837 0.02443280977312391
1 0.6185617103984451 0.19982547993019198 0.022351797862001945 0.04013961605584642
1 0.652089407191448 0.14048865619546247 0.015549076773566569 0.029668411867364748
1 0.6593780369290574 0.1169284467713787 0.012633624878522837 0.02443280977312391
1 0.6632653061224489 0.1012216404886562 0.010689990281827016 0.020942408376963352
1 0.6822157434402333 0.12827225130890052 0.013605442176870748 0.02617801047120419
1 0.6861030126336248 0.10645724258289703 0.013605442176870748 0.02443280977312391
1 0.7142857142857143 0.11082024432809773 0.013605442176870748 0.02617801047120419
1 0.7133138969873664 0.1631762652705061 0.015549076773566569 0.03315881326352531
1 0.6550048590864918 0.1893542757417103 0.01749271137026239 0.04013961605584642
1 0.641399416909621 0.24607329842931938 0.021379980563654033 0.04886561954624782
1 0.5719144800777454 0.25043630017452007 0.022351797862001945 0.0506108202443281
1 0.576287657920311 0.2757417102966841 0.029154518950437316 0.05235602094240838
1 0.672983479105928 0.2181500872600349 0.02040816326530612 0.041884816753926704
1 0.7050534499514092 0.19109947643979058 0.0184645286686103 0.03664921465968586
1 0.7332361516034985 0.13787085514834205 0.014577259475218658 0.027923211169284468
1 0.7453838678328474 0.16404886561954624 0.015549076773566569 0.031413612565445025
1 0.750242954324587 0.20331588132635253 0.015549076773566569 0.04712041884816754
1 0.7157434402332361 0.2356020942408377 0.022351797862001945 0.038394415357766144
1 0.6861030126336248 0.2600349040139616 0.021379980563654033 0.04537521815008726
1 0.7410106899902819 0.2582897033158813 0.026239067055393587 0.05235602094240838
1 0.7764820213799806 0.23647469458987783 0.019436345966958212 0.03664921465968586
1 0.7628765792031098 0.14223385689354276 0.015549076773566569 0.03315881326352531
1 0.7789115646258503 0.13787085514834205 0.010689990281827016 0.027923211169284468
1 0.7988338192419825 0.12827225130890052 0.013605442176870748 0.02617801047120419
1 0.7925170068027211 0.1544502617801047 0.01652089407191448 0.029668411867364748
1 0.814382896015549 0.14223385689354276 0.013605442176870748 0.02268760907504363
1 0.8279883381924198 0.1806282722513089 0.013605442176870748 0.029668411867364748
1 0.8445092322643343 0.156195462478185 0.011661807580174927 0.02617801047120419
1 0.8513119533527697 0.1457242582897033 0.011661807580174927 0.02617801047120419
1 0.8537414965986394 0.17713787085514834 0.014577259475218658 0.03315881326352531
1 0.8080660835762876 0.15095986038394416 0.012633624878522837 0.02617801047120419
1 0.8712342079689018 0.17277486910994763 0.01652089407191448 0.038394415357766144
1 0.8945578231292517 0.156195462478185 0.010689990281827016 0.02617801047120419
1 0.9101068999028182 0.16404886561954624 0.010689990281827016 0.027923211169284468
1 0.8819241982507289 0.23211169284467714 0.01652089407191448 0.038394415357766144
1 0.8459669582118562 0.20593368237347295 0.014577259475218658 0.038394415357766144
1 0.8411078717201166 0.23472949389179756 0.0184645286686103 0.04363001745200698
1 0.793974732750243 0.21204188481675393 0.01749271137026239 0.03664921465968586
1 0.793974732750243 0.28272251308900526 0.023323615160349854 0.055846422338568937
1 0.8644314868804664 0.2486910994764398 0.02040816326530612 0.0506108202443281
1 0.8445092322643343 0.34293193717277487 0.023323615160349854 0.06108202443280977
1 0.9397473275024295 0.1736474694589878 0.013605442176870748 0.02617801047120419
1 0.9033041788143829 0.1980802792321117 0.012633624878522837 0.02268760907504363
1 0.9363459669582118 0.225130890052356 0.014577259475218658 0.041884816753926704
1 0.9295432458697764 0.25654450261780104 0.0184645286686103 0.04537521815008726
1 0.9382896015549077 0.20157068062827224 0.014577259475218658 0.03664921465968586
1 0.9382896015549077 0.306282722513089 0.0184645286686103 0.05410122164048865
1 0.9280855199222546 0.3769633507853403 0.031098153547133137 0.06282722513089005
1 0.901846452866861 0.2198952879581152 0.015549076773566569 0.020942408376963352
1 0.7551020408163265 0.13525305410122165 0.011661807580174927 0.02617801047120419