1 0.136986301369863 0.566079295154185 0.040290088638195005 0.08663729809104258
1 0.23489121676067687 0.34508076358296624 0.018533440773569703 0.0381791483113069
1 0.26148267526188557 0.3524229074889868 0.021756647864625302 0.04405286343612335
1 0.2868654311039484 0.3766519823788546 0.020950846091861403 0.04552129221732746
1 0.290088638195004 0.3091042584434655 0.017727639000805803 0.039647577092511016
1 0.3569701853344077 0.35389133627019087 0.022562449637389202 0.04698972099853157
1 0.35132957292506045 0.3267254038179148 0.014504431909750202 0.033773861967694566
1 0.35495568090249796 0.2988252569750367 0.018533440773569703 0.033773861967694566
1 0.3863819500402901 0.3370044052863436 0.016921837228041903 0.03671071953010279
1 0.4073327961321515 0.3355359765051395 0.020145044319097503 0.039647577092511016
1 0.40612409347300565 0.30616740088105726 0.017727639000805803 0.027900146842878122
1 0.4065269943593876 0.28046989720998533 0.016921837228041903 0.02643171806167401
1 0.39685737308622077 0.26284875183553597 0.015310233682514102 0.02936857562408223
1 0.4226430298146656 0.263582966226138 0.018533440773569703 0.033773861967694566
1 0.44319097502014504 0.26945668135095446 0.014504431909750202 0.030837004405286344
1 0.43432715551974216 0.30983847283406757 0.016116035455278 0.0381791483113069
1 0.4443996776792909 0.34140969162995594 0.020145044319097503 0.039647577092511016
1 0.47300564061240935 0.3120411160058737 0.020950846091861403 0.033773861967694566
1 0.45769540692989524 0.25036710719530103 0.017727639000805803 0.033773861967694566
1 0.4693795326349718 0.27312775330396477 0.016921837228041903 0.032305433186490456
1 0.4657534246575342 0.2393538913362702 0.014504431909750202 0.02936857562408223
1 0.48912167606768736 0.26945668135095446 0.016116035455278 0.030837004405286344
1 0.5016116035455278 0.2643171806167401 0.015310233682514102 0.02643171806167401
1 0.5181305398871877 0.24522760646108663 0.014504431909750202 0.02936857562408223
1 0.5189363416599516 0.27973568281938327 0.016116035455278 0.030837004405286344
1 0.5394842868654312 0.2511013215859031 0.016921837228041903 0.02936857562408223
1 0.5523771152296535 0.28854625550660795 0.015310233682514102 0.039647577092511016
1 0.5020145044319098 0.33186490455212925 0.020950846091861403 0.04405286343612335
1 0.4863013698630137 0.3957415565345081 0.0346494762288477 0.05726872246696035
1 0.5620467365028203 0.22173274596182085 0.008863819500402902 0.023494860499265784
1 0.5692989524576955 0.23715124816446403 0.012087026591458501 0.027900146842878122
1 0.580177276390008 0.2422907488986784 0.0128928283642224 0.02936857562408223
1 0.5668815471394038 0.2753303964757709 0.015310233682514102 0.03671071953010279
1 0.5926672038678485 0.2555066079295154 0.015310233682514102 0.02936857562408223
1 0.5987107171635777 0.22246696035242292 0.009669621273166801 0.030837004405286344
1 0.5930701047542305 0.2143906020558003 0.009669621273166801 0.02643171806167401
1 0.6200644641418211 0.22173274596182085 0.0136986301369863 0.032305433186490456
1 0.6341659951651893 0.22834067547723935 0.011281224818694601 0.024963289280469897
1 0.6361804995970991 0.24963289280469897 0.015310233682514102 0.02643171806167401
1 0.6647864625302176 0.2356828193832599 0.0128928283642224 0.027900146842878122
1 0.6809024979854955 0.2327459618208517 0.014504431909750202 0.033773861967694566
1 0.661563255439162 0.21071953010279001 0.0128928283642224 0.024963289280469897
1 0.5950846091861403 0.3311306901615272 0.021756647864625302 0.0513950073421439
1 0.5898468976631749 0.37812041116005873 0.024174053182917002 0.05433186490455213
1 0.5451248992747784 0.4089574155653451 0.0249798549556809 0.05726872246696035
1 0.5261885576148267 0.36123348017621143 0.022562449637389202 0.04405286343612335
1 0.6063658340048348 0.43392070484581496 0.029814665592264304 0.06020558002936858
1 0.6277195809830781 0.4765051395007342 0.029008863819500404 0.06901615271659324
1 0.693392425463336 0.552863436123348 0.0362610797743755 0.07782672540381791
1 0.6426269137792103 0.34287812041116006 0.023368251410153102 0.04552129221732746
1 0.6277195809830781 0.3091042584434655 0.020950846091861403 0.039647577092511016
1 0.6619661563255439 0.2812041116005874 0.018533440773569703 0.042584434654919234
1 0.6869460112812248 0.3069016152716593 0.018533440773569703 0.04405286343612335
1 0.6990330378726833 0.3091042584434655 0.016921837228041903 0.039647577092511016
1 0.6990330378726833 0.25477239353891334 0.0136986301369863 0.033773861967694566
1 0.7228041901692184 0.25624082232011747 0.016116035455278 0.03671071953010279
1 0.7268331990330379 0.24082232011747431 0.0128928283642224 0.02643171806167401
1 0.74174053182917 0.2327459618208517 0.016921837228041903 0.030837004405286344
1 0.7735697018533441 0.24302496328928047 0.0128928283642224 0.030837004405286344
1 0.7703464947622884 0.2973568281938326 0.020950846091861403 0.03671071953010279
1 0.7675261885576148 0.26945668135095446 0.015310233682514102 0.030837004405286344
1 0.6809024979854955 0.3707782672540382 0.022562449637389202 0.048458149779735685
1 0.6563255439161966 0.38839941262848754 0.0265914585012087 0.0631424375917768
1 0.7187751813053989 0.4118942731277533 0.0257856567284448 0.048458149779735685
1 0.7763900080580177 0.43759177679882527 0.028203062046736505 0.06461086637298091
1 0.8053988718775181 0.36637298091042586 0.023368251410153102 0.05433186490455213
1 0.8070104754230459 0.3054331864904552 0.015310233682514102 0.03524229074889868
1 0.8094278807413376 0.27606461086637296 0.016921837228041903 0.03524229074889868
1 0.8005640612409347 0.24963289280469897 0.016921837228041903 0.0381791483113069
1 0.8315874294923449 0.26138032305433184 0.0128928283642224 0.03524229074889868
1 0.83883964544722 0.276798825256975 0.016116035455278 0.03671071953010279
1 0.8489121676067687 0.2834067547723935 0.0136986301369863 0.032305433186490456
1 0.862610797743755 0.2643171806167401 0.015310233682514102 0.03524229074889868
1 0.8843674456083803 0.27973568281938327 0.0136986301369863 0.03671071953010279
1 0.878726833199033 0.3237885462555066 0.016921837228041903 0.039647577092511016
1 0.8565672844480258 0.3436123348017621 0.020950846091861403 0.04698972099853157
1 0.8352135374697824 0.3186490455212922 0.020145044319097503 0.041116005873715125
1 0.8505237711522965 0.38179148311306904 0.0265914585012087 0.06461086637298091
1 0.8182917002417406 0.4977973568281938 0.031426269137792104 0.07342143906020558
1 0.8372280419016922 0.4618208516886931 0.0257856567284448 0.06607929515418502
1 0.910958904109589 0.47430249632892807 0.033037872683319904 0.07342143906020558
1 0.9049153908138597 0.4023494860499266 0.024174053182917002 0.055800293685756244
1 0.919822723609992 0.36123348017621143 0.016921837228041903 0.04698972099853157
1 0.8988718775181306 0.31130690161527164 0.015310233682514102 0.03524229074889868
1 0.9226430298146656 0.3142437591776799 0.014504431909750202 0.0381791483113069
1 0.927880741337631 0.276798825256975 0.0136986301369863 0.030837004405286344