1 0.917087967644085 0.31616341030195383 0.020222446916076844 0.06039076376554174
1 0.9282103134479271 0.2895204262877442 0.01820020222446916 0.0497335701598579
1 0.9433771486349848 0.2539964476021314 0.016177957532861477 0.046181172291296625
1 0.9312436804853387 0.2024866785079929 0.014155712841253791 0.03907637655417407
1 0.9403437815975733 0.19626998223801065 0.014155712841253791 0.037300177619893425
1 0.9469160768452983 0.17584369449378331 0.011122345803842264 0.035523978685612786
1 0.923154701718908 0.15097690941385436 0.012133468149646108 0.03197158081705151
1 0.91051567239636 0.18294849023090587 0.01314459049544995 0.035523978685612786
1 0.9074823053589485 0.17229129662522202 0.01314459049544995 0.03197158081705151
1 0.8968655207280081 0.22202486678507993 0.016177957532861477 0.03907637655417407
1 0.8862487360970678 0.19005328596802842 0.015166835187057633 0.03907637655417407
1 0.8766430738119313 0.14120781527531084 0.010111223458038422 0.03374777975133215
1 0.8695652173913043 0.16341030195381884 0.014155712841253791 0.03907637655417407
1 0.8604651162790697 0.20426287744227353 0.016177957532861477 0.04262877442273535
1 0.8427704752275025 0.20515097690941386 0.017189079878665317 0.04440497335701599
1 0.8043478260869565 0.19982238010657194 0.017189079878665317 0.04440497335701599
1 0.801314459049545 0.15896980461811722 0.015166835187057633 0.03374777975133215
1 0.8326592517694641 0.17229129662522202 0.017189079878665317 0.03907637655417407
1 0.8564206268958544 0.14298401420959148 0.012133468149646108 0.03019538188277087
1 0.8473205257836198 0.14209591474245115 0.012133468149646108 0.03907637655417407
1 0.8270980788675429 0.13587921847246892 0.012133468149646108 0.03374777975133215
1 0.8114256825075834 0.1261101243339254 0.011122345803842264 0.03197158081705151
1 0.7699696663296259 0.1172291296625222 0.011122345803842264 0.03197158081705151
1 0.7810920121334681 0.130550621669627 0.01314459049544995 0.03374777975133215
1 0.7608695652173914 0.12255772646536411 0.011122345803842264 0.03197158081705151
1 0.7583417593528817 0.18206039076376554 0.016177957532861477 0.04085257548845471
1 0.7355915065722952 0.13943161634103018 0.015166835187057633 0.037300177619893425
1 0.7325581395348837 0.1714031971580817 0.015166835187057633 0.04440497335701599
1 0.7431749241658241 0.17495559502664298 0.014155712841253791 0.037300177619893425
1 0.7027300303336703 0.16429840142095914 0.01820020222446916 0.04085257548845471
1 0.7441860465116279 0.21403197158081705 0.01820020222446916 0.04440497335701599
1 0.7785642062689585 0.302841918294849 0.022244691607684528 0.06571936056838366
1 0.6688574317492416 0.22202486678507993 0.021233569261880688 0.0497335701598579
1 0.660768452982811 0.11101243339253997 0.011122345803842264 0.03019538188277087
1 0.6289180990899899 0.11545293072824156 0.012133468149646108 0.035523978685612786
1 0.6375126390293225 0.15097690941385436 0.01314459049544995 0.03197158081705151
1 0.615267947421638 0.23623445825932504 0.023255813953488372 0.05328596802841918
1 0.6193124368048534 0.10657193605683836 0.011122345803842264 0.02486678507992895
1 0.5637007077856421 0.17673179396092362 0.017189079878665317 0.04440497335701599
1 0.5707785642062689 0.2246891651865009 0.021233569261880688 0.055062166962699825
1 0.5788675429726997 0.13232682060390763 0.01314459049544995 0.03019538188277087
1 0.5950455005055612 0.15452930728241562 0.011122345803842264 0.02486678507992895
1 0.5283114256825076 0.12078152753108348 0.011122345803842264 0.02486678507992895
1 0.5364004044489383 0.15186500888099466 0.01314459049544995 0.03374777975133215
1 0.4863498483316481 0.13676731793960922 0.012133468149646108 0.028419182948490232
1 0.5182002022244692 0.17850799289520428 0.01314459049544995 0.03019538188277087
1 0.4919110212335693 0.16163410301953818 0.01314459049544995 0.028419182948490232
1 0.423154701718908 0.15186500888099466 0.011122345803842264 0.03019538188277087
1 0.4620829120323559 0.15541740674955595 0.014155712841253791 0.03019538188277087
1 0.46309403437815977 0.20603907637655416 0.01820020222446916 0.03907637655417407
1 0.36754297269969666 0.1811722912966252 0.01314459049544995 0.035523978685612786
1 0.39332659251769464 0.1980461811722913 0.016177957532861477 0.04085257548845471
1 0.4029322548028311 0.2291296625222025 0.015166835187057633 0.03907637655417407
1 0.4186046511627907 0.2353463587921847 0.01820020222446916 0.05150976909413854
1 0.4079878665318504 0.20870337477797513 0.019211324570273004 0.03019538188277087
1 0.2780586450960566 0.22202486678507993 0.016177957532861477 0.03907637655417407
1 0.31294236602628916 0.22380106571936056 0.015166835187057633 0.035523978685612786
1 0.3301314459049545 0.20959147424511546 0.017189079878665317 0.04262877442273535
1 0.34226491405460063 0.22202486678507993 0.015166835187057633 0.046181172291296625
1 0.35945399393326594 0.25754884547069273 0.019211324570273004 0.046181172291296625
1 0.19969666329625885 0.43960923623445824 0.03943377148634985 0.0941385435168739
1 0.5854398382204247 0.11456483126110124 0.010111223458038422 0.019538188277087035
1 0.5535894843276037 0.130550621669627 0.011122345803842264 0.03374777975133215