1 0.13981636060100167 0.5634005763688761 0.045909849749582635 0.08645533141210375
1 0.23580968280467446 0.3407780979827089 0.017529215358931552 0.03314121037463977
1 0.2654424040066778 0.3465417867435158 0.021702838063439065 0.04178674351585014
1 0.2900667779632721 0.37319884726224783 0.022537562604340568 0.04610951008645533
1 0.2942404006677796 0.30835734870317005 0.019198664440734557 0.037463976945244955
1 0.33764607679465775 0.37247838616714696 0.024207011686143573 0.04755043227665706
1 0.3589315525876461 0.3270893371757925 0.018363939899833055 0.037463976945244955
1 0.3622704507512521 0.2953890489913545 0.01669449081803005 0.03170028818443804
1 0.3944073455759599 0.33861671469740634 0.022537562604340568 0.043227665706051875
1 0.4186143572621035 0.3357348703170029 0.022537562604340568 0.040345821325648415
1 0.41485809682804675 0.2989913544668588 0.018363939899833055 0.03314121037463977
1 0.40692821368948245 0.26368876080691644 0.015859766277128547 0.037463976945244955
1 0.44407345575959933 0.3076368876080692 0.01669449081803005 0.03602305475504323
1 0.4565943238731219 0.3371757925072046 0.01669449081803005 0.040345821325648415
1 0.47996661101836396 0.3090778097982709 0.021702838063439065 0.04178674351585014
1 0.4411519198664441 0.27593659942363113 0.015859766277128547 0.03025936599423631
1 0.43196994991652754 0.2622478386167147 0.017529215358931552 0.037463976945244955
1 0.46869782971619367 0.2521613832853026 0.017529215358931552 0.03170028818443804
1 0.47704507512520866 0.23847262247838616 0.014190317195325543 0.024495677233429394
1 0.48247078464106846 0.2672910662824208 0.015025041736227046 0.03025936599423631
1 0.5 0.26440922190201727 0.015025041736227046 0.03025936599423631
1 0.5162771285475793 0.2615273775216138 0.015859766277128547 0.03314121037463977
1 0.5308848080133556 0.27737752161383283 0.018363939899833055 0.03314121037463977
1 0.5308848080133556 0.24567723342939482 0.01335559265442404 0.03025936599423631
1 0.5509181969949917 0.2507204610951009 0.015025041736227046 0.0345821325648415
1 0.5646911519198664 0.2881844380403458 0.017529215358931552 0.0345821325648415
1 0.5851419031719532 0.2615273775216138 0.015025041736227046 0.03314121037463977
1 0.5780467445742905 0.22262247838616714 0.012520868113522538 0.021613832853025938
1 0.5947412353923205 0.24063400576368876 0.012520868113522538 0.023054755043227664
1 0.6085141903171953 0.25144092219020175 0.01669449081803005 0.03314121037463977
1 0.6143572621035058 0.2219020172910663 0.01335559265442404 0.025936599423631124
1 0.6227045075125208 0.20461095100864554 0.011686143572621035 0.023054755043227664
1 0.6339732888146912 0.21829971181556196 0.012520868113522538 0.024495677233429394
1 0.6502504173622704 0.22622478386167147 0.01335559265442404 0.023054755043227664
1 0.6535893155258765 0.25 0.015025041736227046 0.03025936599423631
1 0.6865609348914858 0.2334293948126801 0.014190317195325543 0.02881844380403458
1 0.6974123539232053 0.22622478386167147 0.015859766277128547 0.03170028818443804
1 0.6782136894824707 0.20893371757925072 0.014190317195325543 0.02881844380403458
1 0.49874791318864775 0.3868876080691643 0.030884808013355594 0.059077809798270896
1 0.5137729549248747 0.32636887608069165 0.02587646076794658 0.04178674351585014
1 0.5413188647746243 0.3595100864553314 0.02921535893155259 0.059077809798270896
1 0.5592654424040067 0.4092219020172911 0.03171953255425709 0.05475504322766571
1 0.6005843071786311 0.3804034582132565 0.02921535893155259 0.06340057636887608
1 0.6118530884808013 0.33285302593659943 0.02671118530884808 0.04899135446685879
1 0.6510851419031719 0.3047550432276657 0.02003338898163606 0.03890489913544669
1 0.6590150250417363 0.34438040345821325 0.027545909849749584 0.04610951008645533
1 0.6456594323873122 0.47046109510086453 0.037562604340567615 0.07348703170028818
1 0.6001669449081803 0.4546109510086455 0.03171953255425709 0.07636887608069164
1 0.7141068447412354 0.553314121037464 0.045909849749582635 0.07492795389048991
1 0.676126878130217 0.38472622478386165 0.028380634390651086 0.06051873198847262
1 0.7028380634390651 0.37103746397694526 0.02337228714524207 0.053314121037463975
1 0.7404006677796328 0.4099423631123919 0.035058430717863104 0.056195965417867436
1 0.7065943238731218 0.3025936599423631 0.020868113522537562 0.040345821325648415
1 0.6782136894824707 0.2780979827089337 0.019198664440734557 0.037463976945244955
1 0.7191151919866444 0.2543227665706052 0.015859766277128547 0.03602305475504323
1 0.7191151919866444 0.3004322766570605 0.017529215358931552 0.03890489913544669
1 0.7420701168614358 0.25864553314121036 0.015025041736227046 0.03890489913544669
1 0.7495826377295493 0.24063400576368876 0.011686143572621035 0.02881844380403458
1 0.7608514190317195 0.23270893371757925 0.014190317195325543 0.03314121037463977
1 0.7846410684474123 0.27593659942363113 0.018363939899833055 0.03314121037463977
1 0.7954924874791319 0.2420749279538905 0.018363939899833055 0.0345821325648415
1 0.8242904841402338 0.2478386167146974 0.014190317195325543 0.03170028818443804
1 0.8284641068447413 0.2737752161383285 0.012520868113522538 0.02881844380403458
1 0.8267946577629383 0.3090778097982709 0.019198664440734557 0.03890489913544669
1 0.82220367278798 0.3595100864553314 0.025041736227045076 0.053314121037463975
1 0.8017529215358932 0.430835734870317 0.030884808013355594 0.06340057636887608
1 0.8459933222036727 0.5136887608069164 0.037562604340567615 0.0792507204610951
1 0.8601836393989983 0.4553314121037464 0.034223706176961605 0.07492795389048991
1 0.9411519198664441 0.4755043227665706 0.03923205342237062 0.07492795389048991
1 0.9286310517529215 0.39913544668587897 0.022537562604340568 0.04899135446685879
1 0.8743739565943238 0.37896253602305474 0.024207011686143573 0.05763688760806916
1 0.8839732888146912 0.34365994236311237 0.02003338898163606 0.053314121037463975
1 0.8601836393989983 0.31484149855907784 0.022537562604340568 0.04755043227665706
1 0.8622704507512521 0.2744956772334294 0.01335559265442404 0.03314121037463977
1 0.8589315525876461 0.2564841498559078 0.015025041736227046 0.02881844380403458
1 0.8902337228714524 0.25864553314121036 0.015859766277128547 0.03314121037463977
1 0.8714524207011686 0.27593659942363113 0.01335559265442404 0.03602305475504323
1 0.9090150250417363 0.276657060518732 0.015025041736227046 0.0345821325648415
1 0.9040066777963273 0.32204610951008644 0.02003338898163606 0.0446685878962536
1 0.9248747913188647 0.3061959654178674 0.01669449081803005 0.03314121037463977
1 0.9457429048414023 0.3580691642651297 0.018363939899833055 0.04178674351585014
1 0.9482470784641068 0.30979827089337175 0.01669449081803005 0.03170028818443804
1 0.9561769616026711 0.27737752161383283 0.015859766277128547 0.03314121037463977