1 0.42592592592592593 0.2766497461928934 0.025341130604288498 0.04568527918781726
1 0.4546783625730994 0.22081218274111675 0.018518518518518517 0.03553299492385787
1 0.42348927875243664 0.21996615905245348 0.016569200779727095 0.0338409475465313
1 0.4030214424951267 0.1996615905245347 0.014619883040935672 0.030456852791878174
1 0.3435672514619883 0.23181049069373943 0.016569200779727095 0.02707275803722504
1 0.3162768031189084 0.2326565143824027 0.016569200779727095 0.028764805414551606
1 0.47612085769980506 0.1658206429780034 0.016569200779727095 0.030456852791878174
1 0.4775828460038986 0.1895093062605753 0.017543859649122806 0.030456852791878174
1 0.49122807017543857 0.21065989847715735 0.017543859649122806 0.032148900169204735
1 0.5346003898635477 0.2131979695431472 0.018518518518518517 0.0338409475465313
1 0.5272904483430799 0.14720812182741116 0.01364522417153996 0.02707275803722504
1 0.5584795321637427 0.14720812182741116 0.01364522417153996 0.02707275803722504
1 0.5886939571150097 0.1598984771573604 0.01364522417153996 0.028764805414551606
1 0.5969785575048733 0.15397631133671744 0.012670565302144249 0.02030456852791878
1 0.6042884990253411 0.2673434856175973 0.021442495126705652 0.043993231810490696
1 0.6569200779727096 0.26649746192893403 0.021442495126705652 0.049069373942470386
1 0.6749512670565302 0.21573604060913706 0.018518518518518517 0.038917089678511
1 0.6613060428849903 0.18527918781725888 0.018518518518518517 0.038917089678511
1 0.7285575048732943 0.08206429780033841 0.016569200779727095 0.028764805414551606
1 0.746588693957115 0.15397631133671744 0.01364522417153996 0.0338409475465313
1 0.767056530214425 0.08629441624365482 0.011695906432748537 0.023688663282571912
1 0.7816764132553606 0.1658206429780034 0.01364522417153996 0.030456852791878174
1 0.797270955165692 0.18781725888324874 0.01364522417153996 0.0338409475465313
1 0.7675438596491229 0.23857868020304568 0.02046783625730994 0.04060913705583756
1 0.72953216374269 0.26649746192893403 0.022417153996101363 0.04568527918781726
1 0.7967836257309941 0.2766497461928934 0.02631578947368421 0.05245346869712352
1 0.827485380116959 0.09644670050761421 0.01364522417153996 0.02707275803722504
1 0.8567251461988304 0.09813874788494077 0.01364522417153996 0.02707275803722504
1 0.8586744639376218 0.1844331641285956 0.017543859649122806 0.0338409475465313
1 0.844541910331384 0.21235194585448391 0.018518518518518517 0.038917089678511
1 0.8172514619883041 0.18697123519458544 0.014619883040935672 0.028764805414551606
1 0.8903508771929824 0.22504230118443316 0.016569200779727095 0.03722504230118443
1 0.9809941520467836 0.1548223350253807 0.016569200779727095 0.04568527918781726