1 0.31011146496815284 0.25702247191011235 0.016719745222929936 0.03651685393258427
1 0.3351910828025478 0.22191011235955055 0.012738853503184714 0.028089887640449437
1 0.3463375796178344 0.22331460674157302 0.01592356687898089 0.033707865168539325
1 0.35071656050955413 0.27247191011235955 0.016719745222929936 0.033707865168539325
1 0.3781847133757962 0.20154494382022473 0.014331210191082803 0.032303370786516857
1 0.39211783439490444 0.199438202247191 0.016719745222929936 0.033707865168539325
1 0.41361464968152867 0.2247191011235955 0.019904458598726114 0.03651685393258427
1 0.40485668789808915 0.2907303370786517 0.021496815286624203 0.03651685393258427
1 0.4840764331210191 0.2169943820224719 0.020700636942675158 0.04073033707865169
1 0.4609872611464968 0.16362359550561797 0.01592356687898089 0.02949438202247191
1 0.5127388535031847 0.15168539325842698 0.012738853503184714 0.025280898876404494
1 0.5378184713375797 0.16362359550561797 0.016719745222929936 0.02949438202247191
1 0.5187101910828026 0.19382022471910113 0.016719745222929936 0.033707865168539325
1 0.4980095541401274 0.29002808988764045 0.021496815286624203 0.04073033707865169
1 0.5621019108280255 0.30407303370786515 0.027070063694267517 0.05196629213483146
1 0.5740445859872612 0.22682584269662923 0.020700636942675158 0.04353932584269663
1 0.6003184713375797 0.2443820224719101 0.022292993630573247 0.042134831460674156
1 0.5704617834394905 0.16643258426966293 0.015127388535031847 0.026685393258426966
1 0.5820063694267515 0.1544943820224719 0.014331210191082803 0.025280898876404494
1 0.5636942675159236 0.1425561797752809 0.014331210191082803 0.02949438202247191
1 0.6062898089171974 0.10323033707865169 0.013535031847133758 0.026685393258426966
1 0.6449044585987261 0.175561797752809 0.01910828025477707 0.03932584269662921
1 0.678343949044586 0.1544943820224719 0.01592356687898089 0.03089887640449438
1 0.6556528662420382 0.21348314606741572 0.018312101910828025 0.03651685393258427
1 0.6457006369426752 0.2654494382022472 0.022292993630573247 0.05056179775280899
1 0.6488853503184714 0.3532303370786517 0.030254777070063694 0.06320224719101124
1 0.7093949044585988 0.26825842696629215 0.02388535031847134 0.05056179775280899
1 0.7563694267515924 0.36587078651685395 0.025477707006369428 0.054775280898876406
1 0.8463375796178344 0.2872191011235955 0.02388535031847134 0.046348314606741575
1 0.7734872611464968 0.2984550561797753 0.021496815286624203 0.046348314606741575
1 0.8077229299363057 0.23735955056179775 0.019904458598726114 0.047752808988764044
1 0.7496019108280255 0.2226123595505618 0.019904458598726114 0.037921348314606744
1 0.7046178343949044 0.2226123595505618 0.01751592356687898 0.037921348314606744
1 0.7241242038216561 0.1896067415730337 0.018312101910828025 0.033707865168539325
1 0.7579617834394905 0.1818820224719101 0.014331210191082803 0.032303370786516857
1 0.7679140127388535 0.2029494382022472 0.019904458598726114 0.04353932584269663
1 0.7695063694267515 0.13132022471910113 0.013535031847133758 0.02949438202247191
1 0.8017515923566879 0.13202247191011235 0.014331210191082803 0.03089887640449438
1 0.8535031847133758 0.15098314606741572 0.014331210191082803 0.037921348314606744
1 0.839968152866242 0.1896067415730337 0.01751592356687898 0.03932584269662921
1 0.884952229299363 0.19241573033707865 0.015127388535031847 0.042134831460674156
1 0.9096337579617835 0.2598314606741573 0.021496815286624203 0.05337078651685393
1 0.8539012738853503 0.2521067415730337 0.019904458598726114 0.037921348314606744
1 0.8690286624203821 0.24367977528089887 0.015127388535031847 0.026685393258426966
1 0.8192675159235668 0.22401685393258428 0.01751592356687898 0.0351123595505618
1 0.8160828025477707 0.18820224719101122 0.01751592356687898 0.03089887640449438
1 0.04538216560509554 0.3026685393258427 0.007961783439490446 0.018258426966292134