1 0.17875 0.87625 0.30083333333333334 0.2475
1 0.16166666666666665 0.278125 0.06333333333333334 0.11875
1 0.2991666666666667 0.265625 0.05333333333333334 0.10375
1 0.44333333333333336 0.331875 0.12333333333333334 0.22125
1 0.6429166666666667 0.39125 0.1475 0.26
1 0.5520833333333334 0.1825 0.035833333333333335 0.075
1 0.6245833333333334 0.18875 0.0225 0.05
1 0.655 0.24625 0.028333333333333332 0.0525
1 0.7079166666666666 0.179375 0.029166666666666667 0.04875
1 0.7975 0.278125 0.11333333333333333 0.21625
1 0.8604166666666667 0.159375 0.0225 0.05625
1 0.885 0.16 0.025 0.055
1 0.9620833333333333 0.28 0.04583333333333333 0.08
1 0.9654166666666667 0.20625 0.034166666666666665 0.0575