1 0.07165775401069518 0.28912213740458015 0.03208556149732621 0.05534351145038168
1 0.27807486631016043 0.21755725190839695 0.019251336898395723 0.030534351145038167
1 0.2893048128342246 0.2385496183206107 0.016042780748663103 0.030534351145038167
1 0.31711229946524067 0.22900763358778625 0.01818181818181818 0.03816793893129771
1 0.32994652406417113 0.2032442748091603 0.013903743315508022 0.04007633587786259
1 0.34705882352941175 0.22900763358778625 0.016042780748663103 0.04198473282442748
1 0.3508021390374332 0.2595419847328244 0.0213903743315508 0.04580152671755725
1 0.3588235294117647 0.19083969465648856 0.01818181818181818 0.04198473282442748
1 0.3786096256684492 0.20801526717557253 0.012834224598930482 0.03816793893129771
1 0.3839572192513369 0.1736641221374046 0.014973262032085561 0.030534351145038167
1 0.4192513368983957 0.15744274809160305 0.014973262032085561 0.03244274809160305
1 0.4310160427807487 0.15076335877862596 0.012834224598930482 0.030534351145038167
1 0.4213903743315508 0.2013358778625954 0.014973262032085561 0.04389312977099236
1 0.4112299465240642 0.2366412213740458 0.01818181818181818 0.03816793893129771
1 0.4283422459893048 0.24618320610687022 0.020320855614973262 0.04198473282442748
1 0.4443850267379679 0.20038167938931298 0.013903743315508022 0.03435114503816794
1 0.4572192513368984 0.18702290076335878 0.011764705882352941 0.030534351145038167
1 0.4459893048128342 0.16221374045801526 0.014973262032085561 0.030534351145038167
1 0.48609625668449197 0.18606870229007633 0.020320855614973262 0.03244274809160305
1 0.47914438502673795 0.20706106870229007 0.019251336898395723 0.03625954198473282
1 0.4818181818181818 0.1297709923664122 0.011764705882352941 0.022900763358778626
1 0.4893048128342246 0.14408396946564886 0.013903743315508022 0.02862595419847328
1 0.506951871657754 0.11736641221374046 0.012834224598930482 0.02480916030534351
1 0.5192513368983958 0.14885496183206107 0.011764705882352941 0.026717557251908396
1 0.5245989304812835 0.12881679389312978 0.009625668449197862 0.02480916030534351
1 0.5320855614973262 0.17557251908396945 0.011764705882352941 0.030534351145038167
1 0.5401069518716578 0.15362595419847327 0.014973262032085561 0.02862595419847328
1 0.5572192513368984 0.13740458015267176 0.012834224598930482 0.030534351145038167
1 0.5657754010695187 0.12213740458015267 0.0106951871657754 0.022900763358778626
1 0.5577540106951872 0.1803435114503817 0.016042780748663103 0.04389312977099236
1 0.5786096256684492 0.15553435114503816 0.012834224598930482 0.03244274809160305
1 0.5850267379679145 0.13549618320610687 0.014973262032085561 0.026717557251908396
1 0.606951871657754 0.10973282442748092 0.009625668449197862 0.02862595419847328
1 0.606951871657754 0.1383587786259542 0.016042780748663103 0.02862595419847328
1 0.6363636363636364 0.11450381679389313 0.008556149732620321 0.026717557251908396
1 0.6422459893048128 0.13358778625954199 0.011764705882352941 0.026717557251908396
1 0.653475935828877 0.15362595419847327 0.012834224598930482 0.03244274809160305
1 0.6588235294117647 0.13549618320610687 0.0106951871657754 0.026717557251908396
1 0.6556149732620321 0.11259541984732824 0.0106951871657754 0.030534351145038167
1 0.6844919786096256 0.125 0.012834224598930482 0.02480916030534351
1 0.6855614973262032 0.11164122137404581 0.0106951871657754 0.02480916030534351
1 0.713903743315508 0.10591603053435114 0.011764705882352941 0.02480916030534351
1 0.6155080213903743 0.16125954198473283 0.016042780748663103 0.04007633587786259
1 0.6689839572192513 0.183206106870229 0.016042780748663103 0.03435114503816794
1 0.5962566844919787 0.22041984732824427 0.020320855614973262 0.03625954198473282
1 0.646524064171123 0.23568702290076335 0.020320855614973262 0.04770992366412214
1 0.6502673796791444 0.20229007633587787 0.017112299465240642 0.03435114503816794
1 0.6898395721925134 0.22232824427480916 0.0213903743315508 0.03625954198473282
1 0.6957219251336898 0.2681297709923664 0.022459893048128343 0.04389312977099236
1 0.7053475935828877 0.30916030534351147 0.028877005347593583 0.07251908396946564
1 0.7160427807486631 0.1851145038167939 0.016042780748663103 0.03435114503816794
1 0.7390374331550802 0.14408396946564886 0.012834224598930482 0.03244274809160305
1 0.7518716577540107 0.15839694656488548 0.017112299465240642 0.03816793893129771
1 0.7545454545454545 0.20038167938931298 0.01818181818181818 0.03816793893129771
1 0.725668449197861 0.24427480916030533 0.020320855614973262 0.03816793893129771
1 0.7614973262032085 0.25763358778625955 0.0213903743315508 0.04580152671755725
1 0.7689839572192514 0.3511450381679389 0.027807486631016044 0.0648854961832061
1 0.8101604278074866 0.28530534351145037 0.020320855614973262 0.05152671755725191
1 0.7759358288770053 0.12213740458015267 0.011764705882352941 0.026717557251908396
1 0.8053475935828877 0.13740458015267176 0.012834224598930482 0.022900763358778626
1 0.8026737967914439 0.1650763358778626 0.016042780748663103 0.02480916030534351
1 0.8048128342245989 0.20229007633587787 0.016042780748663103 0.03816793893129771
1 0.8176470588235294 0.191793893129771 0.016042780748663103 0.03625954198473282
1 0.8363636363636363 0.16793893129770993 0.014973262032085561 0.03435114503816794
1 0.8310160427807487 0.13740458015267176 0.0106951871657754 0.019083969465648856
1 0.848663101604278 0.15267175572519084 0.011764705882352941 0.030534351145038167
1 0.8657754010695187 0.14885496183206107 0.011764705882352941 0.026717557251908396
1 0.8401069518716577 0.24618320610687022 0.020320855614973262 0.04198473282442748
1 0.8598930481283422 0.21851145038167938 0.017112299465240642 0.04389312977099236
1 0.8962566844919786 0.23091603053435114 0.014973262032085561 0.04198473282442748
1 0.8802139037433155 0.17461832061068702 0.014973262032085561 0.03244274809160305
1 0.8839572192513369 0.16412213740458015 0.013903743315508022 0.030534351145038167
1 0.9208556149732621 0.14599236641221375 0.012834224598930482 0.03244274809160305
1 0.9192513368983958 0.1765267175572519 0.011764705882352941 0.03244274809160305
1 0.9096256684491979 0.1965648854961832 0.016042780748663103 0.03435114503816794
1 0.8989304812834225 0.21183206106870228 0.013903743315508022 0.03816793893129771
1 0.9422459893048128 0.24427480916030533 0.019251336898395723 0.05343511450381679
1 0.946524064171123 0.20419847328244276 0.012834224598930482 0.03435114503816794
1 0.9620320855614973 0.19083969465648856 0.013903743315508022 0.030534351145038167
1 0.9540106951871657 0.17557251908396945 0.012834224598930482 0.026717557251908396
1 0.9219251336898395 0.33110687022900764 0.025668449197860963 0.06297709923664122