1 0.085 0.8101851851851852 0.086 0.1574074074074074
1 0.032 0.7314814814814815 0.06 0.12962962962962962
1 0.079 0.654320987654321 0.058 0.11728395061728394
1 0.126 0.6697530864197531 0.076 0.12345679012345678
1 0.138 0.5925925925925926 0.052 0.07407407407407407
1 0.067 0.5771604938271605 0.05 0.07407407407407407
1 0.05 0.4583333333333333 0.036 0.06481481481481481
1 0.148 0.5246913580246914 0.04 0.06172839506172839
1 0.254 0.6358024691358025 0.064 0.10493827160493827
1 0.216 0.6388888888888888 0.052 0.1111111111111111
1 0.237 0.7222222222222222 0.082 0.12345679012345678
1 0.268 0.904320987654321 0.104 0.16666666666666666
1 0.363 0.7993827160493827 0.082 0.1419753086419753
1 0.389 0.3950617283950617 0.066 0.12345679012345678
1 0.492 0.4104938271604938 0.036 0.08024691358024691
1 0.503 0.5972222222222222 0.042 0.09567901234567901
1 0.541 0.5833333333333334 0.042 0.09259259259259259
1 0.583 0.5493827160493827 0.034 0.06790123456790123
1 0.613 0.6141975308641975 0.054 0.1111111111111111
1 0.492 0.8503086419753086 0.112 0.19444444444444445
1 0.724 0.654320987654321 0.064 0.1111111111111111
1 0.671 0.5864197530864198 0.038 0.07407407407407407
1 0.692 0.5740740740740741 0.032 0.06172839506172839
1 0.709 0.43364197530864196 0.038 0.06481481481481481
1 0.817 0.47685185185185186 0.066 0.11419753086419752
1 0.864 0.42901234567901236 0.032 0.06172839506172839
1 0.956 0.42746913580246915 0.08 0.15123456790123457
1 0.732 0.875 0.096 0.14506172839506173