1 0.1422550052687039 0.4241573033707865 0.05268703898840885 0.09925093632958802
1 0.18651211801896733 0.3801498127340824 0.04636459430979979 0.1198501872659176
1 0.32982086406743943 0.19756554307116106 0.018967334035827187 0.04307116104868914
1 0.41148577449947316 0.2397003745318352 0.020021074815595362 0.04868913857677903
1 0.3861959957850369 0.1956928838951311 0.020021074815595362 0.031835205992509365
1 0.40305584826132773 0.15730337078651685 0.020021074815595362 0.03745318352059925
1 0.4214963119072708 0.2200374531835206 0.01685985247629083 0.03932584269662921
1 0.4336143308746048 0.1694756554307116 0.01791359325605901 0.035580524344569285
1 0.45732349841938885 0.22565543071161048 0.02107481559536354 0.031835205992509365
1 0.47839831401475236 0.15730337078651685 0.018967334035827187 0.0299625468164794
1 0.4536354056902002 0.1704119850187266 0.015806111696522657 0.026217228464419477
1 0.5226554267650158 0.18632958801498128 0.02107481559536354 0.03932584269662921
1 0.5437302423603794 0.1900749063670412 0.01685985247629083 0.04307116104868914
1 0.583245521601686 0.12078651685393259 0.015806111696522657 0.028089887640449437
1 0.6649104320337197 0.05337078651685393 0.014752370916754479 0.028089887640449437
1 0.7212855637513171 0.09737827715355805 0.0136986301369863 0.033707865168539325
1 0.6080084299262382 0.2397003745318352 0.02107481559536354 0.04119850187265917
1 0.6143308746048473 0.299625468164794 0.029504741833508957 0.07116104868913857
1 0.6443624868282403 0.24625468164794007 0.02423603793466807 0.054307116104868915
1 0.678082191780822 0.18164794007490637 0.01791359325605901 0.04119850187265917
1 0.7123287671232876 0.19662921348314608 0.018967334035827187 0.0299625468164794
1 0.7249736564805058 0.16104868913857678 0.01685985247629083 0.033707865168539325
1 0.7133825079030558 0.28651685393258425 0.029504741833508957 0.052434456928838954
1 0.7650158061116965 0.1956928838951311 0.014752370916754479 0.035580524344569285
1 0.756059009483667 0.1750936329588015 0.01791359325605901 0.035580524344569285
1 0.7845100105374078 0.14700374531835206 0.01791359325605901 0.035580524344569285
1 0.7871443624868283 0.18726591760299627 0.014752370916754479 0.04868913857677903
1 0.8124341412012644 0.20599250936329588 0.018967334035827187 0.03745318352059925
1 0.8161222339304531 0.15823970037453183 0.01791359325605901 0.035580524344569285
1 0.8345626975763962 0.25187265917602997 0.023182297154899896 0.04681647940074907
1 0.8804004214963119 0.28277153558052437 0.02845100105374078 0.056179775280898875
1 0.9009483667017913 0.20131086142322097 0.01685985247629083 0.04681647940074907
1 0.934668071654373 0.26685393258426965 0.018967334035827187 0.04307116104868914
1 0.9452054794520548 0.2303370786516854 0.01685985247629083 0.03745318352059925
1 0.9578503688092729 0.20037453183520598 0.018967334035827187 0.0449438202247191