1 0.124 0.3383233532934132 0.056 0.09580838323353294
1 0.215 0.38922155688622756 0.046 0.07784431137724551
1 0.236 0.3562874251497006 0.044 0.0658682634730539
1 0.279 0.3937125748502994 0.046 0.0748502994011976
1 0.328 0.39820359281437123 0.04 0.07784431137724551
1 0.314 0.344311377245509 0.028 0.0658682634730539
1 0.338 0.3727544910179641 0.036 0.06287425149700598
1 0.372 0.38772455089820357 0.044 0.09281437125748503
1 0.427 0.3592814371257485 0.042 0.07784431137724551
1 0.455 0.3532934131736527 0.034 0.0658682634730539
1 0.471 0.40119760479041916 0.042 0.07784431137724551
1 0.493 0.37574850299401197 0.03 0.06287425149700598
1 0.52 0.37574850299401197 0.028 0.06287425149700598
1 0.543 0.39820359281437123 0.034 0.07784431137724551
1 0.547 0.3562874251497006 0.038 0.059880239520958084
1 0.571 0.40119760479041916 0.038 0.07784431137724551
1 0.589 0.3532934131736527 0.038 0.0718562874251497
1 0.617 0.36826347305389223 0.034 0.0658682634730539
1 0.639 0.4086826347305389 0.034 0.06287425149700598
1 0.613 0.4431137724550898 0.042 0.0658682634730539
1 0.675 0.4296407185628742 0.038 0.0688622754491018
1 0.66 0.36377245508982037 0.032 0.06287425149700598
1 0.693 0.38173652694610777 0.034 0.0688622754491018
1 0.728 0.4101796407185629 0.032 0.0658682634730539
1 0.759 0.4086826347305389 0.038 0.0688622754491018
1 0.813 0.3727544910179641 0.038 0.0688622754491018
1 0.825 0.4341317365269461 0.046 0.07784431137724551
1 0.873 0.41467065868263475 0.046 0.08083832335329341
1 0.913 0.4026946107784431 0.042 0.08083832335329341
1 0.953 0.3967065868263473 0.058 0.09880239520958084