1 0.06015625 0.803030303030303 0.1046875 0.1471861471861472
1 0.13671875 0.7683982683982684 0.0890625 0.14285714285714285
1 0.409375 0.7619047619047619 0.096875 0.12554112554112554
1 0.17578125 0.9393939393939394 0.2203125 0.12121212121212122
1 0.66640625 0.816017316017316 0.0953125 0.1341991341991342
1 0.78203125 0.9318181818181818 0.1453125 0.13636363636363635
1 0.77734375 0.8441558441558441 0.1265625 0.1645021645021645
1 0.8234375 0.45454545454545453 0.078125 0.12554112554112554
1 0.7390625 0.525974025974026 0.06875 0.09956709956709957
1 0.671875 0.4621212121212121 0.075 0.13203463203463203
1 0.58359375 0.5064935064935064 0.0703125 0.10822510822510822
1 0.49296875 0.4166666666666667 0.0671875 0.11471861471861472
1 0.409375 0.48484848484848486 0.071875 0.1038961038961039
1 0.315625 0.461038961038961 0.06875 0.12121212121212122
1 0.2109375 0.5064935064935064 0.075 0.09956709956709957