1 0.07375099127676447 0.4206896551724138 0.03965107057890563 0.06896551724137931
1 0.29024583663758924 0.2827586206896552 0.023790642347343377 0.038620689655172416
1 0.3191911181601903 0.28 0.01823949246629659 0.038620689655172416
1 0.3421887390959556 0.27034482758620687 0.01823949246629659 0.03586206896551724
1 0.3600317208564631 0.2868965517241379 0.022204599524187154 0.044137931034482755
1 0.39254559873116573 0.2924137931034483 0.023790642347343377 0.0496551724137931
1 0.30729579698651865 0.23793103448275862 0.01506740681998414 0.034482758620689655
1 0.3370340999206979 0.22827586206896552 0.017446471054718478 0.031724137931034485
1 0.3655828707375099 0.22206896551724137 0.0190325138778747 0.03586206896551724
1 0.37509912767644726 0.23724137931034484 0.0190325138778747 0.038620689655172416
1 0.40602696272799366 0.22758620689655173 0.01586042823156225 0.038620689655172416
1 0.4393338620142744 0.22413793103448276 0.017446471054718478 0.04
1 0.41118160190325137 0.1993103448275862 0.01823949246629659 0.037241379310344824
1 0.42505947660586835 0.1917241379310345 0.014274385408406027 0.03310344827586207
1 0.44726407613005553 0.20344827586206896 0.01586042823156225 0.034482758620689655
1 0.44885011895321175 0.17793103448275863 0.012688342585249802 0.030344827586206897
1 0.44964314036478986 0.15241379310344827 0.012688342585249802 0.028965517241379312
1 0.46788263283108644 0.15862068965517243 0.014274385408406027 0.030344827586206897
1 0.49524187153053134 0.1993103448275862 0.01823949246629659 0.037241379310344824
1 0.500396510705789 0.2289655172413793 0.0190325138778747 0.04689655172413793
1 0.5043616177636796 0.1386206896551724 0.012688342585249802 0.023448275862068966
1 0.5023790642347343 0.15724137931034482 0.011895321173671689 0.02482758620689655
1 0.5087232355273592 0.17862068965517242 0.01506740681998414 0.034482758620689655
1 0.5237906423473434 0.16344827586206898 0.01506740681998414 0.031724137931034485
1 0.5269627279936558 0.14620689655172414 0.013481363996827915 0.02482758620689655
1 0.5416336241078509 0.17862068965517242 0.017446471054718478 0.037241379310344824
1 0.5578905630452022 0.15310344827586206 0.01506740681998414 0.03586206896551724
1 0.5606661379857256 0.13241379310344828 0.012688342585249802 0.022068965517241378
1 0.5804916732751785 0.1317241379310345 0.014274385408406027 0.031724137931034485
1 0.5955590800951626 0.10689655172413794 0.012688342585249802 0.02620689655172414
1 0.584456780333069 0.12275862068965518 0.014274385408406027 0.02482758620689655
1 0.5888183980967486 0.1482758620689655 0.01506740681998414 0.031724137931034485
1 0.58406026962728 0.17379310344827587 0.01823949246629659 0.03586206896551724
1 0.6134020618556701 0.11655172413793104 0.01506740681998414 0.02620689655172414
1 0.6106264869151468 0.14206896551724138 0.014274385408406027 0.027586206896551724
1 0.626883425852498 0.1503448275862069 0.013481363996827915 0.030344827586206897
1 0.647898493259318 0.0993103448275862 0.012688342585249802 0.02482758620689655
1 0.6597938144329897 0.12 0.011102299762093577 0.02482758620689655
1 0.6764472640761301 0.12551724137931033 0.011102299762093577 0.027586206896551724
1 0.6927042030134813 0.11586206896551725 0.013481363996827915 0.027586206896551724
1 0.6506740681998414 0.1386206896551724 0.013481363996827915 0.031724137931034485
1 0.6455194290245837 0.12482758620689655 0.014274385408406027 0.02620689655172414
1 0.6276764472640761 0.20344827586206896 0.016653449643140365 0.04
1 0.6486915146708961 0.22482758620689655 0.0190325138778747 0.041379310344827586
1 0.6090404440919904 0.2517241379310345 0.023790642347343377 0.04827586206896552
1 0.5689928628072958 0.25862068965517243 0.02458366375892149 0.05103448275862069
1 0.5416336241078509 0.2924137931034483 0.03013481363996828 0.05517241379310345
1 0.6086439333862014 0.3331034482758621 0.03251387787470262 0.06482758620689655
1 0.6716891356066613 0.27241379310344827 0.025376685170499604 0.05655172413793103
1 0.6839809674861221 0.19655172413793104 0.01823949246629659 0.04275862068965517
1 0.7125297383029342 0.22275862068965518 0.02141157811260904 0.04551724137931035
1 0.7224425059476606 0.18758620689655173 0.017446471054718478 0.041379310344827586
1 0.7089611419508327 0.15310344827586206 0.012688342585249802 0.030344827586206897
1 0.7149088025376685 0.18068965517241378 0.016653449643140365 0.03310344827586207
1 0.7601110229976209 0.17793103448275863 0.01506740681998414 0.03586206896551724
1 0.7426645519429025 0.14482758620689656 0.01506740681998414 0.03586206896551724
1 0.781919111816019 0.1317241379310345 0.012688342585249802 0.02620689655172414
1 0.8057097541633624 0.13448275862068965 0.012688342585249802 0.028965517241379312
1 0.8370340999206979 0.13655172413793104 0.013481363996827915 0.030344827586206897
1 0.8703409992069786 0.14275862068965517 0.011895321173671689 0.028965517241379312
1 0.9028548770816812 0.14689655172413793 0.013481363996827915 0.034482758620689655
1 0.9052339413164155 0.1579310344827586 0.01506740681998414 0.034482758620689655
1 0.9314036478984933 0.16206896551724137 0.013481363996827915 0.034482758620689655
1 0.8639968279143537 0.15586206896551724 0.01506740681998414 0.03310344827586207
1 0.8517049960348929 0.17310344827586208 0.01586042823156225 0.034482758620689655
1 0.8318794607454402 0.1579310344827586 0.012688342585249802 0.031724137931034485
1 0.8913560666137986 0.19310344827586207 0.017446471054718478 0.03586206896551724
1 0.9274385408406027 0.21241379310344827 0.01506740681998414 0.0496551724137931
1 0.921887390959556 0.24758620689655172 0.02141157811260904 0.04275862068965517
1 0.8739095955590801 0.22551724137931034 0.020618556701030927 0.04827586206896552
1 0.844964314036479 0.1910344827586207 0.013481363996827915 0.031724137931034485
1 0.8156225218080888 0.15586206896551724 0.016653449643140365 0.03310344827586207
1 0.78152260111023 0.16551724137931034 0.01506740681998414 0.03586206896551724
1 0.8049167327517843 0.18275862068965518 0.01586042823156225 0.037241379310344824
1 0.8215701823949246 0.21793103448275863 0.0190325138778747 0.044137931034482755
1 0.8263283108643933 0.24344827586206896 0.0190325138778747 0.04551724137931035
1 0.8743061062648692 0.26827586206896553 0.01823949246629659 0.04551724137931035
1 0.746233148295004 0.2537931034482759 0.025376685170499604 0.044137931034482755
1 0.7759714512291832 0.30758620689655175 0.026169706582077717 0.05241379310344828
1 0.8374306106264869 0.32827586206896553 0.03013481363996828 0.06896551724137931
1 0.8973037272006344 0.34413793103448276 0.022997620935765267 0.05931034482758621
1 0.8053132434575734 0.4048275862068966 0.040444091990483745 0.07586206896551724
1 0.8945281522601111 0.4406896551724138 0.03330689928628073 0.07586206896551724
1 0.9195083267248215 0.2827586206896552 0.02141157811260904 0.0496551724137931