1 0.129073756432247 0.5625909752547307 0.04373927958833619 0.08879184861717612
1 0.22984562607204118 0.33770014556040756 0.015437392795883362 0.034934497816593885
1 0.2611492281303602 0.3457059679767103 0.02144082332761578 0.04512372634643377
1 0.2808747855917667 0.37627365356623 0.01972555746140652 0.042212518195050945
1 0.29073756432247 0.3071324599708879 0.018867924528301886 0.03784570596797671
1 0.33319039451114923 0.3726346433770015 0.026586620926243566 0.049490538573508006
1 0.36149228130360206 0.32168850072780203 0.018010291595197257 0.040756914119359534
1 0.35763293310463123 0.29767103347889373 0.015437392795883362 0.03056768558951965
1 0.39193825042881647 0.3384279475982533 0.018867924528301886 0.04512372634643377
1 0.4146655231560892 0.33260553129548764 0.018010291595197257 0.036390101892285295
1 0.4120926243567753 0.29621542940320233 0.018010291595197257 0.033478893740902474
1 0.4013722126929674 0.25691411935953423 0.017152658662092625 0.033478893740902474
1 0.43353344768439106 0.259825327510917 0.012864493996569469 0.024745269286754003
1 0.44082332761578047 0.2678311499272198 0.015437392795883362 0.03202328966521106
1 0.4446826758147513 0.30858806404657935 0.023156089193825044 0.046579330422125184
1 0.4588336192109777 0.33551673944687044 0.02058319039451115 0.048034934497816595
1 0.4815608919382504 0.3049490538573508 0.018010291595197257 0.036390101892285295
1 0.5145797598627787 0.3282387190684134 0.02058319039451115 0.036390101892285295
1 0.4794168096054888 0.2678311499272198 0.017152658662092625 0.03202328966521106
1 0.47384219554030876 0.24090247452692867 0.016295025728987993 0.027656477438136828
1 0.5150085763293311 0.259825327510917 0.018010291595197257 0.033478893740902474
1 0.5313036020583191 0.2765647743813683 0.018010291595197257 0.03202328966521106
1 0.5313036020583191 0.2423580786026201 0.016295025728987993 0.033478893740902474
1 0.5544596912521441 0.24599708879184862 0.018010291595197257 0.03784570596797671
1 0.5694682675814752 0.2823871906841339 0.0137221269296741 0.03784570596797671
1 0.5891938250428816 0.2576419213973799 0.017152658662092625 0.034934497816593885
1 0.5810463121783876 0.2183406113537118 0.012864493996569469 0.02911208151382824
1 0.5969125214408233 0.23508005822416303 0.0137221269296741 0.027656477438136828
1 0.6144939965694682 0.25109170305676853 0.012864493996569469 0.03056768558951965
1 0.6170668953687821 0.22561863173216884 0.012864493996569469 0.02911208151382824
1 0.6234991423670669 0.2081513828238719 0.015437392795883362 0.02911208151382824
1 0.644082332761578 0.21542940320232898 0.0137221269296741 0.034934497816593885
1 0.6539451114922813 0.22416302765647744 0.014579759862778732 0.026200873362445413
1 0.6599485420240138 0.24526928675400292 0.014579759862778732 0.027656477438136828
1 0.6882504288164666 0.23071324599708878 0.014579759862778732 0.03056768558951965
1 0.6908233276157805 0.2081513828238719 0.014579759862778732 0.03202328966521106
1 0.7036878216123499 0.22998544395924309 0.012864493996569469 0.03202328966521106
1 0.5017152658662093 0.3901018922852984 0.032590051457975985 0.055312954876273655
1 0.5553173241852487 0.3529839883551674 0.026586620926243566 0.056768558951965066
1 0.5540308747855918 0.4141193595342067 0.030874785591766724 0.06259097525473072
1 0.6016295025728988 0.44759825327510916 0.03687821612349914 0.07132459970887918
1 0.6157804459691252 0.3791848617176128 0.032590051457975985 0.050946142649199416
1 0.614065180102916 0.33406113537117904 0.024013722126929673 0.042212518195050945
1 0.6569468267581475 0.29985443959243085 0.022298456260720412 0.046579330422125184
1 0.6672384219554031 0.34934497816593885 0.025728987993138937 0.049490538573508006
1 0.6826758147512865 0.3799126637554585 0.0274442538593482 0.05822416302765648
1 0.6552315608919382 0.4723435225618632 0.03945111492281304 0.08296943231441048
1 0.7182675814751286 0.549490538573508 0.04030874785591767 0.07423580786026202
1 0.8520583190394511 0.5058224163027657 0.038593481989708404 0.07423580786026202
1 0.7555746140651801 0.39810771470160117 0.029159519725557463 0.050946142649199416
1 0.7084048027444254 0.3653566229985444 0.025728987993138937 0.05240174672489083
1 0.7144082332761578 0.30131004366812225 0.02058319039451115 0.040756914119359534
1 0.6852487135506004 0.27729257641921395 0.02058319039451115 0.039301310043668124
1 0.7289879931389366 0.29912663755458513 0.015437392795883362 0.036390101892285295
1 0.7268439108061749 0.24890829694323144 0.01972555746140652 0.03202328966521106
1 0.7508576329331046 0.2547307132459971 0.016295025728987993 0.03784570596797671
1 0.7568610634648371 0.23653566229985443 0.014579759862778732 0.033478893740902474
1 0.7705831903945112 0.23071324599708878 0.012864493996569469 0.03056768558951965
1 0.7890222984562607 0.27729257641921395 0.0137221269296741 0.03056768558951965
1 0.8053173241852487 0.2423580786026201 0.017152658662092625 0.033478893740902474
1 0.8010291595197255 0.2663755458515284 0.015437392795883362 0.034934497816593885
1 0.8361921097770154 0.29912663755458513 0.018867924528301886 0.036390101892285295
1 0.8460548885077187 0.27510917030567683 0.016295025728987993 0.034934497816593885
1 0.8344768439108061 0.2445414847161572 0.0137221269296741 0.034934497816593885
1 0.8370497427101201 0.3551673944687045 0.022298456260720412 0.055312954876273655
1 0.8126072041166381 0.43377001455604075 0.03173241852487135 0.06986899563318777
1 0.8730703259005146 0.45487627365356625 0.036020583190394515 0.07132459970887918
1 0.9519725557461407 0.4737991266375546 0.03430531732418525 0.07132459970887918
1 0.8863636363636364 0.3784570596797671 0.03173241852487135 0.055312954876273655
1 0.8949399656946827 0.3529839883551674 0.024871355060034305 0.050946142649199416
1 0.9095197255574614 0.3180494905385735 0.01972555746140652 0.036390101892285295
1 0.9223842195540308 0.27510917030567683 0.01972555746140652 0.03784570596797671
1 0.9013722126929674 0.2576419213973799 0.012006861063464836 0.02911208151382824
1 0.8816466552315609 0.27438136826783116 0.017152658662092625 0.036390101892285295
1 0.8687821612349914 0.259825327510917 0.018867924528301886 0.039301310043668124
1 0.8704974271012007 0.31222707423580787 0.018867924528301886 0.033478893740902474
1 0.9399656946826758 0.39446870451237265 0.022298456260720412 0.046579330422125184
1 0.9614065180102916 0.3544395924308588 0.018867924528301886 0.039301310043668124
1 0.9691252144082333 0.32751091703056767 0.018867924528301886 0.034934497816593885
1 0.9614065180102916 0.3064046579330422 0.015437392795883362 0.03056768558951965
1 0.9669811320754716 0.27729257641921395 0.016295025728987993 0.036390101892285295
1 0.9412521440823327 0.3042212518195051 0.016295025728987993 0.03784570596797671