1 0.24070631970260223 0.25441412520064205 0.020446096654275093 0.04975922953451043
1 0.26301115241635686 0.2102728731942215 0.01858736059479554 0.04173354735152488
1 0.2857806691449814 0.2086677367576244 0.019516728624535316 0.0449438202247191
1 0.32388475836431224 0.2174959871589085 0.019516728624535316 0.04012841091492777
1 0.3517657992565056 0.2102728731942215 0.023234200743494422 0.0449438202247191
1 0.3596654275092937 0.1853932584269663 0.022304832713754646 0.04012841091492777
1 0.4052044609665427 0.16613162118780098 0.026022304832713755 0.052969502407704656
1 0.38150557620817843 0.2030497592295345 0.023234200743494422 0.04012841091492777
1 0.3745353159851301 0.2680577849117175 0.03345724907063197 0.06741573033707865
1 0.4437732342007435 0.20706260032102727 0.02695167286245353 0.051364365971107544
1 0.5534386617100372 0.20064205457463885 0.02509293680297398 0.05457463884430177
1 0.6054832713754646 0.2520064205457464 0.02695167286245353 0.05457463884430177
1 0.629182156133829 0.24157303370786518 0.01858736059479554 0.04975922953451043