1 0.0140625 0.30117647058823527 0.025 0.09411764705882353
1 0.1125 0.31176470588235294 0.046875 0.08235294117647059
1 0.1921875 0.43411764705882355 0.10625 0.18588235294117647
1 0.2578125 0.32823529411764707 0.04375 0.08705882352941176
1 0.32890625 0.37176470588235294 0.0546875 0.10352941176470588
1 0.415625 0.33647058823529413 0.040625 0.07058823529411765
1 0.47734375 0.36705882352941177 0.0453125 0.07058823529411765
1 0.52265625 0.47058823529411764 0.1015625 0.16941176470588235
1 0.5078125 0.3411764705882353 0.03125 0.0611764705882353
1 0.62734375 0.3658823529411765 0.0421875 0.08235294117647059
1 0.70390625 0.3729411764705882 0.0359375 0.058823529411764705
1 0.7359375 0.4423529411764706 0.065625 0.11294117647058824
1 0.81875 0.38235294117647056 0.034375 0.07294117647058823
1 0.91875 0.3905882352941176 0.03125 0.07058823529411765
1 0.98515625 0.4117647058823529 0.0296875 0.09411764705882353