1 0.21039844509232264 0.35 0.043731778425655975 0.08275862068965517
1 0.293488824101069 0.21465517241379312 0.015549076773566569 0.03620689655172414
1 0.3143828960155491 0.2206896551724138 0.02040816326530612 0.03793103448275862
1 0.33430515063168126 0.22413793103448276 0.019436345966958212 0.03793103448275862
1 0.33867832847424684 0.18275862068965518 0.01652089407191448 0.034482758620689655
1 0.3522837706511176 0.1956896551724138 0.0184645286686103 0.03620689655172414
1 0.3629737609329446 0.2482758620689655 0.022351797862001945 0.04482758620689655
1 0.3892128279883382 0.23706896551724138 0.02040816326530612 0.04655172413793104
1 0.3785228377065112 0.1853448275862069 0.01652089407191448 0.032758620689655175
1 0.40864917395529643 0.18620689655172415 0.02040816326530612 0.04482758620689655
1 0.43440233236151604 0.22241379310344828 0.021379980563654033 0.041379310344827586
1 0.4509232264334305 0.18879310344827585 0.01749271137026239 0.032758620689655175
1 0.45286686103012636 0.15689655172413794 0.015549076773566569 0.03103448275862069
1 0.42808551992225463 0.13706896551724138 0.012633624878522837 0.032758620689655175
1 0.47570456754130225 0.19741379310344828 0.0184645286686103 0.039655172413793106
1 0.5024295432458697 0.20948275862068966 0.023323615160349854 0.04310344827586207
1 0.4956268221574344 0.16982758620689656 0.019436345966958212 0.03620689655172414
1 0.4868804664723032 0.13793103448275862 0.015549076773566569 0.03103448275862069
1 0.46938775510204084 0.13017241379310346 0.01749271137026239 0.029310344827586206
1 0.5072886297376094 0.13448275862068965 0.013605442176870748 0.027586206896551724
1 0.5102040816326531 0.1103448275862069 0.015549076773566569 0.03103448275862069
1 0.49222546161321673 0.12241379310344827 0.014577259475218658 0.02413793103448276
1 0.5257531584062196 0.13017241379310346 0.013605442176870748 0.02586206896551724
1 0.5286686103012633 0.11551724137931034 0.009718172983479106 0.020689655172413793
1 0.5500485908649174 0.10948275862068965 0.013605442176870748 0.032758620689655175
1 0.5233236151603499 0.15775862068965518 0.014577259475218658 0.029310344827586206
1 0.5301263362487852 0.17413793103448275 0.0184645286686103 0.034482758620689655
1 0.5612244897959183 0.1706896551724138 0.014577259475218658 0.034482758620689655
1 0.5529640427599611 0.15689655172413794 0.01749271137026239 0.03103448275862069
1 0.5675413022351797 0.14224137931034483 0.013605442176870748 0.02586206896551724
1 0.5699708454810496 0.1146551724137931 0.014577259475218658 0.032758620689655175
1 0.5787172011661808 0.11551724137931034 0.014577259475218658 0.03103448275862069
1 0.5918367346938775 0.13706896551724138 0.01749271137026239 0.032758620689655175
1 0.5874635568513119 0.16810344827586207 0.0184645286686103 0.03620689655172414
1 0.6107871720116618 0.11293103448275862 0.012633624878522837 0.02586206896551724
1 0.6185617103984451 0.10086206896551723 0.012633624878522837 0.02586206896551724
1 0.6253644314868805 0.1146551724137931 0.014577259475218658 0.029310344827586206
1 0.6248785228377065 0.13706896551724138 0.013605442176870748 0.032758620689655175
1 0.6559766763848397 0.14310344827586208 0.013605442176870748 0.03793103448275862
1 0.6370262390670554 0.09913793103448276 0.01652089407191448 0.032758620689655175
1 0.6588921282798834 0.09224137931034483 0.011661807580174927 0.029310344827586206
1 0.6642371234207969 0.11293103448275862 0.014577259475218658 0.029310344827586206
1 0.6831875607385811 0.09482758620689655 0.013605442176870748 0.027586206896551724
1 0.6895043731778425 0.11120689655172414 0.014577259475218658 0.02586206896551724
1 0.717687074829932 0.09827586206896552 0.014577259475218658 0.03103448275862069
1 0.5014577259475219 0.27844827586206894 0.031098153547133137 0.06379310344827586
1 0.5621963070942663 0.2939655172413793 0.028182701652089408 0.06379310344827586
1 0.5699708454810496 0.23793103448275862 0.03012633624878523 0.05517241379310345
1 0.6180758017492711 0.23275862068965517 0.021379980563654033 0.05172413793103448
1 0.6258503401360545 0.2043103448275862 0.019436345966958212 0.039655172413793106
1 0.6059280855199223 0.32241379310344825 0.028182701652089408 0.07586206896551724
1 0.6763848396501457 0.2482758620689655 0.031098153547133137 0.06551724137931035
1 0.6763848396501457 0.19051724137931034 0.019436345966958212 0.039655172413793106
1 0.7011661807580175 0.15344827586206897 0.0184645286686103 0.034482758620689655
1 0.718172983479106 0.175 0.021379980563654033 0.05344827586206897
1 0.7424684159378037 0.15689655172413794 0.019436345966958212 0.03793103448275862
1 0.750728862973761 0.12844827586206897 0.01652089407191448 0.032758620689655175
1 0.7235179786200194 0.21379310344827587 0.022351797862001945 0.04827586206896552
1 0.716715257531584 0.2655172413793103 0.024295432458697766 0.04827586206896552
1 0.6904761904761905 0.32155172413793104 0.028182701652089408 0.06724137931034482
1 0.750728862973761 0.18275862068965518 0.0184645286686103 0.04482758620689655
1 0.7619047619047619 0.1482758620689655 0.01749271137026239 0.034482758620689655
1 0.7798833819241983 0.12758620689655173 0.014577259475218658 0.034482758620689655
1 0.7993197278911565 0.1456896551724138 0.01652089407191448 0.03620689655172414
1 0.7959183673469388 0.20862068965517241 0.019436345966958212 0.04482758620689655
1 0.7755102040816326 0.23879310344827587 0.021379980563654033 0.05344827586206897
1 0.7896015549076774 0.2827586206896552 0.024295432458697766 0.05517241379310345
1 0.8206997084548106 0.24051724137931035 0.024295432458697766 0.0603448275862069
1 0.7521865889212828 0.3603448275862069 0.031098153547133137 0.06551724137931035
1 0.8202137998056366 0.3922413793103448 0.031098153547133137 0.07413793103448275
1 0.8454810495626822 0.3474137931034483 0.029154518950437316 0.0706896551724138
1 0.8722060252672498 0.25689655172413794 0.02040816326530612 0.04482758620689655
1 0.8872691933916423 0.2189655172413793 0.021379980563654033 0.04482758620689655
1 0.9183673469387755 0.3336206896551724 0.025267249757045675 0.0603448275862069
1 0.9246841593780369 0.2775862068965517 0.02040816326530612 0.04827586206896552
1 0.9518950437317785 0.21637931034482757 0.0184645286686103 0.03620689655172414
1 0.8848396501457726 0.42931034482758623 0.03206997084548105 0.08275862068965517