1 0.2825 0.25313807531380755 0.0325 0.07531380753138076
1 0.36625 0.26359832635983266 0.035 0.06694560669456066
1 0.1125 0.4194560669456067 0.06 0.09832635983263599
1 0.139375 0.4769874476987448 0.05875 0.11297071129707113
1 0.24625 0.48326359832635984 0.0825 0.13389121338912133
1 0.3175 0.48221757322175735 0.0625 0.09832635983263599
1 0.36125 0.6161087866108786 0.1075 0.1903765690376569
1 0.40125 0.4497907949790795 0.0475 0.08786610878661087
1 0.4725 0.5324267782426778 0.0575 0.13598326359832635
1 0.47125 0.4811715481171548 0.05 0.09205020920502092
1 0.523125 0.4445606694560669 0.04875 0.08577405857740586
1 0.611875 0.5198744769874477 0.07125 0.11506276150627615
1 0.595 0.4707112970711297 0.06 0.08786610878661087
1 0.61875 0.42677824267782427 0.045 0.07531380753138076
1 0.683125 0.4424686192468619 0.03125 0.06903765690376569
1 0.686875 0.6014644351464435 0.09375 0.16527196652719664
1 0.76625 0.5230125523012552 0.07 0.12552301255230125
1 0.834375 0.4686192468619247 0.03125 0.06694560669456066
1 0.86 0.5 0.0475 0.10460251046025104
1 0.908125 0.5439330543933054 0.08375 0.16317991631799164
1 0.91125 0.448744769874477 0.035 0.06903765690376569
1 0.969375 0.5010460251046025 0.04875 0.09832635983263599
1 0.98875 0.4435146443514644 0.0225 0.04602510460251046