1 0.1253968253968254 0.2912698412698413 0.23809523809523808 0.4587301587301587
1 0.3201058201058201 0.44682539682539685 0.047619047619047616 0.08095238095238096
1 0.37195767195767193 0.3349206349206349 0.04973544973544974 0.07936507936507936
1 0.23597883597883598 0.3492063492063492 0.03597883597883598 0.08253968253968254
1 0.42275132275132277 0.5277777777777778 0.07513227513227513 0.12857142857142856
1 0.4857142857142857 0.46190476190476193 0.05714285714285714 0.10793650793650794
1 0.4804232804232804 0.319047619047619 0.04021164021164021 0.06984126984126984
1 0.5423280423280423 0.276984126984127 0.037037037037037035 0.05873015873015873
1 0.6396825396825396 0.2761904761904762 0.030687830687830688 0.06984126984126984
1 0.6407407407407407 0.473015873015873 0.05396825396825397 0.08253968253968254
1 0.7529100529100529 0.5563492063492064 0.08783068783068783 0.14126984126984127
1 0.7021164021164021 0.3634920634920635 0.04338624338624339 0.06666666666666667
1 0.744973544973545 0.28253968253968254 0.033862433862433865 0.05714285714285714
1 0.807936507936508 0.37142857142857144 0.04126984126984127 0.06984126984126984
1 0.8291005291005291 0.44126984126984126 0.06243386243386243 0.11428571428571428
1 0.9111111111111111 0.35793650793650794 0.04021164021164021 0.08412698412698413
1 0.8417989417989418 0.27936507936507937 0.0328042328042328 0.05714285714285714
1 0.8703703703703703 0.2246031746031746 0.02857142857142857 0.049206349206349205
1 0.9534391534391534 0.2373015873015873 0.03597883597883598 0.05555555555555555
1 0.9735449735449735 0.2920634920634921 0.03597883597883598 0.07936507936507936
1 0.9809523809523809 0.4388888888888889 0.0380952380952381 0.09047619047619047