1 0.21346153846153845 0.7743589743589744 0.14423076923076922 0.24102564102564103
1 0.36875 0.625 0.0875 0.14743589743589744
1 0.34278846153846154 0.3391025641025641 0.03173076923076923 0.06282051282051282
1 0.4389423076923077 0.34423076923076923 0.035576923076923075 0.05512820512820513
1 0.45913461538461536 0.36666666666666664 0.03173076923076923 0.04871794871794872
1 0.5341346153846154 0.3608974358974359 0.0375 0.057692307692307696
1 0.6072115384615384 0.3544871794871795 0.03365384615384615 0.04230769230769231
1 0.7384615384615385 0.49230769230769234 0.06923076923076923 0.08205128205128205
1 0.7735576923076923 0.30448717948717946 0.0375 0.07051282051282051
1 0.9110576923076923 0.5301282051282051 0.11634615384615385 0.14743589743589744
1 0.875 0.45384615384615384 0.06538461538461539 0.08717948717948718