1 0.1642 0.30346666666666666 0.0604 0.09066666666666667
1 0.224 0.3373333333333333 0.0512 0.0656
1 0.2816 0.31066666666666665 0.0488 0.08266666666666667
1 0.3318 0.312 0.0484 0.0736
1 0.4036 0.2909333333333333 0.056 0.0912
1 0.4634 0.31306666666666666 0.0444 0.0832
1 0.5162 0.3256 0.0492 0.07413333333333333
1 0.569 0.31706666666666666 0.046 0.08586666666666666
1 0.5962 0.35013333333333335 0.0444 0.07946666666666667
1 0.6486 0.34613333333333335 0.0468 0.09173333333333333
1 0.705 0.3712 0.0412 0.0704
1 0.4326 0.6330666666666667 0.0628 0.11946666666666667
1 0.508 0.6069333333333333 0.0584 0.10773333333333333
1 0.58 0.40453333333333336 0.0528 0.0976
1 0.647 0.5072 0.0612 0.12586666666666665
1 0.7126 0.5568 0.0564 0.10773333333333333
1 0.7694 0.5757333333333333 0.074 0.12213333333333333
1 0.8778 0.5573333333333333 0.082 0.12266666666666666
1 0.8532 0.43093333333333333 0.0768 0.10986666666666667