1 0.2032474804031355 0.39822134387351776 0.04143337066069429 0.09288537549407115
1 0.24916013437849943 0.26976284584980237 0.02127659574468085 0.037549407114624504
1 0.2777155655095185 0.2608695652173913 0.020156774916013438 0.03557312252964427
1 0.31075027995520715 0.2391304347826087 0.0167973124300112 0.03162055335968379
1 0.3213885778275476 0.2549407114624506 0.020156774916013438 0.04743083003952569
1 0.3348264277715566 0.21640316205533597 0.015677491601343786 0.03359683794466403
1 0.3437849944008959 0.23122529644268774 0.015677491601343786 0.03162055335968379
1 0.364501679731243 0.2717391304347826 0.019036954087346025 0.041501976284584984
1 0.3840985442329227 0.2855731225296443 0.020156774916013438 0.037549407114624504
1 0.3583426651735722 0.24604743083003952 0.015677491601343786 0.029644268774703556
1 0.36338185890257557 0.19960474308300397 0.014557670772676373 0.03162055335968379
1 0.3801791713325868 0.18478260869565216 0.0167973124300112 0.03359683794466403
1 0.38521836506159013 0.22035573122529645 0.015677491601343786 0.037549407114624504
1 0.46024636058230683 0.24308300395256918 0.020156774916013438 0.043478260869565216
1 0.43449048152295633 0.23122529644268774 0.020156774916013438 0.039525691699604744
1 0.4070548712206047 0.18972332015810275 0.014557670772676373 0.03162055335968379
1 0.4423292273236282 0.18774703557312253 0.013437849944008958 0.03557312252964427
1 0.4423292273236282 0.16699604743083005 0.013437849944008958 0.029644268774703556
1 0.4568868980963046 0.18675889328063242 0.013437849944008958 0.03359683794466403
1 0.4753639417693169 0.19861660079051383 0.014557670772676373 0.029644268774703556
1 0.4748040313549832 0.16106719367588934 0.015677491601343786 0.025691699604743084
1 0.5044792833146696 0.191699604743083 0.0167973124300112 0.03557312252964427
1 0.49832026875699886 0.17094861660079053 0.015677491601343786 0.029644268774703556
1 0.4820828667413214 0.1373517786561265 0.012318029115341545 0.029644268774703556
1 0.5235162374020157 0.2025691699604743 0.0167973124300112 0.037549407114624504
1 0.5352743561030235 0.1600790513833992 0.015677491601343786 0.03557312252964427
1 0.5772676371780515 0.17094861660079053 0.0167973124300112 0.03359683794466403
1 0.5548712206047033 0.15118577075098813 0.014557670772676373 0.029644268774703556
1 0.5559910414333706 0.12351778656126482 0.0167973124300112 0.029644268774703556
1 0.5739081746920492 0.1432806324110672 0.014557670772676373 0.029644268774703556
1 0.58006718924972 0.13043478260869565 0.015677491601343786 0.023715415019762844
1 0.6108622620380739 0.14525691699604742 0.0167973124300112 0.029644268774703556
1 0.6310190369540873 0.12154150197628459 0.014557670772676373 0.029644268774703556
1 0.6713325867861142 0.11758893280632411 0.014557670772676373 0.029644268774703556
1 0.48824188129899215 0.3102766798418972 0.029115341545352745 0.05138339920948617
1 0.5559910414333706 0.23517786561264822 0.025755879059350503 0.05533596837944664
1 0.5655095184770437 0.2816205533596838 0.026875699888017916 0.05731225296442688
1 0.5991041433370661 0.3300395256916996 0.03135498320268757 0.07509881422924901
1 0.6170212765957447 0.24011857707509882 0.02463605823068309 0.0533596837944664
1 0.6528555431131019 0.21442687747035574 0.02463605823068309 0.04940711462450593
1 0.6478163493840985 0.17885375494071146 0.02127659574468085 0.03359683794466403
1 0.6763717805151176 0.15217391304347827 0.015677491601343786 0.03162055335968379
1 0.6842105263157895 0.18478260869565216 0.01791713325867861 0.04940711462450593
1 0.7110862262038073 0.21541501976284586 0.022396416573348264 0.039525691699604744
1 0.6685330347144457 0.2549407114624506 0.02463605823068309 0.04743083003952569
1 0.7222844344904815 0.26679841897233203 0.022396416573348264 0.04743083003952569
1 0.7631578947368421 0.29051383399209485 0.027995520716685332 0.05533596837944664
1 0.8325867861142218 0.3231225296442688 0.032474804031354984 0.0691699604743083
1 0.7530795072788354 0.23023715415019763 0.025755879059350503 0.04940711462450593
1 0.7284434490481523 0.19960474308300397 0.025755879059350503 0.04743083003952569
1 0.7110862262038073 0.17391304347826086 0.015677491601343786 0.03557312252964427
1 0.7010078387458006 0.14525691699604742 0.013437849944008958 0.029644268774703556
1 0.7340425531914894 0.11758893280632411 0.014557670772676373 0.025691699604743084
1 0.7592385218365062 0.13438735177865613 0.01791713325867861 0.03557312252964427
1 0.7424412094064949 0.14130434782608695 0.015677491601343786 0.03359683794466403
1 0.7541993281075028 0.17193675889328064 0.0167973124300112 0.03557312252964427
1 0.7737961926091825 0.2015810276679842 0.020156774916013438 0.04743083003952569
1 0.7771556550951848 0.15217391304347827 0.015677491601343786 0.03557312252964427
1 0.7950727883538634 0.17885375494071146 0.01791713325867861 0.037549407114624504
1 0.7973124300111982 0.12648221343873517 0.013437849944008958 0.02766798418972332
1 0.8269876819708847 0.13932806324110672 0.014557670772676373 0.03359683794466403
1 0.8331466965285554 0.18675889328063242 0.01791713325867861 0.041501976284584984
1 0.8460246360582306 0.16600790513833993 0.014557670772676373 0.03557312252964427
1 0.8180291153415453 0.22233201581027667 0.0167973124300112 0.041501976284584984
1 0.8516237402015677 0.24703557312252963 0.019036954087346025 0.05138339920948617
1 0.9036954087346024 0.26383399209486164 0.02463605823068309 0.05731225296442688
1 0.9115341545352743 0.22924901185770752 0.01791713325867861 0.043478260869565216
1 0.8773796192609182 0.1966403162055336 0.0167973124300112 0.037549407114624504
1 0.8812989921612542 0.16897233201581027 0.013437849944008958 0.029644268774703556
1 0.8840985442329228 0.1541501976284585 0.014557670772676373 0.02766798418972332