1 0.06926229508196721 0.5729349736379613 0.05327868852459016 0.1335676625659051
1 0.17868852459016393 0.2548330404217926 0.021311475409836064 0.04569420035149385
1 0.2098360655737705 0.27943760984182775 0.02622950819672131 0.05272407732864675
1 0.2528688524590164 0.23022847100175747 0.018852459016393444 0.04569420035149385
1 0.29221311475409834 0.23110720562390158 0.018852459016393444 0.04745166959578207
1 0.31065573770491806 0.22319859402460457 0.021311475409836064 0.0492091388400703
1 0.294672131147541 0.20298769771529 0.022131147540983605 0.050966608084358524
1 0.33319672131147543 0.2056239015817223 0.018852459016393444 0.04569420035149385
1 0.3487704918032787 0.18892794376098418 0.01721311475409836 0.043936731107205626
1 0.3536885245901639 0.2609841827768014 0.023770491803278688 0.061511423550087874
1 0.37581967213114753 0.17750439367311072 0.020491803278688523 0.03866432337434095
1 0.3836065573770492 0.21968365553602812 0.018032786885245903 0.03866432337434095
1 0.41598360655737704 0.18014059753954306 0.01721311475409836 0.043936731107205626
1 0.4385245901639344 0.15202108963093147 0.01639344262295082 0.043936731107205626
1 0.4565573770491803 0.2390158172231986 0.019672131147540985 0.05272407732864675
1 0.4204918032786885 0.30492091388400705 0.027868852459016394 0.061511423550087874
1 0.47540983606557374 0.15202108963093147 0.019672131147540985 0.04745166959578207
1 0.48155737704918034 0.13620386643233742 0.01721311475409836 0.03690685413005272
1 0.5081967213114754 0.15992970123022848 0.018032786885245903 0.0492091388400703
1 0.5176229508196721 0.14323374340949033 0.018852459016393444 0.043936731107205626
1 0.4864754098360656 0.19156414762741653 0.020491803278688523 0.0492091388400703
1 0.5438524590163935 0.20650263620386644 0.018852459016393444 0.04745166959578207
1 0.5434426229508197 0.12214411247803164 0.014754098360655738 0.043936731107205626
1 0.5487704918032786 0.14762741652021089 0.01721311475409836 0.0421792618629174
1 0.5704918032786885 0.12478031634446397 0.01639344262295082 0.03866432337434095
1 0.5717213114754098 0.15905096660808435 0.018852459016393444 0.04745166959578207
1 0.5622950819672131 0.18804920913884007 0.01639344262295082 0.0421792618629174
1 0.5840163934426229 0.10281195079086115 0.01557377049180328 0.040421792618629174
1 0.5983606557377049 0.14499121265377857 0.01639344262295082 0.040421792618629174
1 0.601639344262295 0.16520210896309315 0.014754098360655738 0.04569420035149385
1 0.6139344262295082 0.18365553602811951 0.018032786885245903 0.043936731107205626
1 0.6229508196721312 0.11335676625659051 0.018032786885245903 0.040421792618629174
1 0.6454918032786885 0.13532513181019332 0.01557377049180328 0.04569420035149385
1 0.660655737704918 0.1256590509666081 0.014754098360655738 0.04745166959578207
1 0.6856557377049181 0.12214411247803164 0.01557377049180328 0.040421792618629174
1 0.7040983606557377 0.14499121265377857 0.013114754098360656 0.040421792618629174
1 0.6795081967213115 0.15289982425307558 0.018032786885245903 0.04569420035149385
1 0.690983606557377 0.19332161687170474 0.019672131147540985 0.0492091388400703
1 0.65 0.17398945518453426 0.01639344262295082 0.04569420035149385
1 0.6614754098360656 0.2179261862917399 0.018032786885245903 0.05975395430579965
1 0.6073770491803279 0.2741652021089631 0.029508196721311476 0.05975395430579965
1 0.5651639344262295 0.3224956063268893 0.02540983606557377 0.061511423550087874
1 0.6049180327868853 0.36467486818980666 0.02622950819672131 0.061511423550087874
1 0.660655737704918 0.3936731107205624 0.03114754098360656 0.06678383128295255
1 0.7204918032786886 0.3875219683655536 0.02622950819672131 0.06854130052724078
1 0.7114754098360656 0.2680140597539543 0.02622950819672131 0.061511423550087874
1 0.7340163934426229 0.21441124780316345 0.018852459016393444 0.04569420035149385
1 0.7245901639344262 0.20650263620386644 0.018032786885245903 0.043936731107205626
1 0.7471311475409836 0.1827768014059754 0.01721311475409836 0.0421792618629174
1 0.773360655737705 0.19859402460456943 0.01721311475409836 0.0421792618629174
1 0.8057377049180328 0.17926186291739896 0.018032786885245903 0.0421792618629174
1 0.8110655737704918 0.210896309314587 0.01721311475409836 0.04569420035149385
1 0.8233606557377049 0.2047451669595782 0.01557377049180328 0.050966608084358524
1 0.8639344262295082 0.2179261862917399 0.01639344262295082 0.04569420035149385
1 0.8991803278688525 0.21968365553602812 0.01639344262295082 0.0492091388400703
1 0.8967213114754098 0.2504393673110721 0.01639344262295082 0.043936731107205626
1 0.9245901639344263 0.25746924428822493 0.01639344262295082 0.043936731107205626
1 0.9483606557377049 0.23198594024604569 0.014754098360655738 0.0421792618629174
1 0.9815573770491803 0.24956063268892795 0.013934426229508197 0.0421792618629174
1 0.9745901639344262 0.3268892794376098 0.018032786885245903 0.0421792618629174
1 0.9741803278688524 0.29261862917398945 0.012295081967213115 0.040421792618629174
1 0.9729508196721312 0.36731107205623903 0.018032786885245903 0.05975395430579965
1 0.9454918032786885 0.37697715289982425 0.018852459016393444 0.061511423550087874
1 0.9262295081967213 0.3251318101933216 0.018032786885245903 0.05272407732864675
1 0.8696721311475409 0.3031634446397188 0.021311475409836064 0.050966608084358524
1 0.7848360655737705 0.24868189806678384 0.023770491803278688 0.054481546572934976
1 0.809016393442623 0.29173989455184535 0.022950819672131147 0.05975395430579965
1 0.8618852459016394 0.37170474516695956 0.022131147540983605 0.06502636203866433
1 0.8782786885245901 0.3998242530755712 0.023770491803278688 0.07557117750439367
1 0.9549180327868853 0.47539543057996486 0.021311475409836064 0.07205623901581722
1 0.8663934426229508 0.4903339191564148 0.03114754098360656 0.0913884007029877
1 0.7758196721311476 0.45869947275922673 0.031967213114754096 0.09490333919156414
1 0.7475409836065574 0.28558875219683655 0.02459016393442623 0.050966608084358524