1 0.08083832335329341 0.2777777777777778 0.02594810379241517 0.052083333333333336
1 0.2934131736526946 0.2404513888888889 0.017964071856287425 0.03298611111111111
1 0.28642714570858285 0.2248263888888889 0.017964071856287425 0.03993055555555555
1 0.33632734530938124 0.1918402777777778 0.017964071856287425 0.03993055555555555
1 0.35778443113772457 0.19618055555555555 0.018962075848303395 0.03819444444444445
1 0.3602794411177645 0.22395833333333334 0.017964071856287425 0.03819444444444445
1 0.3837325349301397 0.2378472222222222 0.022954091816367265 0.04513888888888889
1 0.3398203592814371 0.2282986111111111 0.018962075848303395 0.036458333333333336
1 0.3837325349301397 0.2013888888888889 0.014970059880239521 0.03819444444444445
1 0.3992015968063872 0.20833333333333334 0.015968063872255488 0.034722222222222224
1 0.3897205588822355 0.1736111111111111 0.016966067864271458 0.034722222222222224
1 0.4091816367265469 0.171875 0.011976047904191617 0.034722222222222224
1 0.4281437125748503 0.20399305555555555 0.015968063872255488 0.036458333333333336
1 0.4121756487025948 0.2421875 0.02594810379241517 0.043402777777777776
1 0.4505988023952096 0.24739583333333334 0.022954091816367265 0.050347222222222224
1 0.45109780439121755 0.20225694444444445 0.01996007984031936 0.03993055555555555
1 0.47055888223552894 0.20399305555555555 0.020958083832335328 0.043402777777777776
1 0.43213572854291415 0.1605902777777778 0.015968063872255488 0.029513888888888888
1 0.4545908183632735 0.16145833333333334 0.018962075848303395 0.03819444444444445
1 0.49101796407185627 0.13802083333333334 0.011976047904191617 0.026041666666666668
1 0.4935129740518962 0.1501736111111111 0.012974051896207584 0.026041666666666668
1 0.5024950099800399 0.15538194444444445 0.014970059880239521 0.026041666666666668
1 0.5069860279441117 0.18663194444444445 0.01996007984031936 0.036458333333333336
1 0.531437125748503 0.1796875 0.020958083832335328 0.036458333333333336
1 0.5184630738522954 0.1519097222222222 0.014970059880239521 0.029513888888888888
1 0.5104790419161677 0.1345486111111111 0.012974051896207584 0.026041666666666668
1 0.529441117764471 0.1371527777777778 0.012974051896207584 0.020833333333333332
1 0.5568862275449101 0.1284722222222222 0.015968063872255488 0.024305555555555556
1 0.56187624750499 0.14149305555555555 0.013972055888223553 0.026041666666666668
1 0.5758483033932136 0.16145833333333334 0.013972055888223553 0.03125
1 0.5663672654690619 0.18489583333333334 0.016966067864271458 0.043402777777777776
1 0.5444111776447106 0.1605902777777778 0.016966067864271458 0.036458333333333336
1 0.5853293413173652 0.14322916666666666 0.014970059880239521 0.03298611111111111
1 0.6012974051896207 0.13975694444444445 0.012974051896207584 0.029513888888888888
1 0.6142714570858283 0.1675347222222222 0.014970059880239521 0.036458333333333336
1 0.6157684630738522 0.1267361111111111 0.00998003992015968 0.024305555555555556
1 0.622255489021956 0.12760416666666666 0.012974051896207584 0.026041666666666668
1 0.6337325349301397 0.13802083333333334 0.013972055888223553 0.03298611111111111
1 0.6487025948103793 0.125 0.015968063872255488 0.034722222222222224
1 0.6721556886227545 0.1232638888888889 0.012974051896207584 0.024305555555555556
1 0.6661676646706587 0.11024305555555555 0.010978043912175649 0.019097222222222224
1 0.6921157684630739 0.1345486111111111 0.012974051896207584 0.03298611111111111
1 0.6946107784431138 0.11197916666666667 0.00998003992015968 0.026041666666666668
1 0.7040918163672655 0.12760416666666666 0.012974051896207584 0.026041666666666668
1 0.716566866267465 0.11805555555555555 0.013972055888223553 0.03125
1 0.6771457085828343 0.18663194444444445 0.018962075848303395 0.036458333333333336
1 0.6641716566866267 0.14583333333333334 0.012974051896207584 0.024305555555555556
1 0.6511976047904192 0.1579861111111111 0.014970059880239521 0.03125
1 0.6017964071856288 0.22916666666666666 0.02594810379241517 0.04861111111111111
1 0.6322355289421158 0.21006944444444445 0.0249500998003992 0.04861111111111111
1 0.6487025948103793 0.2508680555555556 0.02594810379241517 0.05381944444444445
1 0.7015968063872255 0.2604166666666667 0.02594810379241517 0.052083333333333336
1 0.6916167664670658 0.2248263888888889 0.021956087824351298 0.050347222222222224
1 0.7130738522954092 0.1840277777777778 0.016966067864271458 0.041666666666666664
1 0.7265469061876247 0.1857638888888889 0.015968063872255488 0.03819444444444445
1 0.748003992015968 0.17881944444444445 0.018962075848303395 0.03819444444444445
1 0.7085828343313373 0.3255208333333333 0.033932135728542916 0.078125
1 0.7604790419161677 0.3810763888888889 0.031936127744510975 0.06770833333333333
1 0.8063872255489022 0.2986111111111111 0.027944111776447105 0.0625
1 0.7799401197604791 0.2517361111111111 0.02694610778443114 0.0625
1 0.7435129740518962 0.24305555555555555 0.021956087824351298 0.052083333333333336
1 0.7664670658682635 0.19791666666666666 0.021956087824351298 0.041666666666666664
1 0.7450099800399201 0.1527777777777778 0.016966067864271458 0.03125
1 0.7724550898203593 0.1371527777777778 0.013972055888223553 0.03125
1 0.7934131736526946 0.1371527777777778 0.013972055888223553 0.027777777777777776
1 0.8003992015968064 0.1484375 0.011976047904191617 0.026041666666666668
1 0.8053892215568862 0.1701388888888889 0.011976047904191617 0.027777777777777776
1 0.810379241516966 0.2074652777777778 0.017964071856287425 0.03993055555555555
1 0.8288423153692615 0.203125 0.016966067864271458 0.03819444444444445
1 0.8537924151696606 0.2230902777777778 0.020958083832335328 0.043402777777777776
1 0.8398203592814372 0.265625 0.022954091816367265 0.059027777777777776
1 0.8702594810379242 0.2309027777777778 0.015968063872255488 0.03819444444444445
1 0.843812375249501 0.1779513888888889 0.014970059880239521 0.036458333333333336
1 0.812874251497006 0.1423611111111111 0.014970059880239521 0.03125
1 0.8373253493013972 0.14756944444444445 0.011976047904191617 0.03125
1 0.8498003992015968 0.1579861111111111 0.014970059880239521 0.034722222222222224
1 0.8687624750499002 0.15625 0.014970059880239521 0.034722222222222224
1 0.8882235528942116 0.1657986111111111 0.015968063872255488 0.03993055555555555
1 0.8807385229540918 0.1909722222222222 0.014970059880239521 0.03819444444444445
1 0.9016966067864272 0.23177083333333334 0.018962075848303395 0.03993055555555555
1 0.9101796407185628 0.21180555555555555 0.015968063872255488 0.041666666666666664
1 0.9156686626746507 0.1909722222222222 0.016966067864271458 0.03125
1 0.9261477045908184 0.15711805555555555 0.011976047904191617 0.03993055555555555
1 0.9630738522954092 0.18663194444444445 0.013972055888223553 0.043402777777777776
1 0.9510978043912176 0.20833333333333334 0.015968063872255488 0.041666666666666664
1 0.9570858283433133 0.234375 0.017964071856287425 0.041666666666666664
1 0.9366267465069861 0.2630208333333333 0.022954091816367265 0.050347222222222224
1 0.9266467065868264 0.3229166666666667 0.03093812375249501 0.0625