1 0.1848792884371029 0.252262443438914 0.029224904701397714 0.04751131221719457
1 0.2668360864040661 0.22963800904977374 0.022871664548919948 0.042986425339366516
1 0.30940279542566707 0.21153846153846154 0.026683608640406607 0.05203619909502263
1 0.32719186785260485 0.21945701357466063 0.026683608640406607 0.05429864253393665
1 0.3386277001270648 0.19004524886877827 0.0241423125794155 0.04524886877828054
1 0.35069885641677256 0.26244343891402716 0.03303684879288437 0.07239819004524888
1 0.3900889453621347 0.21153846153846154 0.025412960609911054 0.05203619909502263
1 0.39135959339263027 0.16968325791855204 0.02795425667090216 0.05429864253393665
1 0.42820838627700125 0.18778280542986425 0.02795425667090216 0.049773755656108594
1 0.4822109275730623 0.17873303167420815 0.021601016518424398 0.05429864253393665
1 0.5527318932655655 0.20361990950226244 0.03303684879288437 0.06334841628959276
1 0.6200762388818297 0.252262443438914 0.03811944091486658 0.06561085972850679