1 0.092 0.5375375375375375 0.084 0.13213213213213212
1 0.186 0.536036036036036 0.044 0.08708708708708708
1 0.272 0.5420420420420421 0.116 0.17117117117117117
1 0.422 0.5255255255255256 0.04 0.06606606606606606
1 0.397 0.509009009009009 0.026 0.05105105105105105
1 0.45 0.53003003003003 0.032 0.04504504504504504
1 0.59 0.5330330330330331 0.12 0.17117117117117117
1 0.678 0.536036036036036 0.056 0.08708708708708708
1 0.749 0.5195195195195195 0.038 0.06006006006006006
1 0.824 0.524024024024024 0.052 0.08108108108108109
1 0.91 0.5615615615615616 0.1 0.18618618618618618