1 0.06486042692939245 0.5503597122302158 0.08374384236453201 0.18705035971223022
1 0.08292282430213464 0.7751798561151079 0.1297208538587849 0.24820143884892087
1 0.138752052545156 0.5017985611510791 0.06403940886699508 0.18345323741007194
1 0.09359605911330049 0.4226618705035971 0.06239737274220033 0.14028776978417265
1 0.2372742200328407 0.43884892086330934 0.054187192118226604 0.15827338129496402
1 0.27011494252873564 0.6438848920863309 0.10344827586206896 0.2158273381294964
1 0.32676518883415434 0.5287769784172662 0.06896551724137931 0.15827338129496402
1 0.3866995073891626 0.45323741007194246 0.07060755336617405 0.1510791366906475
1 0.5591133004926109 0.08992805755395683 0.05090311986863711 0.1510791366906475
1 0.7446633825944171 0.4028776978417266 0.05090311986863711 0.12949640287769784
1 0.7742200328407225 0.4550359712230216 0.06732348111658457 0.17625899280575538
1 0.8801313628899836 0.5143884892086331 0.09852216748768473 0.2446043165467626
1 0.9351395730706076 0.39568345323741005 0.07060755336617405 0.17985611510791366
1 0.9745484400656814 0.44064748201438847 0.05090311986863711 0.17625899280575538