1 0.06583333333333333 0.33111111111111113 0.035 0.04888888888888889
1 0.09666666666666666 0.3488888888888889 0.04 0.04888888888888889
1 0.14833333333333334 0.3611111111111111 0.03666666666666667 0.05555555555555555
1 0.18583333333333332 0.37555555555555553 0.045 0.057777777777777775
1 0.27416666666666667 0.3511111111111111 0.03166666666666667 0.044444444444444446
1 0.30833333333333335 0.3511111111111111 0.03333333333333333 0.04888888888888889
1 0.3475 0.3233333333333333 0.021666666666666667 0.03333333333333333
1 0.37916666666666665 0.3511111111111111 0.03166666666666667 0.044444444444444446
1 0.38916666666666666 0.4122222222222222 0.06166666666666667 0.08666666666666667
1 0.4533333333333333 0.3488888888888889 0.02666666666666667 0.04
1 0.47583333333333333 0.35 0.028333333333333332 0.04666666666666667
1 0.5266666666666666 0.32555555555555554 0.03 0.04666666666666667
1 0.65 0.27444444444444444 0.03666666666666667 0.051111111111111114
1 0.5033333333333333 0.43 0.07 0.10444444444444445
1 0.5841666666666666 0.38666666666666666 0.041666666666666664 0.07111111111111111
1 0.6733333333333333 0.39222222222222225 0.05333333333333334 0.07777777777777778
1 0.7116666666666667 0.3522222222222222 0.04 0.051111111111111114
1 0.765 0.37555555555555553 0.04 0.06222222222222222
1 0.8083333333333333 0.43777777777777777 0.06333333333333334 0.10222222222222223
1 0.895 0.4911111111111111 0.11666666666666667 0.16
1 0.9066666666666666 0.3844444444444444 0.06 0.08444444444444445