1 0.0854964308890331 0.4742773150416463 0.029526281635301754 0.04703576678098971
1 0.19695003244646334 0.4644781969622734 0.03309539260220636 0.06271435570798628
1 0.15768981181051264 0.5805977462028418 0.029201817001946788 0.03821656050955414
1 0.22680077871512005 0.6166095051445369 0.0317975340687865 0.04752572268495835
1 0.2654120700843608 0.6222439980401764 0.03439325113562622 0.050955414012738856
1 0.26151849448410125 0.5894169524742773 0.021414665801427646 0.03135717785399314
1 0.23848150551589878 0.5786379225869672 0.022063595068137574 0.030377266046055854
1 0.30158987670343934 0.6031357177853993 0.024334847501622323 0.03723664870161685
1 0.33419857235561323 0.6175894169524743 0.03244646333549643 0.03968642822146007
1 0.3747566515249838 0.6170994610485057 0.029850746268656716 0.04654581087702107
1 0.34441920830629463 0.5864772170504654 0.02563270603504218 0.03331700146986771
1 0.32430240103828684 0.5764331210191083 0.01719662556781311 0.029887310142087214
1 0.3958468526930565 0.5916217540421362 0.02465931213497729 0.043606075453209214
1 0.40006489292667097 0.5786379225869672 0.022063595068137574 0.03233708966193043
1 0.3719987021414666 0.5828025477707006 0.018494484101232965 0.02596766291033807
1 0.43105126541207006 0.6063204311611955 0.028877352368591822 0.03968642822146007
1 0.43170019467878 0.5832925036746692 0.02628163530175211 0.030867221950024497
1 0.45863075924724206 0.5744732974032337 0.03017521090201168 0.04262616364527193
1 0.4600908500973394 0.6099951004409603 0.0317975340687865 0.04899559039686428
1 0.4828033744321869 0.6401273885350318 0.04282933160285529 0.059284664380205784
1 0.48702141466580146 0.5901518863302303 0.02465931213497729 0.040666340029397355
1 0.5201168072680078 0.5796178343949044 0.027903958468526932 0.036256736893679566
1 0.54574951330305 0.6276335129838314 0.0317975340687865 0.06369426751592357
1 0.5897144711226476 0.6393924546790789 0.03731343283582089 0.06271435570798628
1 0.5905256327060351 0.5957863792258696 0.0317975340687865 0.04997550220480157
1 0.6336794289422453 0.6114649681528662 0.03958468526930565 0.06467417932386085
1 0.6636924075275795 0.6411073003429691 0.03731343283582089 0.059284664380205784
1 0.65914990266061 0.6063204311611955 0.02693056456846204 0.03968642822146007
1 0.6961388708630759 0.6207741303282704 0.028877352368591822 0.046055854973052424
1 0.7373458792991564 0.6452719255267026 0.04769630110317975 0.06369426751592357
1 0.7188513951979234 0.6070553650171484 0.028877352368591822 0.04997550220480157
1 0.763465282284231 0.6095051445369917 0.03374432186891629 0.04997550220480157
1 0.7879623621025308 0.6406173444390005 0.04445165476963011 0.07104360607545321
1 0.7949383517196625 0.5982361587457129 0.0317975340687865 0.050955414012738856
1 0.8384166125892277 0.60828025477707 0.04023361453601557 0.06908378245957864
1 0.8569110966904607 0.5989710926016658 0.0317975340687865 0.05438510534051935
1 0.8711875405580791 0.6741793238608526 0.046073977936404935 0.08133268005879471
1 0.7147955872809864 0.4691327780499755 0.02336145360155743 0.040666340029397355