1 0.020684168655529037 0.3906911142454161 0.02545743834526651 0.039492242595204514
1 0.26292760540970567 0.268688293370945 0.016706443914081145 0.0380818053596615
1 0.27923627684964203 0.2644569816643159 0.022275258552108195 0.04372355430183357
1 0.3038981702466189 0.26586741889985893 0.01909307875894988 0.03526093088857546
1 0.322593476531424 0.27997179125528915 0.024661893396976928 0.0380818053596615
1 0.33770883054892603 0.21368124118476728 0.016706443914081145 0.02679830747531735
1 0.3444709626093874 0.22214386459802538 0.017501988862370723 0.04090267983074753
1 0.3910103420843278 0.2524682651622003 0.021479713603818614 0.04231311706629055
1 0.420843277645187 0.27221438645980256 0.02386634844868735 0.047954866008462625
1 0.40731901352426414 0.22425952045133993 0.01909307875894988 0.039492242595204514
1 0.39657915672235483 0.18758815232722145 0.015115354017501989 0.02538787023977433
1 0.4116945107398568 0.17842031029619182 0.013524264120922832 0.021156558533145273
1 0.42641209228321403 0.17983074753173484 0.015910898965791568 0.029619181946403384
1 0.43715194908512334 0.1622002820874471 0.016706443914081145 0.02538787023977433
1 0.46618933969769294 0.14245416078984485 0.012728719172633254 0.02538787023977433
1 0.4669848846459825 0.15867418899858957 0.017501988862370723 0.029619181946403384
1 0.4888623707239459 0.1368124118476728 0.011933174224343675 0.02538787023977433
1 0.4968178202068417 0.1318758815232722 0.013524264120922832 0.023977433004231313
1 0.5186953062848051 0.14174894217207334 0.012728719172633254 0.029619181946403384
1 0.5234685759745425 0.13328631875881522 0.012728719172633254 0.023977433004231313
1 0.5493237867939539 0.1473906911142454 0.015115354017501989 0.03526093088857546
1 0.5883054892601431 0.114950634696756 0.013524264120922832 0.029619181946403384
1 0.6459824980111376 0.11636107193229901 0.014319809069212411 0.02679830747531735
1 0.665871121718377 0.11424541607898449 0.012728719172633254 0.02538787023977433
1 0.6209228321400159 0.1459802538787024 0.016706443914081145 0.029619181946403384
1 0.6487669053301511 0.16643159379407615 0.01988862370723946 0.039492242595204514
1 0.5867143993635641 0.16572637517630465 0.016706443914081145 0.029619181946403384
1 0.5648369132856006 0.1622002820874471 0.012728719172633254 0.02538787023977433
1 0.5469371519490851 0.1918194640338505 0.016706443914081145 0.036671368124118475
1 0.5067621320604614 0.18970380818053598 0.01909307875894988 0.03244005641748942
1 0.4813046937151949 0.19322990126939352 0.015910898965791568 0.02538787023977433
1 0.4737470167064439 0.2306064880112835 0.01988862370723946 0.04090267983074753
1 0.44749403341288785 0.22355430183356842 0.01988862370723946 0.03244005641748942
1 0.766109785202864 0.1227080394922426 0.012728719172633254 0.02538787023977433
1 0.7482100238663485 0.14527503526093088 0.015115354017501989 0.031029619181946404
1 0.7346857597454256 0.15726375176304655 0.013524264120922832 0.023977433004231313
1 0.7020684168655529 0.15796897038081806 0.015115354017501989 0.028208744710860368
1 0.7104216388225935 0.17277856135401976 0.017501988862370723 0.0380818053596615
1 0.7394590294351631 0.18970380818053598 0.018297533810660304 0.0380818053596615
1 0.7629276054097056 0.16572637517630465 0.01909307875894988 0.029619181946403384
1 0.8035003977724742 0.1382228490832158 0.015910898965791568 0.031029619181946404
1 0.8106603023070803 0.17277856135401976 0.017501988862370723 0.0380818053596615
1 0.8269689737470167 0.15867418899858957 0.015115354017501989 0.0380818053596615
1 0.8381066030230708 0.14809590973201692 0.013524264120922832 0.03385049365303244
1 0.8671439936356404 0.14245416078984485 0.015910898965791568 0.028208744710860368
1 0.843277645186953 0.1847672778561354 0.017501988862370723 0.03385049365303244
1 0.8711217183770883 0.2073342736248237 0.015910898965791568 0.039492242595204514
1 0.8842482100238663 0.2009873060648801 0.011933174224343675 0.03244005641748942
1 0.822593476531424 0.21227080394922426 0.015910898965791568 0.03526093088857546
1 0.8333333333333334 0.23272214386459802 0.01988862370723946 0.04231311706629055
1 0.8719172633253779 0.2468265162200282 0.01909307875894988 0.039492242595204514
1 0.9077167859984089 0.27009873060648804 0.020684168655529037 0.05218617771509168
1 0.8683373110580748 0.3018335684062059 0.021479713603818614 0.045133991537376586
1 0.7871917263325378 0.2912552891396333 0.023070803500397773 0.06629055007052186
1 0.7804295942720764 0.21015514809590974 0.01909307875894988 0.04231311706629055
1 0.7561654733492442 0.22849083215796898 0.021479713603818614 0.04231311706629055
1 0.711217183770883 0.21720733427362482 0.020684168655529037 0.036671368124118475
1 0.6531424025457438 0.21861777150916784 0.022275258552108195 0.03385049365303244
1 0.6109785202863962 0.2073342736248237 0.022275258552108195 0.039492242595204514
1 0.6089896579156723 0.24118476727785615 0.023070803500397773 0.045133991537376586
1 0.6551312649164678 0.25740479548660083 0.023070803500397773 0.0465444287729196
1 0.7036595067621321 0.3081805359661495 0.02784407319013524 0.06346967559943582
1 0.7171837708830548 0.2863187588152327 0.024661893396976928 0.056417489421720736
1 0.7410501193317423 0.3624823695345557 0.03261734287987271 0.06488011283497884
1 0.5640413683373111 0.25035260930888575 0.01909307875894988 0.0465444287729196
1 0.5477326968973747 0.3032440056417489 0.026252983293556086 0.05077574047954866
1 0.5023866348448688 0.3011283497884344 0.023070803500397773 0.0465444287729196
1 0.6603023070803501 0.35613540197461213 0.04295942720763723 0.08321579689703808