0 0.5141666666666667 0.7166666666666667 0.09833333333333333 0.2
0 0.3016666666666667 0.4766666666666667 0.043333333333333335 0.08666666666666667
0 0.6733333333333333 0.4083333333333333 0.03 0.09
0 0.5925 0.5083333333333333 0.021666666666666667 0.043333333333333335
0 0.6033333333333334 0.43666666666666665 0.016666666666666666 0.04
0 0.5083333333333333 0.4083333333333333 0.01 0.023333333333333334
0 0.5275 0.5183333333333333 0.018333333333333333 0.043333333333333335
0 0.5383333333333333 0.465 0.013333333333333334 0.03
0 0.48083333333333333 0.455 0.015 0.03666666666666667
0 0.4116666666666667 0.46166666666666667 0.013333333333333334 0.03
0 0.44333333333333336 0.455 0.01 0.03
0 0.7191666666666666 0.38 0.015 0.03333333333333333