1 0.33943514644351463 0.20864661654135339 0.01778242677824268 0.03383458646616541
1 0.4743723849372385 0.20394736842105263 0.028242677824267783 0.06203007518796992
1 0.5496861924686193 0.19172932330827067 0.01778242677824268 0.03383458646616541
1 0.5507322175732218 0.23214285714285715 0.028242677824267783 0.06203007518796992
1 0.5842050209205021 0.22462406015037595 0.021966527196652718 0.05075187969924812
1 0.6182008368200836 0.20112781954887218 0.02301255230125523 0.045112781954887216
1 0.6359832635983264 0.23590225563909775 0.02301255230125523 0.05075187969924812
1 0.6600418410041841 0.21146616541353383 0.02092050209205021 0.046992481203007516
1 0.698744769874477 0.21334586466165414 0.01882845188284519 0.039473684210526314
1 0.7259414225941423 0.26973684210526316 0.02301255230125523 0.05827067669172932
1 0.8226987447698745 0.29229323308270677 0.02615062761506276 0.05075187969924812
1 0.8718619246861925 0.26033834586466165 0.021966527196652718 0.05827067669172932
1 0.9325313807531381 0.29229323308270677 0.028242677824267783 0.06578947368421052
1 0.9116108786610879 0.30451127819548873 0.02405857740585774 0.06015037593984962
1 0.9042887029288703 0.3355263157894737 0.030334728033472803 0.06578947368421052