1 0.03822815533980582 0.3680851063829787 0.025485436893203883 0.05531914893617021
1 0.05703883495145631 0.37340425531914895 0.02669902912621359 0.07021276595744681
1 0.07281553398058252 0.30425531914893617 0.01699029126213592 0.05106382978723404
1 0.43143203883495146 0.2531914893617021 0.027912621359223302 0.05531914893617021
1 0.3859223300970874 0.20638297872340425 0.019417475728155338 0.029787234042553193
1 0.4557038834951456 0.225531914893617 0.023058252427184466 0.03829787234042553
1 0.4817961165048544 0.18085106382978725 0.021844660194174758 0.05106382978723404
1 0.5018203883495146 0.21063829787234042 0.02063106796116505 0.03829787234042553
1 0.5327669902912622 0.2680851063829787 0.03155339805825243 0.07659574468085106
1 0.591626213592233 0.24893617021276596 0.025485436893203883 0.05106382978723404
1 0.6929611650485437 0.1829787234042553 0.019417475728155338 0.03829787234042553
1 0.5716019417475728 0.1372340425531915 0.01699029126213592 0.031914893617021274