1 0.0660377358490566 0.4773371104815864 0.06792452830188679 0.1048158640226629
1 0.12075471698113208 0.42492917847025496 0.04150943396226415 0.0679886685552408
1 0.17641509433962263 0.5155807365439093 0.08490566037735849 0.1359773371104816
1 0.17264150943396225 0.44192634560906513 0.0509433962264151 0.0679886685552408
1 0.23962264150943396 0.42209631728045327 0.033962264150943396 0.0679886685552408
1 0.2650943396226415 0.4688385269121813 0.05471698113207547 0.0708215297450425
1 0.32547169811320753 0.6147308781869688 0.12264150943396226 0.254957507082153
1 0.41320754716981134 0.4985835694050991 0.07169811320754717 0.1359773371104816
1 0.3132075471698113 0.43626062322946174 0.03773584905660377 0.056657223796033995
1 0.35094339622641507 0.41359773371104813 0.03018867924528302 0.056657223796033995
1 0.39433962264150946 0.4164305949008499 0.033962264150943396 0.05099150141643059
1 0.4650943396226415 0.4164305949008499 0.03207547169811321 0.06232294617563739
1 0.49528301886792453 0.42209631728045327 0.035849056603773584 0.056657223796033995
1 0.5094339622641509 0.4660056657223796 0.045283018867924525 0.09348441926345609
1 0.5490566037735849 0.42917847025495753 0.033962264150943396 0.059490084985835696
1 0.5339622641509434 0.4065155807365439 0.026415094339622643 0.04815864022662889
1 0.6028301886792453 0.415014164305949 0.024528301886792454 0.04815864022662889
1 0.6424528301886793 0.4192634560906516 0.03207547169811321 0.0453257790368272
1 0.6424528301886793 0.5297450424929179 0.09245283018867924 0.21529745042492918
1 0.6943396226415094 0.5042492917847026 0.052830188679245285 0.11331444759206799
1 0.7150943396226415 0.43626062322946174 0.033962264150943396 0.06232294617563739
1 0.7679245283018868 0.4121813031161473 0.03018867924528302 0.053824362606232294
1 0.7943396226415095 0.4461756373937677 0.04150943396226415 0.0708215297450425
1 0.8433962264150944 0.48725212464589235 0.05660377358490566 0.09631728045325778
1 0.8339622641509434 0.4206798866855524 0.033962264150943396 0.053824362606232294
1 0.8849056603773585 0.4447592067988669 0.033962264150943396 0.0679886685552408
1 0.9537735849056603 0.5297450424929179 0.08490566037735849 0.1529745042492918
1 0.969811320754717 0.4192634560906516 0.04150943396226415 0.0679886685552408