1 0.06282998944033791 0.3462264150943396 0.030623020063357972 0.0509433962264151
1 0.2961985216473073 0.2179245283018868 0.01583949313621964 0.02830188679245283
1 0.30464625131995776 0.24245283018867925 0.01795142555438226 0.035849056603773584
1 0.3342133051742344 0.23113207547169812 0.01795142555438226 0.035849056603773584
1 0.3342133051742344 0.17641509433962263 0.01583949313621964 0.035849056603773584
1 0.3511087645195354 0.19528301886792454 0.01583949313621964 0.03207547169811321
1 0.3796198521647307 0.19245283018867926 0.01583949313621964 0.03773584905660377
1 0.3600844772967265 0.24622641509433962 0.01900739176346357 0.03962264150943396
1 0.3738120380147835 0.2669811320754717 0.023231256599788808 0.04716981132075472
1 0.4028511087645195 0.19150943396226416 0.01795142555438226 0.03962264150943396
1 0.4149947201689546 0.2037735849056604 0.01689545934530095 0.04150943396226415
1 0.42027455121436114 0.17452830188679244 0.01689545934530095 0.03207547169811321
1 0.4244984160506864 0.1490566037735849 0.01689545934530095 0.03018867924528302
1 0.4498416050686378 0.1669811320754717 0.01900739176346357 0.03962264150943396
1 0.4429778247096093 0.22264150943396227 0.02006335797254488 0.045283018867924525
1 0.4894403379091869 0.21509433962264152 0.02006335797254488 0.04150943396226415
1 0.47940865892291445 0.1811320754716981 0.01900739176346357 0.03773584905660377
1 0.47043294614572334 0.15660377358490565 0.013727560718057022 0.026415094339622643
1 0.4751847940865892 0.14056603773584905 0.01689545934530095 0.020754716981132074
1 0.4904963041182682 0.13018867924528302 0.013727560718057022 0.026415094339622643
1 0.5005279831045406 0.15566037735849056 0.014783526927138331 0.02830188679245283
1 0.5131995776135164 0.14433962264150943 0.012671594508975714 0.020754716981132074
1 0.5063357972544879 0.1169811320754717 0.013727560718057022 0.026415094339622643
1 0.5285110876451954 0.12452830188679245 0.011615628299894404 0.026415094339622643
1 0.5253431890179514 0.17169811320754716 0.01583949313621964 0.03018867924528302
1 0.5475184794086589 0.19622641509433963 0.02006335797254488 0.03773584905660377
1 0.5538542766631468 0.15849056603773584 0.01583949313621964 0.03018867924528302
1 0.5527983104540655 0.1330188679245283 0.011615628299894404 0.024528301886792454
1 0.5491024287222809 0.11981132075471698 0.014783526927138331 0.035849056603773584
1 0.4910242872228089 0.3009433962264151 0.029567053854276663 0.05849056603773585
1 0.5517423442449841 0.30660377358490565 0.030623020063357972 0.05849056603773585
1 0.5807814149947201 0.24622641509433962 0.027455121436114043 0.05849056603773585
1 0.5897571277719112 0.17075471698113207 0.022175290390707498 0.03962264150943396
1 0.5744456177402323 0.12830188679245283 0.014783526927138331 0.03018867924528302
1 0.5834213305174234 0.11132075471698114 0.01583949313621964 0.03018867924528302
1 0.6013727560718057 0.12169811320754717 0.01795142555438226 0.03207547169811321
1 0.6209081309398099 0.15754716981132075 0.014783526927138331 0.03207547169811321
1 0.6272439281942978 0.12924528301886792 0.01689545934530095 0.02830188679245283
1 0.6335797254487856 0.10283018867924529 0.012671594508975714 0.02830188679245283
1 0.6552270327349525 0.12452830188679245 0.01583949313621964 0.03018867924528302
1 0.6684266103484688 0.09716981132075472 0.014783526927138331 0.03207547169811321
1 0.689545934530095 0.12264150943396226 0.014783526927138331 0.026415094339622643
1 0.6932418162618796 0.09811320754716982 0.011615628299894404 0.022641509433962263
1 0.7117212249208026 0.10849056603773585 0.014783526927138331 0.03207547169811321
1 0.6525871172122492 0.1877358490566038 0.01900739176346357 0.03962264150943396
1 0.6267159450897571 0.21320754716981133 0.022175290390707498 0.033962264150943396
1 0.6304118268215417 0.23679245283018868 0.021119324181626188 0.04339622641509434
1 0.6077085533262936 0.33773584905660375 0.030623020063357972 0.06792452830188679
1 0.6800422386483632 0.24528301886792453 0.023231256599788808 0.052830188679245285
1 0.7154171066525871 0.2169811320754717 0.022175290390707498 0.052830188679245285
1 0.6842661034846885 0.3452830188679245 0.03801478352692714 0.07169811320754717
1 0.7555438225976768 0.38113207547169814 0.03273495248152059 0.06792452830188679
1 0.8115100316789863 0.42547169811320756 0.03907074973600845 0.0660377358490566
1 0.909714889123548 0.42547169811320756 0.03695881731784583 0.08867924528301886
1 0.9255543822597677 0.3443396226415094 0.030623020063357972 0.062264150943396226
1 0.9202745512143612 0.2839622641509434 0.022175290390707498 0.05471698113207547
1 0.9535374868004224 0.22358490566037736 0.01689545934530095 0.03962264150943396
1 0.8790918690601901 0.219811320754717 0.02006335797254488 0.04339622641509434
1 0.8695881731784583 0.2632075471698113 0.02006335797254488 0.04716981132075472
1 0.8363252375923971 0.3433962264150943 0.025343189017951427 0.052830188679245285
1 0.7793030623020063 0.3150943396226415 0.023231256599788808 0.05660377358490566
1 0.7307286166842661 0.30283018867924527 0.025343189017951427 0.05471698113207547
1 0.7777191129883844 0.2650943396226415 0.028511087645195353 0.0509433962264151
1 0.7998944033790919 0.2330188679245283 0.02006335797254488 0.04339622641509434
1 0.824181626187962 0.2622641509433962 0.022175290390707498 0.06415094339622641
1 0.7074973600844773 0.17264150943396225 0.01689545934530095 0.03207547169811321
1 0.7006335797254488 0.15283018867924528 0.01583949313621964 0.033962264150943396
1 0.7328405491024287 0.14150943396226415 0.012671594508975714 0.03018867924528302
1 0.7449841605068638 0.16037735849056603 0.01583949313621964 0.04150943396226415
1 0.7618796198521647 0.15283018867924528 0.01583949313621964 0.03018867924528302
1 0.7613516367476241 0.13018867924528302 0.012671594508975714 0.022641509433962263
1 0.7845828933474129 0.1339622641509434 0.014783526927138331 0.033962264150943396
1 0.7993664202745512 0.15660377358490565 0.01689545934530095 0.03773584905660377
1 0.764519535374868 0.2018867924528302 0.021119324181626188 0.04150943396226415