1 0.18406337371854614 0.44435351882160395 0.05498602050326188 0.10638297872340426
1 0.27632805219012113 0.24386252045826515 0.013979496738117428 0.029459901800327332
1 0.30335507921714816 0.2381342062193126 0.0195712954333644 0.03436988543371522
1 0.29217148182665426 0.27086743044189854 0.017707362534948742 0.03764320785597381
1 0.3383038210624418 0.2700490998363339 0.016775396085740912 0.03600654664484452
1 0.3718546132339236 0.2823240589198036 0.02050326188257223 0.03764320785597381
1 0.37325256290773534 0.23404255319148937 0.0195712954333644 0.03600654664484452
1 0.4380242311276794 0.23158756137479541 0.024231127679403542 0.044189852700491
1 0.46272134203168686 0.22995090016366612 0.02516309412861137 0.04746317512274959
1 0.37791239515377445 0.18166939443535188 0.015843429636533086 0.03273322422258593
1 0.40307548928238585 0.18739770867430441 0.015843429636533086 0.027823240589198037
1 0.41985088536812676 0.18085106382978725 0.015843429636533086 0.03764320785597381
1 0.4277726001863933 0.17266775777414076 0.0130475302889096 0.03436988543371522
1 0.44594594594594594 0.18330605564648117 0.013979496738117428 0.03600654664484452
1 0.46318732525629075 0.19230769230769232 0.01863932898415657 0.03764320785597381
1 0.4608574091332712 0.1546644844517185 0.012115563839701771 0.031096563011456628
1 0.48182665424044735 0.14893617021276595 0.0130475302889096 0.03273322422258593
1 0.4869524697110904 0.16448445171849427 0.010251630941286114 0.02127659574468085
1 0.4902143522833178 0.19312602291325695 0.02050326188257223 0.03927986906710311
1 0.5088536812674743 0.17430441898527005 0.01863932898415657 0.044189852700491
1 0.5219012115563839 0.20540098199672668 0.02050326188257223 0.03764320785597381
1 0.5051258154706431 0.12847790507364976 0.011183597390493943 0.02127659574468085
1 0.5191053122087604 0.1407528641571195 0.0130475302889096 0.02618657937806874
1 0.5354147250698975 0.11865793780687398 0.017707362534948742 0.024549918166939442
1 0.5573159366262814 0.13175122749590834 0.01863932898415657 0.027823240589198037
1 0.5484622553588071 0.17103109656301146 0.015843429636533086 0.031096563011456628
1 0.5605778191985089 0.1734860883797054 0.017707362534948742 0.03273322422258593
1 0.581547064305685 0.1432078559738134 0.016775396085740912 0.031096563011456628
1 0.5885368126747437 0.11702127659574468 0.013979496738117428 0.02127659574468085
1 0.5913327120223671 0.10147299509001637 0.013979496738117428 0.022913256955810146
1 0.6043802423112767 0.14729950900163666 0.017707362534948742 0.03600654664484452
1 0.6211556383970177 0.10310965630114566 0.012115563839701771 0.022913256955810146
1 0.6295433364398881 0.1072013093289689 0.013979496738117428 0.02127659574468085
1 0.6453867660764212 0.13584288052373159 0.015843429636533086 0.022913256955810146
1 0.6472506989748369 0.11620294599018004 0.013979496738117428 0.019639934533551555
1 0.6668219944082013 0.10965630114566285 0.013979496738117428 0.02618657937806874
1 0.6980428704566636 0.10065466448445172 0.011183597390493943 0.024549918166939442
1 0.5013979496738118 0.35597381342062195 0.03168685927306617 0.057283142389525366
1 0.5647716682199441 0.30032733224222585 0.024231127679403542 0.057283142389525366
1 0.5624417520969245 0.24959083469721768 0.023299161230195712 0.044189852700491
1 0.6178937558247903 0.2520458265139116 0.02050326188257223 0.049099836333878884
1 0.6397949673811743 0.2864157119476268 0.02702702702702703 0.05564648117839607
1 0.6826654240447344 0.3142389525368249 0.028890959925442685 0.062193126022913256
1 0.6332712022367195 0.21031096563011456 0.023299161230195712 0.044189852700491
1 0.6621621621621622 0.21031096563011456 0.023299161230195712 0.04746317512274959
1 0.6649580615097856 0.1718494271685761 0.0195712954333644 0.03600654664484452
1 0.6971109040074557 0.18412438625204583 0.01863932898415657 0.03764320785597381
1 0.6933830382106244 0.1497545008183306 0.014911463187325256 0.03436988543371522
1 0.728331780055918 0.1939443535188216 0.023299161230195712 0.044189852700491
1 0.7325256290773532 0.24468085106382978 0.0260950605778192 0.054009819967266774
1 0.7082945013979497 0.23158756137479541 0.0260950605778192 0.05073649754500818
1 0.7530288909599254 0.2176759410801964 0.024231127679403542 0.049099836333878884
1 0.772134203168686 0.20949263502454993 0.021435228331780055 0.05237315875613748
1 0.749767008387698 0.323240589198036 0.036346691519105315 0.07037643207855974
1 0.776794035414725 0.27986906710310966 0.02702702702702703 0.062193126022913256
1 0.8108108108108109 0.23895253682487724 0.01863932898415657 0.04582651391162029
1 0.7367194780987885 0.11292962356792144 0.017707362534948742 0.03600654664484452
1 0.7548928238583411 0.1432078559738134 0.01863932898415657 0.03764320785597381
1 0.7693383038210625 0.13011456628477905 0.013979496738117428 0.031096563011456628
1 0.7823858341099721 0.13911620294599017 0.015843429636533086 0.03600654664484452
1 0.8005591798695247 0.14402618657937807 0.016775396085740912 0.03600654664484452
1 0.8289841565703635 0.14238952536824878 0.013979496738117428 0.029459901800327332
1 0.8331780055917987 0.12438625204582651 0.014911463187325256 0.03273322422258593
1 0.8504193849021435 0.16039279869067102 0.015843429636533086 0.0425531914893617
1 0.858807082945014 0.1530278232405892 0.013979496738117428 0.031096563011456628
1 0.8662628145386766 0.13502454991816695 0.013979496738117428 0.024549918166939442
1 0.8289841565703635 0.2127659574468085 0.02516309412861137 0.0425531914893617
1 0.8574091332712023 0.24959083469721768 0.02050326188257223 0.04746317512274959
1 0.8434296365330848 0.2995090016366612 0.02982292637465051 0.06546644844517185
1 0.7972972972972973 0.4148936170212766 0.034482758620689655 0.07364975450081833
1 0.9063373718546133 0.35597381342062195 0.03075489282385834 0.07364975450081833
1 0.918452935694315 0.3109656301145663 0.02702702702702703 0.05237315875613748
1 0.9123951537744641 0.2602291325695581 0.0260950605778192 0.04582651391162029
1 0.8802423112767941 0.20540098199672668 0.017707362534948742 0.03436988543371522
1 0.8946877912395154 0.16612111292962356 0.016775396085740912 0.03436988543371522
1 0.9259086672879776 0.21194762684124385 0.017707362534948742 0.03764320785597381
1 0.9249767008387698 0.2602291325695581 0.0195712954333644 0.04582651391162029
1 0.9268406337371855 0.15711947626841244 0.012115563839701771 0.02618657937806874