1 0.05131172839506173 0.6121399176954733 0.08024691358024691 0.11008230452674897
1 0.1089891975308642 0.6262860082304527 0.055169753086419755 0.08590534979423868
1 0.12345679012345678 0.5853909465020576 0.040123456790123455 0.06893004115226338
1 0.16300154320987653 0.5933641975308642 0.05285493827160494 0.0787037037037037
1 0.2789351851851852 0.5974794238683128 0.11959876543209877 0.18981481481481483
1 0.35146604938271603 0.5871913580246914 0.03935185185185185 0.07253086419753087
1 0.4324845679012346 0.6154835390946503 0.08796296296296297 0.12911522633744857
1 0.44675925925925924 0.393261316872428 0.04861111111111111 0.08590534979423868
1 0.5439814814814815 0.5707304526748971 0.038580246913580245 0.073559670781893
1 0.5785108024691358 0.6080246913580247 0.06520061728395062 0.10390946502057613
1 0.6003086419753086 0.5565843621399177 0.031635802469135804 0.043209876543209874
1 0.5619212962962963 0.5540123456790124 0.022762345679012346 0.050411522633744855
1 0.6521990740740741 0.6147119341563786 0.055169753086419755 0.08847736625514403
1 0.6817129629629629 0.5727880658436214 0.038580246913580245 0.06738683127572016
1 0.7067901234567902 0.5555555555555556 0.035493827160493825 0.06790123456790123
1 0.7561728395061729 0.5419238683127572 0.02546296296296296 0.042695473251028807
1 0.8510802469135802 0.3829732510288066 0.11882716049382716 0.18878600823045266
1 0.8206018518518519 0.6430041152263375 0.14969135802469136 0.25617283950617287