1 0.07890625 0.6015228426395939 0.1265625 0.20812182741116753
1 0.046875 0.36548223350253806 0.0625 0.1116751269035533
1 0.1 0.29949238578680204 0.059375 0.09644670050761421
1 0.16484375 0.1967005076142132 0.0515625 0.09898477157360407
1 0.18515625 0.3134517766497462 0.0703125 0.11421319796954314
1 0.2453125 0.41116751269035534 0.090625 0.17766497461928935
1 0.325 0.2550761421319797 0.078125 0.10913705583756345
1 0.39921875 0.22081218274111675 0.0609375 0.09644670050761421
1 0.41640625 0.39213197969543145 0.0734375 0.12436548223350254
1 0.4359375 0.5583756345177665 0.115625 0.18781725888324874
1 0.659375 0.3032994923857868 0.140625 0.23096446700507614