1 0.07890625 0.5151041666666667 0.071875 0.12604166666666666
1 0.121484375 0.5765625 0.08828125 0.13229166666666667
1 0.233203125 0.5135416666666667 0.05859375 0.09166666666666666
1 0.261328125 0.3182291666666667 0.02890625 0.03854166666666667
1 0.38125 0.33541666666666664 0.0234375 0.0375
1 0.382421875 0.3640625 0.02890625 0.03854166666666667
1 0.325 0.5479166666666667 0.078125 0.09791666666666667
1 0.408203125 0.4296875 0.05078125 0.06979166666666667
1 0.42109375 0.5015625 0.05625 0.08229166666666667
1 0.49921875 0.49114583333333334 0.05625 0.07395833333333333
1 0.550390625 0.525 0.06015625 0.09375
1 0.52109375 0.4395833333333333 0.0375 0.058333333333333334
1 0.58515625 0.4322916666666667 0.040625 0.052083333333333336
1 0.64921875 0.5 0.06875 0.0875
1 0.641796875 0.453125 0.03984375 0.05
1 0.616796875 0.41458333333333336 0.02890625 0.03958333333333333
1 0.65625 0.3921875 0.025 0.042708333333333334
1 0.697265625 0.41458333333333336 0.03359375 0.052083333333333336
1 0.7078125 0.45989583333333334 0.0453125 0.059375
1 0.752734375 0.415625 0.03515625 0.04375
1 0.78125 0.46927083333333336 0.059375 0.09479166666666666
1 0.8171875 0.428125 0.040625 0.05625
1 0.858203125 0.4630208333333333 0.05703125 0.08229166666666667
1 0.96171875 0.4276041666666667 0.0484375 0.08020833333333334
1 0.986328125 0.43333333333333335 0.02734375 0.06666666666666667