1 0.20616113744075829 0.33752620545073375 0.054502369668246446 0.11320754716981132
1 0.4052132701421801 0.22431865828092243 0.04265402843601896 0.07127882599580712
1 0.490521327014218 0.17714884696016772 0.030805687203791468 0.06079664570230608
1 0.5059241706161137 0.1540880503144654 0.026066350710900472 0.05660377358490566
1 0.5876777251184834 0.12473794549266247 0.023696682464454975 0.05241090146750524
1 0.6161137440758294 0.18553459119496854 0.02843601895734597 0.0649895178197065
1 0.558649289099526 0.28197064989517817 0.034360189573459717 0.06079664570230608
1 0.6374407582938388 0.23689727463312368 0.030805687203791468 0.06289308176100629
1 0.6652843601895735 0.20859538784067086 0.022511848341232227 0.05660377358490566
1 0.7126777251184834 0.20649895178197064 0.027251184834123223 0.05660377358490566
1 0.7553317535545023 0.27358490566037735 0.024881516587677725 0.06079664570230608
1 0.7618483412322274 0.23165618448637318 0.026066350710900472 0.04821802935010482
1 0.6960900473933649 0.33647798742138363 0.034360189573459717 0.0859538784067086
1 0.7511848341232228 0.35953878406708595 0.037914691943127965 0.0649895178197065