1 0.1573628488931665 0.2772020725388601 0.1915303176130895 0.538860103626943
1 0.5293551491819056 0.2538860103626943 0.061597690086621755 0.17098445595854922
1 0.5741097208854667 0.7020725388601037 0.12993262752646775 0.32642487046632124
1 0.706929740134745 0.7629533678756477 0.12800769971126083 0.4015544041450777
1 0.631376323387873 0.44689119170984454 0.0519730510105871 0.14248704663212436
1 0.6164581328200193 0.34067357512953367 0.03946102021174206 0.12176165803108809
1 0.6968238691049086 0.2189119170984456 0.04427333974975938 0.11658031088082901
1 0.7179980750721848 0.3898963730569948 0.03849855630413859 0.09585492227979274
1 0.733878729547642 0.46243523316062174 0.04138594802694899 0.12176165803108809
1 0.7718960538979788 0.45077720207253885 0.04619826756496631 0.15544041450777202
1 0.8508180943214629 0.21502590673575128 0.059672762271414825 0.18134715025906736
1 0.9273339749759384 0.22020725388601037 0.07795957651588066 0.2538860103626943