1 0.046474358974358976 0.43028846153846156 0.041666666666666664 0.052884615384615384
1 0.0641025641025641 0.5012019230769231 0.04487179487179487 0.06490384615384616
1 0.11939102564102565 0.5588942307692307 0.052884615384615384 0.06971153846153846
1 0.11538461538461539 0.6370192307692307 0.07051282051282051 0.09134615384615384
1 0.14262820512820512 0.42908653846153844 0.035256410256410256 0.05048076923076923
1 0.19951923076923078 0.46274038461538464 0.03685897435897436 0.06490384615384616
1 0.28846153846153844 0.515625 0.04487179487179487 0.06490384615384616
1 0.33573717948717946 0.5961538461538461 0.05608974358974359 0.08173076923076923
1 0.26282051282051283 0.8990384615384616 0.11217948717948718 0.1875
1 0.5472756410256411 0.7752403846153846 0.09134615384615384 0.1466346153846154
1 0.34935897435897434 0.390625 0.028846153846153848 0.036057692307692304
1 0.40865384615384615 0.29927884615384615 0.028846153846153848 0.04567307692307692
1 0.4030448717948718 0.4266826923076923 0.027243589743589744 0.04567307692307692
1 0.40705128205128205 0.38822115384615385 0.02564102564102564 0.040865384615384616
1 0.47435897435897434 0.4014423076923077 0.028846153846153848 0.038461538461538464
1 0.49599358974358976 0.45552884615384615 0.04006410256410257 0.05048076923076923
1 0.53125 0.3762019230769231 0.027243589743589744 0.040865384615384616
1 0.5817307692307693 0.3629807692307692 0.02564102564102564 0.03365384615384615
1 0.6145833333333334 0.38341346153846156 0.027243589743589744 0.04567307692307692
1 0.6642628205128205 0.3918269230769231 0.02403846153846154 0.038461538461538464
1 0.5881410256410257 0.4411057692307692 0.038461538461538464 0.05048076923076923
1 0.6338141025641025 0.5180288461538461 0.046474358974358976 0.07932692307692307
1 0.7315705128205128 0.49038461538461536 0.046474358974358976 0.07211538461538461
1 0.7203525641025641 0.41225961538461536 0.03685897435897436 0.05048076923076923
1 0.7668269230769231 0.39783653846153844 0.03365384615384615 0.05048076923076923
1 0.8701923076923077 0.5949519230769231 0.060897435897435896 0.09375
1 0.8910256410256411 0.44471153846153844 0.041666666666666664 0.0625
1 0.9302884615384616 0.4074519230769231 0.03685897435897436 0.05048076923076923