1 0.16620111731843576 0.35126050420168065 0.038175046554934824 0.08067226890756303
1 0.2611731843575419 0.280672268907563 0.019553072625698324 0.030252100840336135
1 0.29655493482309125 0.2647058823529412 0.023277467411545624 0.03529411764705882
1 0.31750465549348234 0.22016806722689075 0.01675977653631285 0.03361344537815126
1 0.33100558659217877 0.23865546218487396 0.021415270018621976 0.03361344537815126
1 0.34543761638733705 0.21092436974789916 0.0186219739292365 0.031932773109243695
1 0.3542830540037244 0.23529411764705882 0.019553072625698324 0.03361344537815126
1 0.3761638733705773 0.21932773109243697 0.0186219739292365 0.02857142857142857
1 0.3845437616387337 0.19411764705882353 0.020484171322160148 0.03529411764705882
1 0.4106145251396648 0.17058823529411765 0.01675977653631285 0.02857142857142857
1 0.4213221601489758 0.18571428571428572 0.021415270018621976 0.02857142857142857
1 0.45391061452513964 0.1722689075630252 0.019553072625698324 0.03529411764705882
1 0.4478584729981378 0.18571428571428572 0.01675977653631285 0.02857142857142857
1 0.43109869646182497 0.21092436974789916 0.01675977653631285 0.025210084033613446
1 0.4688081936685289 0.1495798319327731 0.013966480446927373 0.02689075630252101
1 0.4851024208566108 0.13277310924369748 0.0111731843575419 0.023529411764705882
1 0.500465549348231 0.14789915966386555 0.013966480446927373 0.02689075630252101
1 0.5232774674115456 0.12352941176470589 0.01303538175046555 0.025210084033613446
1 0.5563314711359404 0.11092436974789915 0.012104283054003724 0.020168067226890758
1 0.5679702048417132 0.12184873949579832 0.0186219739292365 0.025210084033613446
1 0.5945065176908753 0.11260504201680673 0.012104283054003724 0.020168067226890758
1 0.6256983240223464 0.08907563025210084 0.0111731843575419 0.023529411764705882
1 0.6317504655493482 0.10840336134453782 0.015828677839851025 0.03529411764705882
1 0.6461824953445066 0.09159663865546218 0.0111731843575419 0.025210084033613446
1 0.6606145251396648 0.05126050420168067 0.015828677839851025 0.02857142857142857
1 0.6149906890130353 0.14369747899159663 0.019553072625698324 0.03529411764705882
1 0.5726256983240223 0.17142857142857143 0.0223463687150838 0.040336134453781515
1 0.515828677839851 0.1991596638655462 0.0260707635009311 0.04873949579831933
1 0.4827746741154562 0.20252100840336135 0.017690875232774673 0.031932773109243695
1 0.45716945996275604 0.22268907563025211 0.0223463687150838 0.03529411764705882
1 0.46834264432029793 0.24873949579831933 0.0260707635009311 0.043697478991596636
1 0.43854748603351956 0.24789915966386555 0.027932960893854747 0.03865546218487395
1 0.3505586592178771 0.2739495798319328 0.027001862197392923 0.03697478991596639
1 0.505586592178771 0.2823529411764706 0.027932960893854747 0.05378151260504202
1 0.5684357541899442 0.2453781512605042 0.021415270018621976 0.043697478991596636
1 0.5330540037243948 0.346218487394958 0.025139664804469275 0.05042016806722689
1 0.590316573556797 0.3487394957983193 0.0297951582867784 0.06554621848739496
1 0.6066108007448789 0.26638655462184874 0.023277467411545624 0.05546218487394958
1 0.6340782122905028 0.20756302521008405 0.020484171322160148 0.04201680672268908
1 0.6615456238361266 0.20504201680672268 0.021415270018621976 0.047058823529411764
1 0.6708566108007449 0.17647058823529413 0.019553072625698324 0.03697478991596639
1 0.6871508379888268 0.18235294117647058 0.020484171322160148 0.031932773109243695
1 0.6871508379888268 0.21176470588235294 0.0223463687150838 0.043697478991596636
1 0.6727188081936686 0.11680672268907563 0.015828677839851025 0.02857142857142857
1 0.7211359404096834 0.1403361344537815 0.017690875232774673 0.03529411764705882
1 0.7355679702048417 0.12100840336134454 0.0148975791433892 0.03361344537815126
1 0.75512104283054 0.10252100840336134 0.0148975791433892 0.03697478991596639
1 0.7583798882681564 0.1226890756302521 0.012104283054003724 0.023529411764705882
1 0.7793296089385475 0.11848739495798319 0.0111731843575419 0.031932773109243695
1 0.7900372439478585 0.13445378151260504 0.015828677839851025 0.03697478991596639
1 0.8063314711359404 0.13277310924369748 0.0148975791433892 0.023529411764705882
1 0.8282122905027933 0.13529411764705881 0.013966480446927373 0.03865546218487395
1 0.8496275605214153 0.146218487394958 0.012104283054003724 0.040336134453781515
1 0.8598696461824954 0.13949579831932774 0.015828677839851025 0.03697478991596639
1 0.8817504655493482 0.1546218487394958 0.0111731843575419 0.030252100840336135
1 0.8952513966480447 0.13949579831932774 0.010242085661080074 0.03361344537815126
1 0.9259776536312849 0.15294117647058825 0.015828677839851025 0.02689075630252101
1 0.888268156424581 0.16806722689075632 0.01675977653631285 0.03697478991596639
1 0.8491620111731844 0.1915966386554622 0.020484171322160148 0.030252100840336135
1 0.9231843575418994 0.18823529411764706 0.015828677839851025 0.03361344537815126
1 0.9166666666666666 0.2184873949579832 0.017690875232774673 0.03697478991596639
1 0.8715083798882681 0.2411764705882353 0.01675977653631285 0.03529411764705882
1 0.909217877094972 0.2596638655462185 0.023277467411545624 0.0453781512605042
1 0.8044692737430168 0.2546218487394958 0.020484171322160148 0.04873949579831933
1 0.7886405959031657 0.18235294117647058 0.020484171322160148 0.03529411764705882
1 0.7532588454376163 0.1722689075630252 0.01675977653631285 0.031932773109243695
1 0.7425512104283054 0.1957983193277311 0.025139664804469275 0.04201680672268908
1 0.7537243947858473 0.25798319327731095 0.027001862197392923 0.052100840336134456
1 0.734171322160149 0.2957983193277311 0.027001862197392923 0.05378151260504202
1 0.7849162011173184 0.3100840336134454 0.027932960893854747 0.052100840336134456
1 0.6731843575418994 0.3378151260504202 0.0335195530726257 0.05714285714285714
1 0.3770949720670391 0.25126050420168067 0.0186219739292365 0.02857142857142857
1 0.6587523277467412 0.2991596638655462 0.030726256983240222 0.043697478991596636