1 0.05271084337349398 0.4088050314465409 0.0572289156626506 0.11635220125786164
1 0.14106425702811246 0.47327044025157233 0.08333333333333333 0.11320754716981132
1 0.21285140562248997 0.42924528301886794 0.07028112449799197 0.10062893081761007
1 0.29668674698795183 0.26572327044025157 0.055220883534136546 0.09119496855345911
1 0.3107429718875502 0.3812893081761006 0.06124497991967871 0.10220125786163523
1 0.3072289156626506 0.6022012578616353 0.15863453815261044 0.2610062893081761
1 0.4086345381526104 0.5754716981132075 0.12248995983935743 0.23270440251572327
1 0.39407630522088355 0.39858490566037735 0.08132530120481928 0.15251572327044025
1 0.45883534136546184 0.25471698113207547 0.04417670682730924 0.09748427672955975
1 0.607429718875502 0.7885220125786163 0.19678714859437751 0.3380503144654088
1 0.8017068273092369 0.4221698113207547 0.0572289156626506 0.09905660377358491
1 0.8870481927710844 0.4166666666666667 0.055220883534136546 0.09748427672955975
1 0.9628514056224899 0.5157232704402516 0.07429718875502007 0.10062893081761007