1 0.09654062751407884 0.5645933014354066 0.04344328238133548 0.09250398724082935
1 0.22687047465808527 0.2607655502392344 0.012872083668543845 0.02711323763955343
1 0.24416733708769106 0.2767145135566188 0.02011263073209976 0.03987240829346093
1 0.2928399034593725 0.23205741626794257 0.017699115044247787 0.03668261562998405
1 0.3177795655671762 0.23684210526315788 0.014481094127111826 0.03349282296650718
1 0.3399034593724859 0.23444976076555024 0.012067578439259855 0.03827751196172249
1 0.3584070796460177 0.22886762360446572 0.013676588897827836 0.030303030303030304
1 0.3234111021721641 0.2025518341307815 0.019308125502815767 0.03189792663476874
1 0.37570394207562346 0.2679425837320574 0.016090104585679808 0.03827751196172249
1 0.4473049074818986 0.3014354066985646 0.02091713596138375 0.03827751196172249
1 0.37610619469026546 0.19617224880382775 0.013676588897827836 0.025518341307814992
1 0.4002413515687852 0.189792663476874 0.016894609814963796 0.025518341307814992
1 0.413917940466613 0.22647527910685805 0.016894609814963796 0.04146730462519936
1 0.4469026548672566 0.19537480063795853 0.015285599356395816 0.030303030303030304
1 0.4440868865647627 0.16427432216905902 0.012872083668543845 0.028708133971291867
1 0.498793242156074 0.23923444976076555 0.02413515687851971 0.04146730462519936
1 0.4686242960579244 0.16507177033492823 0.012067578439259855 0.03349282296650718
1 0.4790828640386163 0.16188197767145135 0.010458567980691875 0.030303030303030304
1 0.49477071600965405 0.17065390749601275 0.016090104585679808 0.044657097288676235
1 0.5084473049074819 0.1507177033492823 0.016090104585679808 0.030303030303030304
1 0.5333869670152857 0.1674641148325359 0.014481094127111826 0.03827751196172249
1 0.5615446500402252 0.21610845295055822 0.017699115044247787 0.0430622009569378
1 0.5941271118262269 0.20414673046251994 0.015285599356395816 0.03827751196172249
1 0.6230893000804505 0.20813397129186603 0.016894609814963796 0.0430622009569378
1 0.5699919549477072 0.15629984051036683 0.01850362027353178 0.03827751196172249
1 0.5905068382944489 0.13237639553429026 0.014481094127111826 0.028708133971291867
1 0.5961383748994369 0.1682615629984051 0.012872083668543845 0.03349282296650718
1 0.6138374899436846 0.1283891547049442 0.016090104585679808 0.03349282296650718
1 0.6194690265486725 0.14832535885167464 0.014481094127111826 0.025518341307814992
1 0.6251005631536605 0.17543859649122806 0.014481094127111826 0.028708133971291867
1 0.672968624296058 0.189792663476874 0.016894609814963796 0.028708133971291867
1 0.6496379726468222 0.12599681020733652 0.012067578439259855 0.028708133971291867
1 0.670555108608206 0.14912280701754385 0.013676588897827836 0.030303030303030304
1 0.6798069187449718 0.13875598086124402 0.011263073209975865 0.03508771929824561
1 0.7023330651649236 0.15550239234449761 0.012872083668543845 0.030303030303030304
1 0.7071600965406275 0.13556618819776714 0.014481094127111826 0.03827751196172249
1 0.7316975060337892 0.15311004784688995 0.015285599356395816 0.03827751196172249
1 0.586082059533387 0.32216905901116427 0.02333065164923572 0.04784688995215311
1 0.6283185840707964 0.3572567783094099 0.02252614641995173 0.051036682615629984
1 0.6339501206757844 0.28708133971291866 0.02413515687851971 0.051036682615629984
1 0.6854384553499597 0.23125996810207336 0.017699115044247787 0.03827751196172249
1 0.7087691069991955 0.20893141945773525 0.016090104585679808 0.03827751196172249
1 0.7333065164923572 0.25996810207336524 0.016894609814963796 0.04784688995215311
1 0.7658889782783588 0.284688995215311 0.02574416733708769 0.03987240829346093
1 0.670152855993564 0.39872408293460926 0.02574416733708769 0.06379585326953748
1 0.7385358004827032 0.3827751196172249 0.02574416733708769 0.06379585326953748
1 0.8129525341914723 0.4393939393939394 0.02815768302493966 0.07496012759170653
1 0.8765084473049075 0.49920255183413076 0.02815768302493966 0.0733652312599681
1 0.8986323411102172 0.38516746411483255 0.02252614641995173 0.05263157894736842
1 0.9601769911504425 0.4370015948963317 0.02011263073209976 0.05422647527910686
1 0.9650040225261464 0.3700159489633174 0.015285599356395816 0.044657097288676235
1 0.9891391794046661 0.3548644338118022 0.015285599356395816 0.0430622009569378
1 0.8234111021721641 0.3118022328548644 0.01850362027353178 0.05263157894736842
1 0.8093322606596943 0.23923444976076555 0.012872083668543845 0.03827751196172249
1 0.7558326629123089 0.22328548644338117 0.015285599356395816 0.03827751196172249
1 0.7707160096540627 0.189792663476874 0.011263073209975865 0.028708133971291867
1 0.7932421560740145 0.20095693779904306 0.014481094127111826 0.03508771929824561
1 0.7847948511665326 0.17942583732057416 0.012067578439259855 0.030303030303030304
1 0.8230088495575221 0.18899521531100477 0.012872083668543845 0.03349282296650718
1 0.833065164923572 0.22727272727272727 0.015285599356395816 0.03349282296650718
1 0.8487530168946098 0.20972886762360446 0.012872083668543845 0.030303030303030304
1 0.8793242156074015 0.22567783094098884 0.014481094127111826 0.03349282296650718
1 0.8958165728077232 0.23046251993620415 0.010458567980691875 0.030303030303030304
1 0.9050683829444891 0.2711323763955343 0.017699115044247787 0.04146730462519936
1 0.8736926790024135 0.3317384370015949 0.017699115044247787 0.04146730462519936
1 0.8849557522123894 0.30063795853269537 0.014481094127111826 0.03668261562998405
1 0.9388576025744167 0.3229665071770335 0.016090104585679808 0.03987240829346093
1 0.9428801287208367 0.25996810207336524 0.011263073209975865 0.03189792663476874
1 0.9231697506033789 0.22248803827751196 0.010458567980691875 0.030303030303030304
1 0.917940466613033 0.2551834130781499 0.011263073209975865 0.03508771929824561
1 0.9710378117457763 0.2527910685805423 0.014481094127111826 0.03349282296650718
1 0.9923572003218021 0.30861244019138756 0.015285599356395816 0.03349282296650718