1 0.032940019665683384 0.29462738301559793 0.018682399213372666 0.03466204506065858
1 0.22812192723697147 0.16724436741767765 0.017699115044247787 0.03986135181975736
1 0.28269419862340217 0.22616984402079723 0.02064896755162242 0.043327556325823226
1 0.33972468043264503 0.207105719237435 0.018682399213372666 0.043327556325823226
1 0.36529006882989185 0.22616984402079723 0.02261553588987217 0.03986135181975736
1 0.38446411012782694 0.2045060658578856 0.017699115044247787 0.0415944540727903
1 0.4026548672566372 0.231369150779896 0.02261553588987217 0.03986135181975736
1 0.43706981317600785 0.2123050259965338 0.02261553588987217 0.05025996533795494
1 0.4690265486725664 0.18977469670710573 0.015732546705998034 0.03292894280762565
1 0.41642084562438547 0.14904679376083188 0.014749262536873156 0.03119584055459272
1 0.44542772861356933 0.1412478336221837 0.01376597836774828 0.029462738301559793
1 0.464110127826942 0.15251299826689774 0.01966568338249754 0.038128249566724434
1 0.49065880039331367 0.1611785095320624 0.017699115044247787 0.03466204506065858
1 0.4832841691248771 0.13258232235701906 0.018682399213372666 0.03292894280762565
1 0.5550639134709932 0.17764298093587522 0.02064896755162242 0.04679376083188908
1 0.5825958702064897 0.04592720970537262 0.01671583087512291 0.029462738301559793
1 0.6066863323500492 0.12218370883882149 0.017699115044247787 0.03986135181975736
1 0.615535889872173 0.10658578856152513 0.01376597836774828 0.025996533795493933
1 0.6420845624385447 0.10398613518197573 0.01376597836774828 0.02772963604852686
1 0.655850540806293 0.10311958405545928 0.011799410029498525 0.029462738301559793
1 0.5963618485742379 0.23050259965337955 0.024582104228121928 0.045060658578856154
1 0.6238938053097345 0.2322357019064125 0.02654867256637168 0.058925476603119586
1 0.6597836774827925 0.23310225303292895 0.02753195673549656 0.04679376083188908
1 0.6966568338249755 0.1655112651646447 0.02064896755162242 0.03986135181975736
1 0.7330383480825958 0.1611785095320624 0.02064896755162242 0.0415944540727903
1 0.7335299901671584 0.1438474870017331 0.01376597836774828 0.03119584055459272
1 0.7281219272369714 0.2270363951473137 0.024582104228121928 0.04852686308492201
1 0.7915437561455261 0.31022530329289427 0.029498525073746312 0.06932409012131716
1 0.9085545722713865 0.3483535528596187 0.02753195673549656 0.06932409012131716
1 0.855457227138643 0.20363951473136915 0.015732546705998034 0.043327556325823226
1 0.887905604719764 0.2365684575389948 0.021632251720747297 0.04679376083188908
1 0.8888888888888888 0.20537261698440207 0.015732546705998034 0.03292894280762565
1 0.8726647000983284 0.1663778162911612 0.012782694198623401 0.038128249566724434
1 0.8997050147492626 0.18110918544194107 0.01376597836774828 0.03986135181975736
1 0.9223205506391348 0.23830155979202772 0.025565388397246803 0.04679376083188908
1 0.9149459193706981 0.3006932409012132 0.024582104228121928 0.053726169844020795
1 0.9277286135693216 0.2027729636048527 0.018682399213372666 0.038128249566724434
1 0.9365781710914455 0.2019064124783362 0.012782694198623401 0.029462738301559793
1 0.9444444444444444 0.11438474870017332 0.014749262536873156 0.038128249566724434