1 0.3206627680311891 0.17757774140752863 0.01949317738791423 0.031096563011456628
1 0.3723196881091618 0.1546644844517185 0.017543859649122806 0.031096563011456628
1 0.40594541910331383 0.17430441898527005 0.022417153996101363 0.03436988543371522
1 0.3538011695906433 0.25777414075286414 0.021442495126705652 0.04091653027823241
1 0.37524366471734893 0.2872340425531915 0.025341130604288498 0.044189852700491
1 0.4064327485380117 0.281505728314239 0.029239766081871343 0.0425531914893617
1 0.4673489278752437 0.18821603927986907 0.018518518518518517 0.03273322422258593
1 0.49366471734892786 0.18985270049099837 0.014619883040935672 0.03600654664484452
1 0.4834307992202729 0.1988543371522095 0.017543859649122806 0.03436988543371522
1 0.5063352826510721 0.20621931260229132 0.018518518518518517 0.03927986906710311
1 0.4770955165692008 0.23158756137479541 0.024366471734892786 0.03764320785597381
1 0.5019493177387915 0.2414075286415712 0.021442495126705652 0.04746317512274959
1 0.5082846003898636 0.3060556464811784 0.028265107212475632 0.05237315875613748
1 0.5994152046783626 0.1432078559738134 0.01949317738791423 0.031096563011456628
1 0.6286549707602339 0.2635024549918167 0.025341130604288498 0.049099836333878884
1 0.7368421052631579 0.19476268412438624 0.023391812865497075 0.04582651391162029
1 0.7826510721247564 0.2332242225859247 0.02729044834307992 0.054009819967266774