1 0.08533333333333333 0.4819277108433735 0.104 0.20722891566265061
1 0.21933333333333332 0.3144578313253012 0.06533333333333333 0.14698795180722893
1 0.25933333333333336 0.23373493975903614 0.05466666666666667 0.11566265060240964
1 0.294 0.1855421686746988 0.04133333333333333 0.09156626506024096
1 0.31933333333333336 0.14578313253012049 0.03333333333333333 0.0746987951807229
1 0.332 0.09879518072289156 0.029333333333333333 0.06265060240963856
1 0.42133333333333334 0.4903614457831325 0.10133333333333333 0.20481927710843373
1 0.4226666666666667 0.3204819277108434 0.06666666666666667 0.12530120481927712
1 0.422 0.21084337349397592 0.04933333333333333 0.08433734939759036
1 0.4046666666666667 0.1710843373493976 0.036 0.06746987951807229
1 0.42733333333333334 0.14698795180722893 0.036 0.05783132530120482
1 0.442 0.1216867469879518 0.025333333333333333 0.05542168674698795
1 0.41933333333333334 0.08795180722891566 0.030666666666666665 0.05542168674698795
1 0.5633333333333334 0.10722891566265061 0.025333333333333333 0.05542168674698795
1 0.588 0.13493975903614458 0.029333333333333333 0.06265060240963856
1 0.6113333333333333 0.1614457831325301 0.030666666666666665 0.06265060240963856
1 0.6573333333333333 0.19879518072289157 0.04533333333333334 0.07951807228915662
1 0.6606666666666666 0.1216867469879518 0.025333333333333333 0.060240963855421686
1 0.6306666666666667 0.09879518072289156 0.024 0.05783132530120482
1 0.704 0.1746987951807229 0.04 0.06987951807228916
1 0.7073333333333334 0.2421686746987952 0.036 0.10361445783132531
1 0.7946666666666666 0.35180722891566263 0.06133333333333333 0.13975903614457832
1 0.762 0.20963855421686747 0.03866666666666667 0.0963855421686747
1 0.8406666666666667 0.25180722891566265 0.052 0.10843373493975904
1 0.8206666666666667 0.13012048192771083 0.03333333333333333 0.06746987951807229
1 0.868 0.1783132530120482 0.034666666666666665 0.07228915662650602
1 0.8866666666666667 0.1493975903614458 0.02666666666666667 0.06265060240963856
1 0.9506666666666667 0.19036144578313252 0.034666666666666665 0.07710843373493977
1 0.95 0.3481927710843373 0.06266666666666666 0.12771084337349398
1 0.964 0.17349397590361446 0.02666666666666667 0.07228915662650602