1 0.16799046862589356 0.36926286509040335 0.03733121525019857 0.06258692628650904
1 0.1556791104050834 0.3317107093184979 0.030182684670373314 0.054242002781641166
1 0.21564733915806195 0.3143254520166898 0.03256552819698173 0.05006954102920723
1 0.2124702144559174 0.27399165507649514 0.02938840349483717 0.04728789986091794
1 0.2656870532168388 0.2573018080667594 0.030976965845909452 0.05006954102920723
1 0.2998411437648928 0.2211404728789986 0.024622716441620333 0.05006954102920723
1 0.3200953137410643 0.2426981919332406 0.023828435266084195 0.048678720445062586
1 0.3455123113582208 0.23922114047287898 0.025416997617156472 0.0584144645340751
1 0.3983320095313741 0.2148817802503477 0.02779984114376489 0.06258692628650904
1 0.43169181890389197 0.2267037552155772 0.030976965845909452 0.06675938803894298
1 0.3566322478157268 0.433240611961057 0.050833995234312944 0.09318497913769123
1 0.3129467831612391 0.34214186369958277 0.04130262112787927 0.06954102920723226
1 0.3383637807783956 0.5396383866481224 0.06830818109610802 0.1168289290681502