1 0.013599537037037037 0.5625 0.02141203703703704 0.059027777777777776
1 0.0915798611111111 0.583984375 0.04195601851851852 0.06293402777777778
1 0.10807291666666667 0.5627170138888888 0.02980324074074074 0.05164930555555555
1 0.1584201388888889 0.583984375 0.037905092592592594 0.06293402777777778
1 0.15321180555555555 0.6616753472222222 0.051215277777777776 0.07769097222222222
1 0.2455150462962963 0.6781684027777778 0.060474537037037035 0.0881076388888889
1 0.2651909722222222 0.6167534722222222 0.04774305555555555 0.0703125
1 0.22410300925925927 0.5629340277777778 0.03443287037037037 0.043402777777777776
1 0.2806712962962963 0.56640625 0.03993055555555555 0.06076388888888889
1 0.3058449074074074 0.5555555555555556 0.029513888888888888 0.05381944444444445
1 0.3003472222222222 0.8148871527777778 0.1261574074074074 0.1818576388888889
1 0.36429398148148145 0.5598958333333334 0.028356481481481483 0.049479166666666664
1 0.37745949074074076 0.5483940972222222 0.024016203703703703 0.03342013888888889
1 0.41507523148148145 0.6087239583333334 0.05642361111111111 0.07942708333333333
1 0.42115162037037035 0.5412326388888888 0.026331018518518517 0.043402777777777776
1 0.4078414351851852 0.5638020833333334 0.03501157407407408 0.04774305555555555
1 0.5005787037037037 0.59375 0.046875 0.0703125
1 0.5300925925925926 0.5505642361111112 0.02488425925925926 0.03515625
1 0.5720486111111112 0.5607638888888888 0.03298611111111111 0.049479166666666664
1 0.6213831018518519 0.5677083333333334 0.02806712962962963 0.04861111111111111
1 0.6940104166666666 0.4021267361111111 0.0234375 0.046440972222222224
1 0.5623553240740741 0.7374131944444444 0.08130787037037036 0.1345486111111111
1 0.6582754629629629 0.6486545138888888 0.06481481481481481 0.09678819444444445
1 0.7232349537037037 0.6048177083333334 0.04079861111111111 0.07335069444444445
1 0.7688078703703703 0.7250434027777778 0.09143518518518519 0.1384548611111111
1 0.6937210648148148 0.9262152777777778 0.15364583333333334 0.14583333333333334
1 0.8249421296296297 0.65625 0.05381944444444445 0.09809027777777778
1 0.7894965277777778 0.5787760416666666 0.04195601851851852 0.06727430555555555
1 0.8211805555555556 0.5638020833333334 0.032407407407407406 0.05381944444444445
1 0.8723958333333334 0.5991753472222222 0.046875 0.07855902777777778
1 0.9010416666666666 0.6046006944444444 0.03761574074074074 0.059027777777777776
1 0.9068287037037037 0.5735677083333334 0.028935185185185185 0.046440972222222224