1 0.17421875 0.2811764705882353 0.3203125 0.5576470588235294
1 0.36796875 0.27176470588235296 0.0484375 0.06823529411764706
1 0.4328125 0.3588235294117647 0.025 0.03529411764705882
1 0.41953125 0.3305882352941176 0.0265625 0.04
1 0.5078125 0.2988235294117647 0.021875 0.03764705882352941
1 0.5515625 0.31176470588235294 0.025 0.04941176470588235
1 0.56796875 0.25529411764705884 0.0203125 0.04
1 0.6328125 0.29411764705882354 0.01875 0.023529411764705882
1 0.65703125 0.2952941176470588 0.0171875 0.03529411764705882
1 0.7125 0.23529411764705882 0.021875 0.03764705882352941
1 0.728125 0.2611764705882353 0.025 0.03764705882352941
1 0.7765625 0.24235294117647058 0.025 0.03764705882352941
1 0.82890625 0.26941176470588235 0.0265625 0.04
1 0.9421875 0.39647058823529413 0.05 0.07764705882352942
1 0.9515625 0.35294117647058826 0.04375 0.047058823529411764
1 0.93671875 0.30823529411764705 0.0234375 0.042352941176470586
1 0.96640625 0.28352941176470586 0.0171875 0.04
1 0.91796875 0.2823529411764706 0.0203125 0.03294117647058824
1 0.89375 0.2776470588235294 0.015625 0.02823529411764706