1 0.888 0.4397590361445783 0.044 0.06626506024096386
1 0.655 0.6234939759036144 0.03 0.05421686746987952
1 0.601 0.5828313253012049 0.026 0.0391566265060241
1 0.583 0.572289156626506 0.026 0.04819277108433735
1 0.498 0.625 0.032 0.0572289156626506
1 0.452 0.6551204819277109 0.052 0.08132530120481928
1 0.455 0.6129518072289156 0.038 0.0572289156626506
1 0.492 0.5768072289156626 0.02 0.0391566265060241
1 0.522 0.5753012048192772 0.02 0.03614457831325301
1 0.438 0.5647590361445783 0.016 0.02710843373493976
1 0.409 0.5933734939759037 0.03 0.04216867469879518
1 0.379 0.6234939759036144 0.034 0.07228915662650602
1 0.36 0.5873493975903614 0.032 0.04819277108433735
1 0.35 0.5512048192771084 0.024 0.03614457831325301
1 0.355 0.7198795180722891 0.058 0.08433734939759036
1 0.285 0.6280120481927711 0.046 0.07530120481927711
1 0.302 0.5963855421686747 0.024 0.04819277108433735
1 0.309 0.5662650602409639 0.022 0.03614457831325301
1 0.304 0.552710843373494 0.02 0.03313253012048193
1 0.283 0.5496987951807228 0.022 0.03313253012048193
1 0.261 0.5768072289156626 0.022 0.0391566265060241
1 0.242 0.5481927710843374 0.024 0.04819277108433735
1 0.226 0.5301204819277109 0.02 0.03614457831325301
1 0.195 0.5240963855421686 0.018 0.03614457831325301
1 0.212 0.5828313253012049 0.032 0.045180722891566265
1 0.161 0.6656626506024096 0.046 0.08433734939759036
1 0.154 0.5813253012048193 0.048 0.07228915662650602
1 0.184 0.5602409638554217 0.028 0.04819277108433735
1 0.178 0.5346385542168675 0.02 0.03313253012048193
1 0.11 0.5617469879518072 0.04 0.0572289156626506
1 0.104 0.5301204819277109 0.024 0.04819277108433735
1 0.066 0.5316265060240963 0.024 0.0391566265060241
1 0.056 0.572289156626506 0.032 0.05421686746987952
1 0.037 0.5346385542168675 0.022 0.0391566265060241
1 0.027 0.6355421686746988 0.05 0.08433734939759036