1 0.084375 0.4246861924686193 0.040625 0.0502092050209205
1 0.28203125 0.4560669456066946 0.0296875 0.04602510460251046
1 0.32265625 0.5376569037656904 0.0359375 0.04602510460251046
1 0.33515625 0.6391213389121339 0.0859375 0.11506276150627615
1 0.396875 0.547071129707113 0.04375 0.060669456066945605
1 0.50546875 0.6924686192468619 0.0890625 0.13389121338912133
1 0.490625 0.553347280334728 0.04375 0.060669456066945605
1 0.4859375 0.5167364016736402 0.040625 0.0502092050209205
1 0.5640625 0.5230125523012552 0.040625 0.05439330543933055
1 0.628125 0.5104602510460251 0.034375 0.0502092050209205
1 0.6921875 0.5815899581589958 0.0625 0.08368200836820083
1 0.72265625 0.5418410041841004 0.0390625 0.05439330543933055
1 0.740625 0.5198744769874477 0.0375 0.05230125523012552
1 0.82109375 0.5156903765690377 0.0359375 0.05230125523012552
1 0.89140625 0.5658995815899581 0.0578125 0.07740585774058577
1 0.97421875 0.5376569037656904 0.0390625 0.06276150627615062