1 0.15478515625 0.64453125 0.1318359375 0.18489583333333334
1 0.14697265625 0.4095052083333333 0.0966796875 0.14192708333333334
1 0.03125 0.38671875 0.056640625 0.125
1 0.2578125 0.5260416666666666 0.125 0.14322916666666666
1 0.462890625 0.5618489583333334 0.138671875 0.14453125
1 0.26025390625 0.3131510416666667 0.0947265625 0.12630208333333334
1 0.18896484375 0.259765625 0.0556640625 0.07942708333333333
1 0.3515625 0.21549479166666666 0.06640625 0.10026041666666667
1 0.39453125 0.2923177083333333 0.08203125 0.11848958333333333
1 0.560546875 0.44140625 0.10546875 0.11197916666666667
1 0.51904296875 0.34765625 0.0908203125 0.11458333333333333
1 0.46728515625 0.248046875 0.0693359375 0.08203125
1 0.68896484375 0.3600260416666667 0.0908203125 0.11588541666666667
1 0.67724609375 0.26953125 0.0810546875 0.09114583333333333
1 0.845703125 0.23958333333333334 0.072265625 0.11979166666666667
1 0.9423828125 0.3834635416666667 0.083984375 0.13151041666666666
1 0.9736328125 0.2805989583333333 0.052734375 0.11588541666666667
1 0.79443359375 0.251953125 0.0654296875 0.11067708333333333