1 0.09727272727272727 0.399234693877551 0.1290909090909091 0.16071428571428573
1 0.19818181818181818 0.30739795918367346 0.05818181818181818 0.08928571428571429
1 0.24181818181818182 0.33163265306122447 0.04 0.08163265306122448
1 0.30727272727272725 0.3647959183673469 0.08363636363636363 0.1377551020408163
1 0.3790909090909091 0.29846938775510207 0.045454545454545456 0.07142857142857142
1 0.4072727272727273 0.3048469387755102 0.04727272727272727 0.07908163265306123
1 0.4445454545454545 0.33418367346938777 0.034545454545454546 0.061224489795918366
1 0.5354545454545454 0.32908163265306123 0.0890909090909091 0.15306122448979592
1 0.6709090909090909 0.41836734693877553 0.09454545454545454 0.17857142857142858
1 0.6927272727272727 0.29209183673469385 0.06909090909090909 0.11989795918367346
1 0.7581818181818182 0.30357142857142855 0.02909090909090909 0.05612244897959184
1 0.8363636363636363 0.47066326530612246 0.06181818181818182 0.1096938775510204