1 0.08279483037156704 0.5639032815198618 0.0444264943457189 0.12607944732297063
1 0.19184168012924072 0.2979274611398964 0.016962843295638127 0.04317789291882556
1 0.22253634894991922 0.2979274611398964 0.025040387722132473 0.046632124352331605
1 0.26453957996768984 0.24352331606217617 0.018578352180936994 0.04145077720207254
1 0.345718901453958 0.21157167530224524 0.012924071082390954 0.046632124352331605
1 0.3638933764135703 0.2754749568221071 0.020193861066235864 0.0535405872193437
1 0.3578352180936995 0.20293609671848015 0.014539579967689823 0.03626943005181347
1 0.38812600969305333 0.19170984455958548 0.016962843295638127 0.037996545768566495
1 0.39176090468497576 0.24956822107081175 0.017770597738287562 0.039723661485319514
1 0.4349757673667205 0.3126079447322971 0.025040387722132473 0.055267702936096716
1 0.4281098546042003 0.2003454231433506 0.012924071082390954 0.04145077720207254
1 0.4418416801292407 0.17184801381692574 0.017770597738287562 0.039723661485319514
1 0.4676898222940226 0.2538860103626943 0.01938610662358643 0.055267702936096716
1 0.4931340872374798 0.2081174438687392 0.016962843295638127 0.05008635578583765
1 0.518578352180937 0.17012089810017272 0.01615508885298869 0.05008635578583765
1 0.5472536348949919 0.22797927461139897 0.016962843295638127 0.055267702936096716
1 0.5496768982229402 0.13644214162348878 0.012116316639741519 0.031088082901554404
1 0.5533117932148627 0.16753022452504318 0.01615508885298869 0.037996545768566495
1 0.577140549273021 0.20293609671848015 0.018578352180936994 0.039723661485319514
1 0.577140549273021 0.17616580310880828 0.016962843295638127 0.044905008635578586
1 0.574313408723748 0.13730569948186527 0.014539579967689823 0.04317789291882556
1 0.5965266558966075 0.1226252158894646 0.013731825525040387 0.04145077720207254
1 0.6195476575121163 0.20725388601036268 0.014539579967689823 0.04835924006908463
1 0.6284329563812601 0.1303972366148532 0.012924071082390954 0.03626943005181347
1 0.6558966074313409 0.18307426597582038 0.014539579967689823 0.044905008635578586
1 0.68578352180937 0.16839378238341968 0.01615508885298869 0.03626943005181347
1 0.5731017770597738 0.34283246977547494 0.023424878836833602 0.06044905008635579
1 0.6098546042003231 0.28756476683937826 0.025848142164781908 0.06044905008635579
1 0.6046042003231018 0.3799654576856649 0.023424878836833602 0.07599309153713299
1 0.6550888529886915 0.43609671848013815 0.029079159935379646 0.07081174438687392
1 0.720113085621971 0.41450777202072536 0.020193861066235864 0.0690846286701209
1 0.7956381260096931 0.47668393782383417 0.027463651050080775 0.08635578583765112
1 0.8655088852988692 0.49827288428324695 0.023424878836833602 0.0846286701208981
1 0.8852988691437803 0.4214162348877375 0.017770597738287562 0.06563039723661486
1 0.9547657512116317 0.48704663212435234 0.0210016155088853 0.06217616580310881
1 0.6615508885298869 0.25215889464594127 0.022617124394184167 0.04835924006908463
1 0.7027463651050081 0.21761658031088082 0.01615508885298869 0.05181347150259067
1 0.7160743134087237 0.27374784110535405 0.020193861066235864 0.06044905008635579
1 0.7407108239095315 0.23056994818652848 0.017770597738287562 0.05008635578583765
1 0.75 0.19170984455958548 0.016962843295638127 0.04835924006908463
1 0.7495961227786753 0.3082901554404145 0.01615508885298869 0.0535405872193437
1 0.7673667205169629 0.18998272884283246 0.012924071082390954 0.04145077720207254
1 0.7875605815831987 0.21157167530224524 0.01615508885298869 0.046632124352331605
1 0.808562197092084 0.19948186528497408 0.01615508885298869 0.04317789291882556
1 0.7891760904684976 0.2659758203799655 0.017770597738287562 0.055267702936096716
1 0.8117932148626817 0.30569948186528495 0.017770597738287562 0.05872193436960276
1 0.818659127625202 0.231433506044905 0.016962843295638127 0.04145077720207254
1 0.8291599353796446 0.21848013816925735 0.016962843295638127 0.04317789291882556
1 0.8667205169628432 0.2374784110535406 0.011308562197092083 0.039723661485319514
1 0.867124394184168 0.3644214162348877 0.020193861066235864 0.055267702936096716
1 0.9038772213247173 0.23661485319516407 0.012924071082390954 0.04145077720207254
1 0.8970113085621971 0.266839378238342 0.015347334410339256 0.03281519861830743
1 0.8844911147011308 0.29533678756476683 0.01615508885298869 0.04145077720207254
1 0.9248788368336026 0.3531951640759931 0.01615508885298869 0.05008635578583765
1 0.9503231017770598 0.38946459412780654 0.020193861066235864 0.06390328151986183
1 0.9737479806138933 0.37305699481865284 0.016962843295638127 0.044905008635578586
1 0.928513731825525 0.2754749568221071 0.016962843295638127 0.04317789291882556
1 0.9487075928917609 0.24870466321243523 0.012116316639741519 0.031088082901554404
1 0.9810177705977383 0.2607944732297064 0.01050080775444265 0.03454231433506045
1 0.9741518578352181 0.3134715025906736 0.014539579967689823 0.039723661485319514
1 0.9721324717285945 0.34024179620034545 0.015347334410339256 0.04145077720207254
1 0.869951534733441 0.32642487046632124 0.01615508885298869 0.04835924006908463
1 0.6651857835218093 0.1381692573402418 0.013731825525040387 0.037996545768566495
1 0.6530694668820679 0.14680483592400692 0.013731825525040387 0.04835924006908463
1 0.6878029079159935 0.14162348877374784 0.012116316639741519 0.04145077720207254
1 0.6050080775444265 0.15889464594127806 0.012924071082390954 0.037996545768566495
1 0.6082390953150242 0.18393782383419688 0.014539579967689823 0.04317789291882556
1 0.4907108239095315 0.16321243523316062 0.015347334410339256 0.04317789291882556
1 0.30250403877221327 0.24870466321243523 0.015347334410339256 0.04145077720207254
1 0.31098546042003233 0.23316062176165803 0.014539579967689823 0.04145077720207254