1 0.4149377593360996 0.22033898305084745 0.016597510373443983 0.03389830508474576
1 0.4515905947441217 0.2457627118644068 0.02074688796680498 0.03631961259079903
1 0.4654218533886584 0.1791767554479419 0.015214384508990318 0.03389830508474576
1 0.48824343015214383 0.1864406779661017 0.013831258644536652 0.029055690072639227
1 0.5587828492392808 0.18401937046004843 0.016597510373443983 0.029055690072639227
1 0.5677731673582296 0.1937046004842615 0.017980636237897647 0.03389830508474576
1 0.6438450899031812 0.13922518159806296 0.015214384508990318 0.03631961259079903
1 0.6265560165975104 0.14769975786924938 0.016597510373443983 0.029055690072639227
1 0.47717842323651455 0.1089588377723971 0.016597510373443983 0.024213075060532687
1 0.6832641770401107 0.18523002421307505 0.019363762102351315 0.03631961259079903
1 0.6867219917012448 0.23123486682808717 0.02351313969571231 0.04600484261501211
1 0.7309820193637621 0.2360774818401937 0.02351313969571231 0.04600484261501211
1 0.6396957123098201 0.23365617433414043 0.02074688796680498 0.03631961259079903
1 0.6908713692946058 0.29055690072639223 0.02074688796680498 0.043583535108958835
1 0.627939142461964 0.288135593220339 0.019363762102351315 0.0387409200968523
1 0.6438450899031812 0.3353510895883777 0.0318118948824343 0.05569007263922518
1 0.9481327800829875 0.25181598062953997 0.02351313969571231 0.043583535108958835