1 0.151875 0.5691666666666667 0.07875 0.115
1 0.133125 0.495 0.05375 0.08
1 0.071875 0.4508333333333333 0.03625 0.06166666666666667
1 0.045 0.43583333333333335 0.0425 0.065
1 0.011875 0.38666666666666666 0.02125 0.04
1 0.08125 0.365 0.0175 0.023333333333333334
1 0.098125 0.3591666666666667 0.01625 0.028333333333333332
1 0.096875 0.4141666666666667 0.02875 0.045
1 0.12625 0.4216666666666667 0.035 0.04666666666666667
1 0.175625 0.4533333333333333 0.04375 0.07333333333333333
1 0.165625 0.3466666666666667 0.02625 0.043333333333333335
1 0.130625 0.35833333333333334 0.01625 0.023333333333333334
1 0.204375 0.37833333333333335 0.02125 0.03
1 0.231875 0.43583333333333335 0.03375 0.051666666666666666
1 0.23125 0.5016666666666667 0.0425 0.06333333333333334
1 0.3075 0.5541666666666667 0.0725 0.105
1 0.325 0.48833333333333334 0.0375 0.06
1 0.256875 0.4066666666666667 0.01875 0.03333333333333333
1 0.27125 0.41583333333333333 0.025 0.035
1 0.303125 0.405 0.01875 0.03666666666666667
1 0.306875 0.385 0.01625 0.023333333333333334
1 0.33625 0.41333333333333333 0.0225 0.03666666666666667
1 0.331875 0.37416666666666665 0.01375 0.021666666666666667
1 0.365 0.44083333333333335 0.0275 0.045
1 0.42125 0.5166666666666667 0.045 0.07
1 0.5275 0.5341666666666667 0.0475 0.085
1 0.3625 0.375 0.015 0.03
1 0.408125 0.3825 0.01375 0.018333333333333333
1 0.421875 0.39916666666666667 0.01625 0.028333333333333332
1 0.4075 0.42083333333333334 0.025 0.035
1 0.423125 0.435 0.03125 0.04
1 0.454375 0.42083333333333334 0.01875 0.03166666666666667
1 0.45875 0.38916666666666666 0.0125 0.018333333333333333
1 0.488125 0.38666666666666666 0.01375 0.023333333333333334
1 0.499375 0.3975 0.01875 0.025
1 0.531875 0.43416666666666665 0.02875 0.041666666666666664
1 0.505625 0.44 0.02375 0.043333333333333335
1 0.485625 0.44083333333333335 0.02625 0.04833333333333333
1 0.465 0.43583333333333335 0.02 0.03166666666666667
1 0.55125 0.385 0.0125 0.02666666666666667
1 0.555 0.4008333333333333 0.015 0.025
1 0.568125 0.405 0.01625 0.03
1 0.581875 0.42 0.02125 0.03666666666666667
1 0.593125 0.39666666666666667 0.01625 0.02666666666666667
1 0.551875 0.42333333333333334 0.01875 0.02666666666666667
1 0.540625 0.47333333333333333 0.03375 0.05333333333333334
1 0.60125 0.47833333333333333 0.03 0.05333333333333334
1 0.62625 0.4791666666666667 0.035 0.065
1 0.6225 0.43666666666666665 0.0275 0.03666666666666667
1 0.648125 0.415 0.02125 0.03333333333333333
1 0.673125 0.4033333333333333 0.01375 0.02666666666666667
1 0.673125 0.4625 0.03125 0.055
1 0.69875 0.4275 0.025 0.045
1 0.72625 0.4191666666666667 0.015 0.025
1 0.75125 0.43333333333333335 0.02 0.03666666666666667
1 0.733125 0.4841666666666667 0.03625 0.06166666666666667
1 0.77375 0.4583333333333333 0.02 0.03666666666666667
1 0.7975 0.43416666666666665 0.0275 0.03833333333333333
1 0.785625 0.415 0.01625 0.02666666666666667
1 0.821875 0.43916666666666665 0.01875 0.035
1 0.824375 0.4191666666666667 0.01625 0.025
1 0.84 0.435 0.0175 0.03
1 0.863125 0.4583333333333333 0.02125 0.04
1 0.79875 0.5025 0.0425 0.06833333333333333
1 0.83125 0.49666666666666665 0.035 0.07
1 0.8875 0.4875 0.0375 0.058333333333333334
1 0.8925 0.4525 0.0275 0.041666666666666664
1 0.9175 0.49 0.025 0.06
1 0.944375 0.4866666666666667 0.02625 0.06
1 0.934375 0.43416666666666665 0.01625 0.028333333333333332
1 0.945 0.4325 0.015 0.028333333333333332