1 0.1975 0.15037037037037038 0.07166666666666667 0.15555555555555556
1 0.04083333333333333 0.5814814814814815 0.07666666666666666 0.15851851851851853
1 0.08 0.4696296296296296 0.04833333333333333 0.10074074074074074
1 0.13958333333333334 0.44814814814814813 0.05416666666666667 0.10814814814814815
1 0.19041666666666668 0.5303703703703704 0.0925 0.13333333333333333
1 0.2629166666666667 0.4096296296296296 0.03916666666666667 0.07851851851851852
1 0.35083333333333333 0.4659259259259259 0.07666666666666666 0.1288888888888889
1 0.3675 0.6022222222222222 0.105 0.19111111111111112
1 0.36291666666666667 0.3933333333333333 0.0375 0.07851851851851852
1 0.39416666666666667 0.4022222222222222 0.03833333333333333 0.10518518518518519
1 0.535 0.24444444444444444 0.06166666666666667 0.12444444444444444
1 0.4675 0.5155555555555555 0.08 0.15703703703703703
1 0.51125 0.6992592592592592 0.12583333333333332 0.27555555555555555
1 0.6204166666666666 0.5103703703703704 0.10083333333333333 0.17925925925925926
1 0.6704166666666667 0.44296296296296295 0.07416666666666667 0.17185185185185184
1 0.7145833333333333 0.4014814814814815 0.07416666666666667 0.1274074074074074
1 0.7166666666666667 0.33111111111111113 0.04 0.08444444444444445
1 0.6229166666666667 0.34296296296296297 0.0375 0.09333333333333334
1 0.8420833333333333 0.4666666666666667 0.07583333333333334 0.15407407407407409
1 0.895 0.5355555555555556 0.12 0.19703703703703704
1 0.9816666666666667 0.43777777777777777 0.035 0.11407407407407408
1 0.9616666666666667 0.37407407407407406 0.06166666666666667 0.10814814814814815
1 0.9558333333333333 0.30518518518518517 0.05 0.09481481481481481
1 0.8066666666666666 0.4192592592592593 0.07166666666666667 0.1274074074074074
1 0.81 0.3325925925925926 0.05 0.07555555555555556
1 0.82375 0.2962962962962963 0.0325 0.05925925925925926