1 0.2541620421753607 0.22986247544204322 0.01997780244173141 0.043222003929273084
1 0.32241953385127636 0.2043222003929273 0.016648168701442843 0.03143418467583497
1 0.37180910099889014 0.20235756385068762 0.01553829078801332 0.03143418467583497
1 0.37402885682574916 0.18172888015717092 0.017758046614872364 0.029469548133595286
1 0.416204217536071 0.16895874263261296 0.013318534961154272 0.0275049115913556
1 0.44006659267480575 0.17681728880157171 0.018867924528301886 0.03536345776031434
1 0.44173140954495005 0.1512770137524558 0.011098779134295227 0.023575638506876228
1 0.46170921198668147 0.17288801571709234 0.01553829078801332 0.03143418467583497
1 0.4728079911209767 0.17288801571709234 0.013318534961154272 0.03143418467583497
1 0.46337402885682577 0.2131630648330059 0.018867924528301886 0.0412573673870334
1 0.4827968923418424 0.15717092337917485 0.01553829078801332 0.0275049115913556
1 0.4794672586015538 0.13064833005893908 0.01553829078801332 0.021611001964636542
1 0.5033296337402886 0.17976424361493124 0.018867924528301886 0.03732809430255403
1 0.49667036625971145 0.12868369351669942 0.01220865704772475 0.025540275049115914
1 0.537180910099889 0.2220039292730845 0.017758046614872364 0.0275049115913556
1 0.5394006659267481 0.14931237721021612 0.017758046614872364 0.03143418467583497
1 0.5760266370699223 0.18860510805500982 0.017758046614872364 0.03536345776031434
1 0.5688124306326304 0.137524557956778 0.014428412874583796 0.03143418467583497
1 0.5832408435072142 0.12573673870333987 0.01220865704772475 0.019646365422396856
1 0.5921198668146503 0.14341846758349705 0.014428412874583796 0.0275049115913556
1 0.6176470588235294 0.17288801571709234 0.01220865704772475 0.023575638506876228
1 0.6165371809100999 0.10805500982318271 0.01220865704772475 0.019646365422396856
1 0.6254162042175361 0.13261296660117877 0.01220865704772475 0.021611001964636542
1 0.6637069922308546 0.13654223968565815 0.013318534961154272 0.029469548133595286
1 0.6620421753607103 0.1168958742632613 0.009988901220865706 0.01768172888015717
1 0.6753607103218646 0.11394891944990176 0.009988901220865706 0.023575638506876228
1 0.7125416204217536 0.12082514734774066 0.011098779134295227 0.021611001964636542
1 0.6875693673695893 0.17092337917485265 0.016648168701442843 0.03536345776031434
1 0.6331853496115427 0.2111984282907662 0.021087680355160933 0.04911591355599214
1 0.6614872364039955 0.2288801571709234 0.022197558268590455 0.04518664047151277
1 0.660377358490566 0.19155206286836934 0.017758046614872364 0.03339882121807466
1 0.7103218645948945 0.2200392927308448 0.01997780244173141 0.05108055009823183
1 0.7081021087680355 0.19155206286836934 0.01997780244173141 0.03339882121807466
1 0.7236403995560489 0.15029469548133595 0.01553829078801332 0.029469548133595286
1 0.7336293007769146 0.17485265225933203 0.01553829078801332 0.03929273084479371
1 0.7391786903440621 0.1512770137524558 0.013318534961154272 0.023575638506876228
1 0.7586015538290788 0.137524557956778 0.014428412874583796 0.0275049115913556
1 0.7630410654827969 0.18369351669941061 0.014428412874583796 0.03339882121807466
1 0.8052164261931187 0.21021611001964635 0.018867924528301886 0.03536345776031434
1 0.7752497225305216 0.1512770137524558 0.014428412874583796 0.03536345776031434
1 0.7941176470588235 0.16011787819253437 0.01220865704772475 0.029469548133595286
1 0.7946725860155383 0.14047151277013753 0.013318534961154272 0.025540275049115914
1 0.8096559378468369 0.1581532416502947 0.014428412874583796 0.029469548133595286
1 0.8268590455049944 0.13457760314341846 0.013318534961154272 0.029469548133595286
1 0.8251942286348501 0.1856581532416503 0.014428412874583796 0.03732809430255403
1 0.8529411764705882 0.21218074656188604 0.018867924528301886 0.03536345776031434
1 0.8657047724750278 0.2730844793713163 0.022197558268590455 0.043222003929273084
1 0.8817980022197558 0.23280943025540274 0.018867924528301886 0.0412573673870334
1 0.9173140954495006 0.26719056974459726 0.021087680355160933 0.047151277013752456
1 0.9345172031076582 0.22986247544204322 0.017758046614872364 0.03929273084479371
1 0.9056603773584906 0.18467583497053044 0.013318534961154272 0.03536345776031434
1 0.8901220865704772 0.21021611001964635 0.017758046614872364 0.03143418467583497
1 0.8712541620421753 0.16110019646365423 0.013318534961154272 0.03143418467583497
1 0.8501664816870145 0.1512770137524558 0.013318534961154272 0.0275049115913556
1 0.939511653718091 0.17583497053045186 0.014428412874583796 0.029469548133595286
1 0.9367369589345172 0.20235756385068762 0.013318534961154272 0.023575638506876228