1 0.2519294377067255 0.21047430830039526 0.027563395810363836 0.045454545454545456
1 0.2894156560088203 0.18379446640316205 0.023153252480705624 0.04743083003952569
1 0.46085997794928335 0.1808300395256917 0.026460859977949284 0.05731225296442688
1 0.4961411245865491 0.1857707509881423 0.026460859977949284 0.05533596837944664
1 0.5452039691289967 0.15118577075098813 0.025358324145534728 0.05731225296442688
1 0.5700110253583242 0.11956521739130435 0.019845644983461964 0.045454545454545456
1 0.6019845644983461 0.12154150197628459 0.026460859977949284 0.04940711462450593
1 0.6317530319735392 0.1808300395256917 0.026460859977949284 0.05731225296442688
1 0.659316427783903 0.1492094861660079 0.022050716648291068 0.0533596837944664
1 0.6896361631753032 0.2727272727272727 0.03197353914002205 0.05138339920948617
1 0.7265711135611908 0.2776679841897233 0.02866593164277839 0.06126482213438735
1 0.8158765159867696 0.1808300395256917 0.026460859977949284 0.0691699604743083
1 0.9553472987872106 0.22628458498023715 0.027563395810363836 0.05731225296442688