1 0.07977642276422764 0.2679509632224168 0.019308943089430895 0.03852889667250438
1 0.3780487804878049 0.19964973730297722 0.018292682926829267 0.03152364273204904
1 0.4253048780487805 0.20577933450087565 0.017276422764227643 0.03327495621716287
1 0.4603658536585366 0.22591943957968477 0.02032520325203252 0.03152364273204904
1 0.5736788617886179 0.18651488616462347 0.01524390243902439 0.03327495621716287
1 0.5807926829268293 0.15674255691768826 0.013211382113821139 0.03327495621716287
1 0.6458333333333334 0.1190893169877408 0.01524390243902439 0.028021015761821366
1 0.6529471544715447 0.3117338003502627 0.02540650406504065 0.05253940455341506
1 0.6382113821138211 0.26444833625218916 0.016260162601626018 0.03852889667250438
1 0.6361788617886179 0.22154115586690018 0.016260162601626018 0.03677758318739054
1 0.6925813008130082 0.25569176882662 0.021341463414634148 0.04553415061295972
1 0.6986788617886179 0.2136602451838879 0.017276422764227643 0.03852889667250438
1 0.6859756097560976 0.17688266199649738 0.014227642276422764 0.03152364273204904
1 0.9568089430894309 0.24168126094570927 0.01524390243902439 0.03502626970227671