1 0.08870214752567694 0.42333333333333334 0.04481792717086835 0.09333333333333334
1 0.25910364145658266 0.285 0.0196078431372549 0.043333333333333335
1 0.28991596638655465 0.2625 0.017740429505135387 0.041666666666666664
1 0.3034547152194211 0.2633333333333333 0.018674136321195144 0.043333333333333335
1 0.3197945845004668 0.2841666666666667 0.021475256769374416 0.041666666666666664
1 0.3464052287581699 0.27666666666666667 0.02054154995331466 0.043333333333333335
1 0.3104575163398693 0.23416666666666666 0.0196078431372549 0.03166666666666667
1 0.34967320261437906 0.21916666666666668 0.0196078431372549 0.03833333333333333
1 0.3580765639589169 0.23166666666666666 0.0196078431372549 0.03333333333333333
1 0.39402427637721754 0.215 0.01680672268907563 0.03
1 0.41876750700280113 0.21833333333333332 0.0196078431372549 0.04
1 0.3888888888888889 0.19583333333333333 0.015873015873015872 0.03166666666666667
1 0.4290382819794584 0.27416666666666667 0.025210084033613446 0.04833333333333333
1 0.47058823529411764 0.24666666666666667 0.02054154995331466 0.05
1 0.45098039215686275 0.22583333333333333 0.01680672268907563 0.03833333333333333
1 0.41083099906629317 0.1725 0.01680672268907563 0.03166666666666667
1 0.4579831932773109 0.16666666666666666 0.015873015873015872 0.02666666666666667
1 0.4323062558356676 0.18916666666666668 0.014939309056956116 0.028333333333333332
1 0.4449112978524743 0.1925 0.015873015873015872 0.025
1 0.48972922502334265 0.1975 0.0196078431372549 0.035
1 0.4603174603174603 0.205 0.02054154995331466 0.03333333333333333
1 0.4757236227824463 0.1625 0.014005602240896359 0.028333333333333332
1 0.46825396825396826 0.15 0.01027077497665733 0.02
1 0.4519140989729225 0.14833333333333334 0.013071895424836602 0.023333333333333334
1 0.4864612511671335 0.1325 0.014939309056956116 0.028333333333333332
1 0.5121381886087768 0.16833333333333333 0.017740429505135387 0.02666666666666667
1 0.5368814192343604 0.16416666666666666 0.018674136321195144 0.03833333333333333
1 0.5214752567693745 0.21833333333333332 0.02334267040149393 0.04666666666666667
1 0.5364145658263305 0.13333333333333333 0.015873015873015872 0.03333333333333333
1 0.5242763772175537 0.14583333333333334 0.014005602240896359 0.03833333333333333
1 0.557889822595705 0.11083333333333334 0.014005602240896359 0.025
1 0.5550887021475257 0.145 0.015873015873015872 0.03333333333333333
1 0.5695611577964519 0.17333333333333334 0.02054154995331466 0.04
1 0.5765639589169 0.155 0.017740429505135387 0.03
1 0.588702147525677 0.12083333333333333 0.017740429505135387 0.03166666666666667
1 0.5971055088702147 0.09833333333333333 0.015873015873015872 0.03333333333333333
1 0.6213818860877685 0.14333333333333334 0.017740429505135387 0.04
1 0.6227824463118581 0.10083333333333333 0.013071895424836602 0.025
1 0.638188608776844 0.12333333333333334 0.015873015873015872 0.03333333333333333
1 0.6507936507936508 0.09583333333333334 0.014939309056956116 0.035
1 0.6755368814192344 0.12416666666666666 0.015873015873015872 0.03166666666666667
1 0.688608776844071 0.11 0.015873015873015872 0.03333333333333333
1 0.48132586367880487 0.31083333333333335 0.028944911297852476 0.058333333333333334
1 0.5564892623716153 0.2916666666666667 0.026143790849673203 0.05333333333333334
1 0.5709617180205415 0.2475 0.021475256769374416 0.051666666666666666
1 0.6069094304388422 0.2725 0.026143790849673203 0.04833333333333333
1 0.6139122315592904 0.3325 0.03081232492997199 0.075
1 0.6699346405228758 0.36333333333333334 0.032679738562091505 0.07333333333333333
1 0.6129785247432307 0.21083333333333334 0.021475256769374416 0.04833333333333333
1 0.6428571428571429 0.19166666666666668 0.017740429505135387 0.03666666666666667
1 0.6554621848739496 0.2125 0.022408963585434174 0.03833333333333333
1 0.6718020541549953 0.25333333333333335 0.025210084033613446 0.05333333333333334
1 0.6974789915966386 0.22083333333333333 0.022408963585434174 0.055
1 0.7217553688141923 0.2675 0.028011204481792718 0.058333333333333334
1 0.6942110177404295 0.155 0.015873015873015872 0.04
1 0.7147525676937442 0.13916666666666666 0.0196078431372549 0.03833333333333333
1 0.7096171802054155 0.18666666666666668 0.02054154995331466 0.04666666666666667
1 0.7399626517273576 0.2025 0.0196078431372549 0.041666666666666664
1 0.7441643323996265 0.17 0.018674136321195144 0.03333333333333333
1 0.7441643323996265 0.14583333333333334 0.01680672268907563 0.03166666666666667
1 0.7338935574229691 0.12916666666666668 0.01680672268907563 0.035
1 0.7497665732959851 0.11166666666666666 0.013071895424836602 0.02666666666666667
1 0.765172735760971 0.13083333333333333 0.015873015873015872 0.03166666666666667
1 0.7796451914098973 0.12583333333333332 0.013071895424836602 0.03833333333333333
1 0.795985060690943 0.12833333333333333 0.012138188608776844 0.03333333333333333
1 0.8085901027077498 0.13333333333333333 0.011204481792717087 0.03
1 0.8169934640522876 0.16583333333333333 0.018674136321195144 0.035
1 0.7973856209150327 0.1775 0.02427637721755369 0.04833333333333333
1 0.765172735760971 0.2475 0.021475256769374416 0.04833333333333333
1 0.7861811391223156 0.29 0.02427637721755369 0.056666666666666664
1 0.819327731092437 0.25 0.025210084033613446 0.05333333333333334
1 0.84593837535014 0.185 0.022408963585434174 0.04666666666666667
1 0.8366013071895425 0.1525 0.014939309056956116 0.035
1 0.8669467787114846 0.1225 0.014005602240896359 0.03166666666666667
1 0.8725490196078431 0.15416666666666667 0.017740429505135387 0.035
1 0.8716153127917834 0.21916666666666668 0.017740429505135387 0.051666666666666666
1 0.8870214752567693 0.2025 0.018674136321195144 0.041666666666666664
1 0.8940242763772176 0.16416666666666666 0.014005602240896359 0.035
1 0.8996265172735761 0.1325 0.014005602240896359 0.03833333333333333
1 0.930905695611578 0.16833333333333333 0.013071895424836602 0.03333333333333333
1 0.9267040149393091 0.15416666666666667 0.01027077497665733 0.021666666666666667
1 0.9253034547152195 0.2 0.01680672268907563 0.043333333333333335
1 0.927170868347339 0.29083333333333333 0.026143790849673203 0.06166666666666667