1 0.059166666666666666 0.60125 0.10833333333333334 0.2125
1 0.22166666666666668 0.68 0.13 0.215
1 0.18 0.47625 0.05333333333333334 0.0925
1 0.415 0.45125 0.06 0.1125
1 0.18166666666666667 0.54 0.07 0.085
1 0.44583333333333336 0.62125 0.10166666666666667 0.1775
1 0.38416666666666666 0.84375 0.18166666666666667 0.2775
1 0.5016666666666667 0.25875 0.03 0.0675
1 0.49166666666666664 0.455 0.06666666666666667 0.12
1 0.5766666666666667 0.44625 0.056666666666666664 0.1175
1 0.6316666666666667 0.42625 0.07 0.1225
1 0.6516666666666666 0.6575 0.12666666666666668 0.185
1 0.8016666666666666 0.7125 0.14 0.24
1 0.7741666666666667 0.485 0.06166666666666667 0.09
1 0.8416666666666667 0.4725 0.07 0.13
1 0.9108333333333334 0.45625 0.041666666666666664 0.0775