1 0.1903747870528109 0.44664634146341464 0.04003407155025554 0.08536585365853659
1 0.30664395229982966 0.2301829268292683 0.020442930153321975 0.036585365853658534
1 0.3390119250425894 0.19817073170731708 0.017035775127768313 0.036585365853658534
1 0.4126916524701874 0.19664634146341464 0.01788756388415673 0.039634146341463415
1 0.4212095400340716 0.1722560975609756 0.016183986371379896 0.036585365853658534
1 0.4075809199318569 0.15777439024390244 0.012776831345826235 0.028963414634146343
1 0.4356899488926746 0.15625 0.016183986371379896 0.028963414634146343
1 0.4476149914821124 0.16844512195121952 0.019591141396933562 0.0350609756097561
1 0.44293015332197616 0.22408536585365854 0.022146507666098807 0.04573170731707317
1 0.4842419080068143 0.22179878048780488 0.024701873935264053 0.04420731707317073
1 0.47061328790459966 0.1760670731707317 0.019591141396933562 0.041158536585365856
1 0.46592844974446335 0.13490853658536586 0.015332197614991482 0.028963414634146343
1 0.4787052810902896 0.1410060975609756 0.015332197614991482 0.0350609756097561
1 0.502129471890971 0.14557926829268292 0.014480408858603067 0.0350609756097561
1 0.5174616695059625 0.15396341463414634 0.016183986371379896 0.036585365853658534
1 0.5379045996592845 0.13414634146341464 0.01788756388415673 0.03353658536585366
1 0.5557921635434412 0.17911585365853658 0.019591141396933562 0.041158536585365856
1 0.5621805792163543 0.13414634146341464 0.013628620102214651 0.03353658536585366
1 0.5873083475298126 0.14939024390243902 0.01788756388415673 0.039634146341463415
1 0.6205281090289608 0.13033536585365854 0.014480408858603067 0.03201219512195122
1 0.5425894378194208 0.17073170731707318 0.018739352640545145 0.036585365853658534
1 0.49744463373083475 0.2896341463414634 0.027257240204429302 0.06097560975609756
1 0.5609028960817717 0.24847560975609756 0.02129471890971039 0.051829268292682924
1 0.5787904599659285 0.2842987804878049 0.026405451448040886 0.07164634146341463
1 0.6226575809199318 0.28810975609756095 0.028960817717206135 0.07621951219512195
1 0.6690800681431005 0.32621951219512196 0.03321976149914821 0.07621951219512195
1 0.6669505962521295 0.2820121951219512 0.02385008517887564 0.04573170731707317
1 0.6324531516183987 0.2774390243902439 0.022998296422487224 0.054878048780487805
1 0.6256388415672913 0.21570121951219512 0.024701873935264053 0.053353658536585365
1 0.6575809199318569 0.18064024390243902 0.02385008517887564 0.05030487804878049
1 0.6588586030664395 0.22560975609756098 0.026405451448040886 0.057926829268292686
1 0.6976149914821125 0.19283536585365854 0.022146507666098807 0.041158536585365856
1 0.717206132879046 0.2347560975609756 0.02555366269165247 0.057926829268292686
1 0.7338160136286201 0.18140243902439024 0.01788756388415673 0.04573170731707317
1 0.7231686541737649 0.08765243902439024 0.018739352640545145 0.04420731707317073
1 0.6971890971039182 0.1600609756097561 0.019591141396933562 0.03353658536585366
1 0.7793867120954003 0.20655487804878048 0.018739352640545145 0.04725609756097561
1 0.8006814310051107 0.1524390243902439 0.013628620102214651 0.036585365853658534
1 0.8304940374787053 0.16539634146341464 0.013628620102214651 0.0350609756097561
1 0.8641396933560477 0.16310975609756098 0.01788756388415673 0.04573170731707317
1 0.8419931856899489 0.20579268292682926 0.016183986371379896 0.04573170731707317
1 0.8160136286201022 0.24085365853658536 0.022146507666098807 0.04573170731707317
1 0.8087734241908007 0.2782012195121951 0.024701873935264053 0.0625
1 0.84412265758092 0.3125 0.020442930153321975 0.054878048780487805
1 0.8637137989778535 0.2896341463414634 0.022146507666098807 0.04573170731707317
1 0.8786201022146508 0.21798780487804878 0.01788756388415673 0.04878048780487805
1 0.9195059625212947 0.22713414634146342 0.02129471890971039 0.04573170731707317
1 0.9135434412265758 0.34375 0.022998296422487224 0.053353658536585365
1 0.8965076660988075 0.38414634146341464 0.029812606473594547 0.07317073170731707