1 0.18114511352418558 0.4870689655172414 0.04244817374136229 0.08793103448275862
1 0.3677196446199408 0.1956896551724138 0.02073050345508391 0.03620689655172414
1 0.39585389930898324 0.2681034482758621 0.019743336623889437 0.03620689655172414
1 0.41115498519249755 0.21637931034482757 0.018756169792694965 0.032758620689655175
1 0.42003948667324775 0.16120689655172413 0.01678183613030602 0.032758620689655175
1 0.46692991115498517 0.21810344827586206 0.02171767028627838 0.04310344827586207
1 0.4891411648568608 0.32241379310344825 0.03257650542941757 0.06206896551724138
1 0.552319842053307 0.3258620689655172 0.03060217176702863 0.06206896551724138
1 0.5182625863770978 0.1206896551724138 0.01579466929911155 0.027586206896551724
1 0.5444225074037512 0.11982758620689656 0.014807502467917079 0.03620689655172414
1 0.5760118460019743 0.12327586206896551 0.018756169792694965 0.032758620689655175
1 0.5676209279368213 0.1810344827586207 0.017769002961500493 0.034482758620689655
1 0.623395853899309 0.27155172413793105 0.02665350444225074 0.05
1 0.6307996051332675 0.15 0.017769002961500493 0.03103448275862069
1 0.6061204343534057 0.10948275862068965 0.013820335636722606 0.02586206896551724
1 0.6678183613030603 0.22155172413793103 0.022704837117472853 0.04310344827586207
1 0.684106614017769 0.30431034482758623 0.03356367226061204 0.0706896551724138
1 0.7403751233958539 0.2646551724137931 0.027640671273445213 0.0603448275862069
1 0.7551826258637709 0.31896551724137934 0.03751233958538993 0.07931034482758621
1 0.7931885488647581 0.2793103448275862 0.028627838104639685 0.05862068965517241
1 0.7793682132280355 0.21120689655172414 0.022704837117472853 0.04310344827586207
1 0.8440276406712734 0.30258620689655175 0.027640671273445213 0.0706896551724138
1 0.8874629812438302 0.22327586206896552 0.019743336623889437 0.039655172413793106
1 0.920533070088845 0.2836206896551724 0.022704837117472853 0.0603448275862069
1 0.9442250740375123 0.1543103448275862 0.012833168805528134 0.03620689655172414
1 0.9131293188548865 0.08706896551724137 0.013820335636722606 0.029310344827586206
1 0.9155972359328727 0.1456896551724138 0.014807502467917079 0.029310344827586206
1 0.8741362290227048 0.125 0.012833168805528134 0.032758620689655175
1 0.8509378084896347 0.125 0.011846001974333662 0.02586206896551724
1 0.7640671273445212 0.04482758620689655 0.013820335636722606 0.03103448275862069