1 0.1944980694980695 0.3638655462184874 0.04922779922779923 0.08571428571428572
1 0.2784749034749035 0.23277310924369748 0.02027027027027027 0.03529411764705882
1 0.3045366795366795 0.23361344537815126 0.02027027027027027 0.03697478991596639
1 0.32866795366795365 0.2411764705882353 0.02027027027027027 0.03865546218487395
1 0.32722007722007723 0.19747899159663865 0.017374517374517374 0.03529411764705882
1 0.3441119691119691 0.19831932773109243 0.016409266409266408 0.03697478991596639
1 0.35424710424710426 0.25630252100840334 0.023166023166023165 0.04201680672268908
1 0.3803088803088803 0.24705882352941178 0.023166023166023165 0.047058823529411764
1 0.3721042471042471 0.2 0.01833976833976834 0.040336134453781515
1 0.38658301158301156 0.2042016806722689 0.01833976833976834 0.03865546218487395
1 0.40395752895752896 0.2235294117647059 0.01833976833976834 0.03697478991596639
1 0.4155405405405405 0.24705882352941178 0.02413127413127413 0.047058823529411764
1 0.4444980694980695 0.22773109243697479 0.0222007722007722 0.04201680672268908
1 0.4126447876447876 0.17983193277310924 0.01833976833976834 0.03361344537815126
1 0.42133204633204635 0.14789915966386555 0.010617760617760617 0.023529411764705882
1 0.4372586872586873 0.1773109243697479 0.019305019305019305 0.03865546218487395
1 0.4724903474903475 0.18739495798319328 0.01833976833976834 0.03865546218487395
1 0.4575289575289575 0.15546218487394958 0.015444015444015444 0.02857142857142857
1 0.47104247104247104 0.13949579831932774 0.017374517374517374 0.030252100840336135
1 0.49034749034749037 0.1411764705882353 0.013513513513513514 0.030252100840336135
1 0.4753861003861004 0.23361344537815126 0.02027027027027027 0.043697478991596636
1 0.4855212355212355 0.28403361344537814 0.02895752895752896 0.05714285714285714
1 0.5043436293436293 0.2 0.02027027027027027 0.030252100840336135
1 0.5371621621621622 0.2008403361344538 0.02027027027027027 0.03529411764705882
1 0.5231660231660231 0.1588235294117647 0.017374517374517374 0.031932773109243695
1 0.5077220077220077 0.14789915966386555 0.015444015444015444 0.03361344537815126
1 0.5082046332046332 0.126890756302521 0.01447876447876448 0.021848739495798318
1 0.5231660231660231 0.13025210084033614 0.011583011583011582 0.025210084033613446
1 0.5497104247104247 0.16974789915966387 0.016409266409266408 0.03697478991596639
1 0.553088803088803 0.12857142857142856 0.013513513513513514 0.025210084033613446
1 0.569015444015444 0.15210084033613444 0.01447876447876448 0.02857142857142857
1 0.5825289575289575 0.17478991596638654 0.01833976833976834 0.03361344537815126
1 0.5772200772200772 0.126890756302521 0.017374517374517374 0.031932773109243695
1 0.5921814671814671 0.11596638655462185 0.010617760617760617 0.023529411764705882
1 0.6071428571428571 0.12436974789915967 0.013513513513513514 0.02689075630252101
1 0.6143822393822393 0.11428571428571428 0.010617760617760617 0.020168067226890758
1 0.622104247104247 0.13109243697478992 0.012548262548262547 0.023529411764705882
1 0.6216216216216216 0.15294117647058825 0.013513513513513514 0.02689075630252101
1 0.6322393822393823 0.11848739495798319 0.013513513513513514 0.031932773109243695
1 0.6563706563706564 0.126890756302521 0.013513513513513514 0.02857142857142857
1 0.666988416988417 0.1411764705882353 0.015444015444015444 0.030252100840336135
1 0.6848455598455598 0.126890756302521 0.016409266409266408 0.025210084033613446
1 0.6665057915057915 0.11092436974789915 0.012548262548262547 0.023529411764705882
1 0.694980694980695 0.11008403361344538 0.011583011583011582 0.02857142857142857
1 0.7186293436293436 0.1092436974789916 0.012548262548262547 0.030252100840336135
1 0.5463320463320464 0.2865546218487395 0.03088803088803089 0.06554621848739496
1 0.5656370656370656 0.2529411764705882 0.02702702702702703 0.04873949579831933
1 0.6042471042471043 0.3277310924369748 0.02702702702702703 0.06386554621848739
1 0.6192084942084942 0.25882352941176473 0.02413127413127413 0.05042016806722689
1 0.625965250965251 0.22100840336134453 0.02027027027027027 0.04201680672268908
1 0.6718146718146718 0.28403361344537814 0.025096525096525095 0.05714285714285714
1 0.6602316602316602 0.34789915966386553 0.03088803088803089 0.07058823529411765
1 0.7302123552123552 0.37142857142857144 0.03957528957528957 0.07394957983193277
1 0.7311776061776062 0.2907563025210084 0.027992277992277992 0.05714285714285714
1 0.7205598455598455 0.2218487394957983 0.02413127413127413 0.047058823529411764
1 0.6737451737451737 0.1957983193277311 0.023166023166023165 0.04201680672268908
1 0.7041505791505791 0.15714285714285714 0.016409266409266408 0.03865546218487395
1 0.7157335907335908 0.18571428571428572 0.01833976833976834 0.03865546218487395
1 0.7427606177606177 0.1781512605042017 0.016409266409266408 0.03697478991596639
1 0.7446911196911197 0.1453781512605042 0.01447876447876448 0.02857142857142857
1 0.7504826254826255 0.1319327731092437 0.012548262548262547 0.021848739495798318
1 0.7596525096525096 0.1546218487394958 0.015444015444015444 0.030252100840336135
1 0.7606177606177607 0.18739495798319328 0.021235521235521235 0.04201680672268908
1 0.7606177606177607 0.2411764705882353 0.023166023166023165 0.04201680672268908
1 0.7823359073359073 0.3050420168067227 0.027992277992277992 0.06554621848739496
1 0.8103281853281853 0.40336134453781514 0.03185328185328185 0.07058823529411765
1 0.8416988416988417 0.31092436974789917 0.025096525096525095 0.06386554621848739
1 0.8035714285714286 0.24369747899159663 0.0222007722007722 0.040336134453781515
1 0.805984555984556 0.21260504201680672 0.017374517374517374 0.031932773109243695
1 0.7934362934362934 0.1588235294117647 0.015444015444015444 0.03529411764705882
1 0.791023166023166 0.13865546218487396 0.01447876447876448 0.031932773109243695
1 0.8223938223938224 0.16134453781512606 0.017374517374517374 0.03697478991596639
1 0.877895752895753 0.2714285714285714 0.02413127413127413 0.052100840336134456
1 0.8875482625482626 0.24873949579831933 0.02027027027027027 0.043697478991596636
1 0.9174710424710425 0.34285714285714286 0.02413127413127413 0.06386554621848739
1 0.9005791505791506 0.43025210084033616 0.02895752895752896 0.0907563025210084
1 0.9242277992277992 0.28823529411764703 0.02413127413127413 0.04873949579831933
1 0.928088803088803 0.21764705882352942 0.02027027027027027 0.04201680672268908