1 0.05546875 0.8321596244131455 0.0984375 0.1572769953051643
1 0.11796875 0.7417840375586855 0.0828125 0.12206572769953052
1 0.05859375 0.6150234741784038 0.0515625 0.0892018779342723
1 0.115625 0.45539906103286387 0.05625 0.09389671361502347
1 0.1953125 0.5176056338028169 0.0375 0.06338028169014084
1 0.26015625 0.47183098591549294 0.0390625 0.06103286384976526
1 0.29609375 0.5070422535211268 0.0359375 0.06103286384976526
1 0.3578125 0.47417840375586856 0.034375 0.051643192488262914
1 0.453125 0.45422535211267606 0.028125 0.04929577464788732
1 0.46875 0.41901408450704225 0.028125 0.05868544600938967
1 0.43671875 0.397887323943662 0.0234375 0.04460093896713615
1 0.38046875 0.40375586854460094 0.0234375 0.04225352112676056
1 0.31875 0.431924882629108 0.03125 0.046948356807511735
1 0.2859375 0.43427230046948356 0.028125 0.03286384976525822
1 0.265625 0.42370892018779344 0.021875 0.035211267605633804
1 0.2609375 0.39436619718309857 0.025 0.04225352112676056
1 0.515625 0.31103286384976525 0.040625 0.07746478873239436
1 0.3140625 0.6514084507042254 0.053125 0.1056338028169014
1 0.2390625 0.778169014084507 0.08125 0.11502347417840375
1 0.375 0.6936619718309859 0.071875 0.11971830985915492
1 0.44375 0.636150234741784 0.05625 0.09859154929577464
1 0.596875 0.5211267605633803 0.040625 0.07511737089201878
1 0.59453125 0.6467136150234741 0.0671875 0.12910798122065728
1 0.61171875 0.8849765258215962 0.1015625 0.18309859154929578
1 0.74453125 0.721830985915493 0.0734375 0.1572769953051643
1 0.70625 0.6936619718309859 0.0625 0.11971830985915492
1 0.709375 0.5258215962441315 0.046875 0.06572769953051644
1 0.6390625 0.46830985915492956 0.034375 0.05868544600938967
1 0.678125 0.43309859154929575 0.03125 0.04929577464788732
1 0.70546875 0.3814553990610329 0.0296875 0.0539906103286385
1 0.7359375 0.3814553990610329 0.028125 0.04460093896713615
1 0.67578125 0.2934272300469484 0.0359375 0.06103286384976526
1 0.5671875 0.38615023474178406 0.025 0.03990610328638498
1 0.7734375 0.36384976525821594 0.021875 0.03286384976525822
1 0.74765625 0.4518779342723005 0.0390625 0.05868544600938967
1 0.909375 0.3544600938967136 0.075 0.14084507042253522
1 0.928125 0.7276995305164319 0.08125 0.15023474178403756
1 0.984375 0.6889671361502347 0.03125 0.11032863849765258
1 0.8984375 0.9107981220657277 0.125 0.1784037558685446