1 0.09749034749034749 0.5016949152542373 0.05405405405405406 0.10508474576271186
1 0.28185328185328185 0.21864406779661016 0.017374517374517374 0.03728813559322034
1 0.30357142857142855 0.22627118644067798 0.01833976833976834 0.03559322033898305
1 0.32866795366795365 0.2364406779661017 0.016409266409266408 0.03559322033898305
1 0.3465250965250965 0.19152542372881357 0.017374517374517374 0.03389830508474576
1 0.3527992277992278 0.17711864406779662 0.01833976833976834 0.03220338983050847
1 0.37741312741312744 0.1906779661016949 0.015444015444015444 0.03559322033898305
1 0.3918918918918919 0.19152542372881357 0.021235521235521235 0.04406779661016949
1 0.3803088803088803 0.23813559322033898 0.021235521235521235 0.0423728813559322
1 0.42567567567567566 0.2288135593220339 0.023166023166023165 0.05084745762711865
1 0.4140926640926641 0.18559322033898304 0.019305019305019305 0.0423728813559322
1 0.4517374517374517 0.21864406779661016 0.021235521235521235 0.04406779661016949
1 0.4797297297297297 0.21525423728813559 0.025096525096525095 0.05084745762711865
1 0.486003861003861 0.1847457627118644 0.02027027027027027 0.030508474576271188
1 0.5072393822393823 0.18389830508474575 0.016409266409266408 0.03898305084745763
1 0.4444980694980695 0.16864406779661018 0.02027027027027027 0.0423728813559322
1 0.4232625482625483 0.14067796610169492 0.012548262548262547 0.03389830508474576
1 0.4609073359073359 0.14915254237288136 0.016409266409266408 0.03389830508474576
1 0.47055984555984554 0.15677966101694915 0.01447876447876448 0.03220338983050847
1 0.4715250965250965 0.1288135593220339 0.016409266409266408 0.023728813559322035
1 0.4922779922779923 0.13050847457627118 0.011583011583011582 0.02711864406779661
1 0.5038610038610039 0.1211864406779661 0.013513513513513514 0.025423728813559324
1 0.512065637065637 0.13644067796610168 0.01447876447876448 0.03559322033898305
1 0.527027027027027 0.11949152542372882 0.011583011583011582 0.0288135593220339
1 0.527992277992278 0.15847457627118644 0.015444015444015444 0.03220338983050847
1 0.5535714285714286 0.15423728813559323 0.016409266409266408 0.030508474576271188
1 0.5482625482625483 0.13983050847457626 0.015444015444015444 0.025423728813559324
1 0.5545366795366795 0.11779661016949153 0.012548262548262547 0.025423728813559324
1 0.5612934362934363 0.13644067796610168 0.016409266409266408 0.022033898305084745
1 0.5859073359073359 0.1669491525423729 0.019305019305019305 0.03898305084745763
1 0.5603281853281853 0.1805084745762712 0.01833976833976834 0.03559322033898305
1 0.5796332046332047 0.11101694915254237 0.012548262548262547 0.0288135593220339
1 0.5902509652509652 0.10932203389830508 0.01447876447876448 0.0288135593220339
1 0.6013513513513513 0.12627118644067797 0.013513513513513514 0.0288135593220339
1 0.6182432432432432 0.10847457627118644 0.01447876447876448 0.02711864406779661
1 0.6254826254826255 0.1423728813559322 0.013513513513513514 0.03389830508474576
1 0.6303088803088803 0.1211864406779661 0.015444015444015444 0.025423728813559324
1 0.6433397683397684 0.10762711864406779 0.01447876447876448 0.0288135593220339
1 0.6655405405405406 0.13135593220338984 0.016409266409266408 0.03220338983050847
1 0.6607142857142857 0.11271186440677966 0.012548262548262547 0.022033898305084745
1 0.6698841698841699 0.09830508474576272 0.011583011583011582 0.02711864406779661
1 0.694980694980695 0.1016949152542373 0.009652509652509652 0.023728813559322035
1 0.6925675675675675 0.12372881355932204 0.01447876447876448 0.023728813559322035
1 0.7051158301158301 0.15169491525423728 0.016409266409266408 0.03220338983050847
1 0.721042471042471 0.10847457627118644 0.011583011583011582 0.030508474576271188
1 0.5709459459459459 0.23559322033898306 0.0222007722007722 0.04745762711864407
1 0.553088803088803 0.28135593220338984 0.03474903474903475 0.0711864406779661
1 0.49613899613899615 0.27627118644067794 0.02702702702702703 0.05423728813559322
1 0.6153474903474904 0.3101694915254237 0.029922779922779922 0.06779661016949153
1 0.6254826254826255 0.2457627118644068 0.025096525096525095 0.05084745762711865
1 0.6351351351351351 0.2 0.015444015444015444 0.03728813559322034
1 0.6708494208494209 0.1788135593220339 0.019305019305019305 0.03559322033898305
1 0.7244208494208494 0.18220338983050846 0.01833976833976834 0.04915254237288136
1 0.7364864864864865 0.14491525423728813 0.015444015444015444 0.03898305084745763
1 0.7533783783783784 0.13135593220338984 0.016409266409266408 0.03559322033898305
1 0.7644787644787645 0.15169491525423728 0.015444015444015444 0.03220338983050847
1 0.7461389961389961 0.16610169491525423 0.015444015444015444 0.03728813559322034
1 0.7374517374517374 0.21525423728813559 0.021235521235521235 0.04406779661016949
1 0.6722972972972973 0.2711864406779661 0.026061776061776062 0.05423728813559322
1 0.7007722007722008 0.3059322033898305 0.02895752895752896 0.06271186440677966
1 0.7364864864864865 0.29152542372881357 0.023166023166023165 0.05423728813559322
1 0.749034749034749 0.36610169491525424 0.03667953667953668 0.0711864406779661
1 0.8267374517374517 0.39322033898305087 0.037644787644787646 0.0711864406779661
1 0.9078185328185329 0.42203389830508475 0.03957528957528957 0.08813559322033898
1 0.8465250965250966 0.3050847457627119 0.032818532818532815 0.06779661016949153
1 0.7837837837837838 0.3101694915254237 0.02702702702702703 0.0576271186440678
1 0.7736486486486487 0.23389830508474577 0.0222007722007722 0.05084745762711865
1 0.762065637065637 0.19661016949152543 0.01833976833976834 0.04745762711864407
1 0.7977799227799228 0.15423728813559323 0.016409266409266408 0.03728813559322034
1 0.8026061776061776 0.13305084745762713 0.01447876447876448 0.025423728813559324
1 0.8175675675675675 0.15423728813559323 0.017374517374517374 0.04067796610169491
1 0.8074324324324325 0.19576271186440677 0.02413127413127413 0.03898305084745763
1 0.8204633204633205 0.23135593220338982 0.021235521235521235 0.04915254237288136
1 0.8764478764478765 0.2652542372881356 0.025096525096525095 0.05254237288135593
1 0.8914092664092664 0.2271186440677966 0.02027027027027027 0.04745762711864407
1 0.9290540540540541 0.2093220338983051 0.02027027027027027 0.0423728813559322
1 0.9261583011583011 0.2771186440677966 0.02413127413127413 0.05254237288135593
1 0.918918918918919 0.3398305084745763 0.02702702702702703 0.06271186440677966