1 0.20015885623510724 0.39791666666666664 0.03653693407466243 0.07916666666666666
1 0.24225575853852263 0.2722222222222222 0.025416997617156472 0.044444444444444446
1 0.33876092136616365 0.21319444444444444 0.018268467037331215 0.0375
1 0.36854646544876885 0.23819444444444443 0.017474185861795076 0.0375
1 0.40270055599682286 0.19375 0.014297061159650517 0.034722222222222224
1 0.4837172359015091 0.19444444444444445 0.017474185861795076 0.041666666666666664
1 0.41501191421763306 0.22083333333333333 0.02779984114376489 0.05277777777777778
1 0.6469420174741859 0.21944444444444444 0.023034154090548053 0.05555555555555555
1 0.7017474185861795 0.23333333333333334 0.021445591739475776 0.05277777777777778
1 0.7505957108816521 0.19791666666666666 0.022239872915011914 0.04861111111111111
1 0.8073868149324861 0.35555555555555557 0.030976965845909452 0.075
1 0.8490865766481335 0.17222222222222222 0.019062748212867357 0.03888888888888889
1 0.8812549642573471 0.18888888888888888 0.016679904686258934 0.03611111111111111
1 0.8169181890389198 0.2152777777777778 0.021445591739475776 0.05
1 0.8661636219221605 0.21944444444444444 0.013502779984114376 0.03333333333333333
1 0.8383637807783956 0.30694444444444446 0.019857029388403495 0.05555555555555555
1 0.8840349483717236 0.32430555555555557 0.027005559968228753 0.05138888888888889
1 0.8947577442414615 0.3486111111111111 0.026211278792692614 0.06388888888888888