1 0.11375 0.4483333333333333 0.0725 0.11666666666666667
1 0.03125 0.425 0.0525 0.07666666666666666
1 0.265 0.41833333333333333 0.07 0.09
1 0.21875 0.35333333333333333 0.0375 0.06666666666666667
1 0.26625 0.3566666666666667 0.0425 0.06
1 0.35625 0.36 0.0575 0.08
1 0.33125 0.315 0.0375 0.05
1 0.1825 0.3616666666666667 0.04 0.06333333333333334
1 0.1375 0.36333333333333334 0.045 0.06666666666666667
1 0.08875 0.33166666666666667 0.0325 0.05
1 0.06625 0.26666666666666666 0.0325 0.03333333333333333
1 0.085 0.21666666666666667 0.025 0.03333333333333333
1 0.0325 0.31166666666666665 0.02 0.03666666666666667
1 0.06125 0.33 0.0275 0.04666666666666667
1 0.11375 0.30833333333333335 0.0225 0.043333333333333335
1 0.10625 0.28 0.0275 0.04
1 0.02375 0.26166666666666666 0.0325 0.03666666666666667
1 0.03625 0.215 0.0225 0.03
1 0.18875 0.2966666666666667 0.0275 0.04
1 0.15375 0.275 0.0225 0.03666666666666667
1 0.225 0.2683333333333333 0.025 0.03
1 0.245 0.205 0.02 0.03
1 0.27875 0.21 0.0175 0.02666666666666667
1 0.2775 0.28 0.025 0.04
1 0.2725 0.31 0.025 0.04666666666666667
1 0.3275 0.2733333333333333 0.03 0.04
1 0.3375 0.195 0.02 0.03666666666666667
1 0.32375 0.20666666666666667 0.0175 0.03333333333333333
1 0.37625 0.20666666666666667 0.0225 0.03333333333333333
1 0.40625 0.19333333333333333 0.0225 0.04
1 0.4425 0.3466666666666667 0.045 0.08
1 0.43125 0.30666666666666664 0.0275 0.04666666666666667
1 0.39875 0.30833333333333335 0.0325 0.05
1 0.395 0.2633333333333333 0.03 0.04666666666666667
1 0.4325 0.255 0.03 0.043333333333333335
1 0.45125 0.2633333333333333 0.0275 0.04
1 0.48125 0.2833333333333333 0.0275 0.04666666666666667
1 0.50875 0.32166666666666666 0.0375 0.07
1 0.51875 0.27 0.0275 0.04666666666666667
1 0.48375 0.185 0.0225 0.03666666666666667
1 0.44 0.20333333333333334 0.025 0.04
1 0.53875 0.245 0.0275 0.043333333333333335
1 0.5525 0.29 0.025 0.05333333333333334
1 0.54625 0.17833333333333334 0.0275 0.043333333333333335
1 0.58 0.20333333333333334 0.025 0.03333333333333333
1 0.605 0.20666666666666667 0.025 0.04
1 0.59 0.25333333333333335 0.035 0.04666666666666667
1 0.5875 0.30333333333333334 0.035 0.05333333333333334
1 0.6325 0.2833333333333333 0.04 0.05333333333333334
1 0.65125 0.2683333333333333 0.0325 0.056666666666666664
1 0.66625 0.24 0.0275 0.04
1 0.6475 0.175 0.025 0.03666666666666667
1 0.695 0.255 0.02 0.043333333333333335
1 0.7175 0.24 0.025 0.04
1 0.71625 0.18 0.0225 0.03333333333333333
1 0.7575 0.18166666666666667 0.025 0.03
1 0.5625 0.5966666666666667 0.105 0.16666666666666666
1 0.6925 0.48333333333333334 0.07 0.11333333333333333
1 0.74 0.5733333333333334 0.115 0.18666666666666668
1 0.80125 0.4683333333333333 0.0875 0.13
1 0.70375 0.4066666666666667 0.0925 0.09333333333333334
1 0.7525 0.34833333333333333 0.055 0.07666666666666666
1 0.8275 0.34833333333333333 0.045 0.09
1 0.8675 0.37333333333333335 0.07 0.1
1 0.915 0.36666666666666664 0.045 0.08
1 0.97875 0.5666666666666667 0.0425 0.16666666666666666
1 0.98 0.455 0.04 0.11666666666666667
1 0.92 0.30833333333333335 0.04 0.06333333333333334
1 0.95375 0.31 0.0325 0.06666666666666667
1 0.9675 0.275 0.035 0.056666666666666664
1 0.99 0.245 0.015 0.043333333333333335
1 0.97125 0.225 0.0225 0.043333333333333335
1 0.925 0.26 0.03 0.04
1 0.89125 0.2816666666666667 0.0325 0.06333333333333334
1 0.8525 0.275 0.035 0.06333333333333334
1 0.82375 0.19 0.0325 0.04666666666666667
1 0.88125 0.17666666666666667 0.0225 0.04
1 0.9375 0.18166666666666667 0.02 0.03666666666666667