1 0.246875 0.60375 0.04125 0.05583333333333333
1 0.271875 0.6275 0.04875 0.05333333333333334
1 0.319375 0.6625 0.065 0.115
1 0.3771875 0.6670833333333334 0.111875 0.1825
1 0.365 0.5791666666666667 0.03625 0.051666666666666666
1 0.41875 0.6033333333333334 0.045 0.065
1 0.5303125 0.46208333333333335 0.030625 0.0525
1 0.5484375 0.6045833333333334 0.066875 0.1025
1 0.620625 0.5970833333333333 0.055 0.08583333333333333
1 0.73 0.5216666666666666 0.02625 0.041666666666666664
1 0.8396875 0.7175 0.320625 0.5316666666666666