1 0.16 0.3416666666666667 0.075 0.10333333333333333
1 0.04875 0.4533333333333333 0.0375 0.04666666666666667
1 0.24375 0.5133333333333333 0.0475 0.08
1 0.29625 0.555 0.0675 0.09666666666666666
1 0.24875 0.445 0.0375 0.05
1 0.27 0.47333333333333333 0.03 0.04
1 0.2875 0.4216666666666667 0.03 0.043333333333333335
1 0.36375 0.44333333333333336 0.0475 0.08666666666666667
1 0.4 0.44 0.03 0.05333333333333334
1 0.40125 0.405 0.0275 0.03666666666666667
1 0.45375 0.4083333333333333 0.0325 0.05
1 0.4325 0.495 0.04 0.06333333333333334
1 0.48875 0.505 0.0425 0.07
1 0.55 0.44166666666666665 0.035 0.056666666666666664
1 0.50875 0.42 0.0275 0.04666666666666667
1 0.525 0.4066666666666667 0.02 0.04
1 0.48625 0.38333333333333336 0.0225 0.04
1 0.55625 0.375 0.0175 0.03666666666666667
1 0.57375 0.4033333333333333 0.0175 0.04
1 0.61375 0.37666666666666665 0.0275 0.04666666666666667
1 0.64 0.435 0.025 0.05
1 0.6125 0.46 0.04 0.06
1 0.66625 0.4033333333333333 0.0275 0.04666666666666667
1 0.7175 0.4266666666666667 0.03 0.04666666666666667
1 0.72625 0.39666666666666667 0.0225 0.04
1 0.70875 0.37333333333333335 0.0275 0.04666666666666667
1 0.78 0.3983333333333333 0.045 0.07
1 0.8375 0.39 0.04 0.06666666666666667
1 0.77 0.5083333333333333 0.065 0.09
1 0.77125 0.64 0.1025 0.16666666666666666
1 0.55625 0.6133333333333333 0.0825 0.12666666666666668
1 0.955 0.615 0.09 0.23666666666666666
1 0.9225 0.5266666666666666 0.06 0.11333333333333333
1 0.885 0.4766666666666667 0.055 0.08666666666666667
1 0.93625 0.44166666666666665 0.0425 0.07
1 0.9125 0.375 0.035 0.07