1 0.20097087378640777 0.3687392055267703 0.036893203883495145 0.07426597582037997
1 0.3092233009708738 0.2392055267702936 0.020388349514563107 0.039723661485319514
1 0.3213592233009709 0.2141623488773748 0.017475728155339806 0.027633851468048358
1 0.3504854368932039 0.18221070811744386 0.015533980582524271 0.03281519861830743
1 0.36262135922330097 0.19689119170984457 0.014563106796116505 0.03454231433506045
1 0.41019417475728154 0.22625215889464595 0.018446601941747572 0.03454231433506045
1 0.4320388349514563 0.18825561312607944 0.015533980582524271 0.027633851468048358
1 0.41262135922330095 0.17271157167530224 0.015533980582524271 0.03454231433506045
1 0.4538834951456311 0.192573402417962 0.01650485436893204 0.03626943005181347
1 0.46601941747572817 0.229706390328152 0.021359223300970873 0.037996545768566495
1 0.4519417475728155 0.15716753022452504 0.014563106796116505 0.031088082901554404
1 0.46893203883495144 0.14162348877374784 0.013592233009708738 0.031088082901554404
1 0.4762135922330097 0.16580310880829016 0.01650485436893204 0.027633851468048358
1 0.5033980582524272 0.16234887737478412 0.01650485436893204 0.031088082901554404
1 0.4970873786407767 0.14075993091537134 0.011650485436893204 0.02936096718480138
1 0.5092233009708738 0.14335060449050085 0.01262135922330097 0.031088082901554404
1 0.5475728155339806 0.18566493955094993 0.019417475728155338 0.039723661485319514
1 0.558252427184466 0.19689119170984457 0.017475728155339806 0.03454231433506045
1 0.5310679611650485 0.13471502590673576 0.011650485436893204 0.027633851468048358
1 0.5388349514563107 0.13989637305699482 0.011650485436893204 0.02072538860103627
1 0.5495145631067961 0.14680483592400692 0.011650485436893204 0.024179620034542316
1 0.5684466019417476 0.15457685664939552 0.01650485436893204 0.03281519861830743
1 0.5868932038834952 0.1848013816925734 0.018446601941747572 0.037996545768566495
1 0.591747572815534 0.153713298791019 0.01650485436893204 0.037996545768566495
1 0.591747572815534 0.12435233160621761 0.01262135922330097 0.031088082901554404
1 0.6004854368932039 0.13385146804835923 0.01262135922330097 0.02936096718480138
1 0.6131067961165049 0.11053540587219343 0.014563106796116505 0.031088082901554404
1 0.6310679611650486 0.14507772020725387 0.015533980582524271 0.03454231433506045
1 0.6378640776699029 0.1303972366148532 0.015533980582524271 0.02936096718480138
1 0.6669902912621359 0.13212435233160622 0.009708737864077669 0.02936096718480138
1 0.6737864077669903 0.12176165803108809 0.011650485436893204 0.025906735751295335
1 0.6873786407766991 0.13126079447322972 0.009708737864077669 0.024179620034542316
1 0.7009708737864078 0.1303972366148532 0.013592233009708738 0.022452504317789293
1 0.4912621359223301 0.32728842832469773 0.031067961165048542 0.05699481865284974
1 0.5645631067961165 0.3238341968911917 0.02815533980582524 0.06390328151986183
1 0.5927184466019417 0.3169257340241796 0.03203883495145631 0.06390328151986183
1 0.5820388349514564 0.26770293609671847 0.024271844660194174 0.05181347150259067
1 0.6262135922330098 0.23661485319516407 0.021359223300970873 0.04835924006908463
1 0.633495145631068 0.18566493955094993 0.01650485436893204 0.02936096718480138
1 0.6475728155339806 0.266839378238342 0.02330097087378641 0.04317789291882556
1 0.6509708737864077 0.16407599309153714 0.01650485436893204 0.031088082901554404
1 0.6689320388349514 0.19516407599309155 0.021359223300970873 0.04145077720207254
1 0.6796116504854369 0.22279792746113988 0.019417475728155338 0.04145077720207254
1 0.6674757281553398 0.3169257340241796 0.020388349514563107 0.04317789291882556
1 0.6985436893203884 0.3229706390328152 0.030097087378640777 0.0690846286701209
1 0.7276699029126213 0.23834196891191708 0.02233009708737864 0.04145077720207254
1 0.7106796116504854 0.18307426597582038 0.017475728155339806 0.03454231433506045
1 0.737378640776699 0.18998272884283246 0.018446601941747572 0.04145077720207254
1 0.7558252427184466 0.16407599309153714 0.014563106796116505 0.03454231433506045
1 0.7684466019417475 0.19343696027633853 0.018446601941747572 0.04145077720207254
1 0.753883495145631 0.09153713298791019 0.014563106796116505 0.03454231433506045
1 0.7951456310679612 0.19084628670120898 0.017475728155339806 0.03626943005181347
1 0.7757281553398059 0.1692573402417962 0.013592233009708738 0.03454231433506045
1 0.7441747572815534 0.16321243523316062 0.014563106796116505 0.02936096718480138
1 0.8038834951456311 0.21848013816925735 0.015533980582524271 0.039723661485319514
1 0.8184466019417476 0.25215889464594127 0.021359223300970873 0.044905008635578586
1 0.7820388349514563 0.30569948186528495 0.02621359223300971 0.055267702936096716
1 0.8014563106796116 0.37219343696027635 0.03203883495145631 0.07772020725388601
1 0.8529126213592233 0.3756476683937824 0.02815533980582524 0.0535405872193437
1 0.903883495145631 0.4283246977547496 0.03300970873786408 0.0690846286701209
1 0.8281553398058252 0.22625215889464595 0.019417475728155338 0.037996545768566495
1 0.8184466019417476 0.20293609671848015 0.013592233009708738 0.03626943005181347
1 0.8286407766990291 0.18652849740932642 0.01262135922330097 0.027633851468048358
1 0.8485436893203884 0.19948186528497408 0.019417475728155338 0.039723661485319514
1 0.8694174757281553 0.22107081174438686 0.020388349514563107 0.04145077720207254
1 0.8679611650485437 0.1848013816925734 0.015533980582524271 0.027633851468048358
1 0.8776699029126214 0.17443868739205526 0.011650485436893204 0.024179620034542316
1 0.8742718446601941 0.15544041450777202 0.010679611650485437 0.02072538860103627
1 0.8815533980582524 0.20639032815198619 0.015533980582524271 0.03281519861830743
1 0.8893203883495145 0.24006908462867013 0.017475728155339806 0.04835924006908463
1 0.8674757281553398 0.2858376511226252 0.02621359223300971 0.05699481865284974
1 0.9179611650485436 0.3376511226252159 0.02233009708737864 0.039723661485319514
1 0.925242718446602 0.2547495682210708 0.019417475728155338 0.039723661485319514
1 0.9393203883495146 0.22107081174438686 0.01262135922330097 0.031088082901554404
1 0.9412621359223301 0.19343696027633853 0.01262135922330097 0.027633851468048358
1 0.920388349514563 0.18048359240069084 0.013592233009708738 0.03281519861830743