1 0.7667560321715817 0.32304038004750596 0.045576407506702415 0.08076009501187649
1 0.3250670241286863 0.21971496437054633 0.01742627345844504 0.026128266033254157
1 0.37332439678284185 0.20546318289786222 0.01742627345844504 0.030878859857482184
1 0.3773458445040214 0.1828978622327791 0.01742627345844504 0.0332541567695962
1 0.4148793565683646 0.18171021377672208 0.020107238605898123 0.030878859857482184
1 0.4390080428954424 0.1828978622327791 0.01742627345844504 0.028503562945368172
1 0.4436997319034853 0.16152019002375298 0.0160857908847185 0.028503562945368172
1 0.4390080428954424 0.14726840855106887 0.01742627345844504 0.023752969121140142
1 0.4671581769436997 0.22327790973871733 0.022788203753351208 0.047505938242280284
1 0.47319034852546915 0.171021377672209 0.0160857908847185 0.0332541567695962
1 0.47520107238605896 0.1377672209026128 0.012064343163538873 0.023752969121140142
1 0.5 0.14370546318289787 0.0160857908847185 0.026128266033254157
1 0.4973190348525469 0.18171021377672208 0.01876675603217158 0.040380047505938245
1 0.5053619302949062 0.19596199524940616 0.0160857908847185 0.040380047505938245
1 0.5040214477211796 0.12707838479809977 0.010723860589812333 0.026128266033254157
1 0.5328418230563002 0.13064133016627077 0.012064343163538873 0.023752969121140142
1 0.5281501340482574 0.17220902612826602 0.0160857908847185 0.030878859857482184
1 0.5073726541554959 0.167458432304038 0.014745308310991957 0.030878859857482184
1 0.5449061662198391 0.18883610451306412 0.01742627345844504 0.030878859857482184
1 0.5589812332439679 0.19477434679334918 0.01876675603217158 0.04275534441805225
1 0.5770777479892761 0.24228028503562946 0.028150134048257374 0.06175771971496437
1 0.5824396782841823 0.19002375296912113 0.014745308310991957 0.0332541567695962
1 0.542225201072386 0.15558194774346792 0.01742627345844504 0.035629453681710214
1 0.5563002680965148 0.12114014251781473 0.013404825737265416 0.028503562945368172
1 0.5710455764075067 0.14251781472684086 0.010723860589812333 0.028503562945368172
1 0.5804289544235925 0.14845605700712589 0.013404825737265416 0.030878859857482184
1 0.5851206434316354 0.13064133016627077 0.014745308310991957 0.0332541567695962
1 0.5985254691689008 0.14251781472684086 0.01742627345844504 0.0332541567695962
1 0.6152815013404825 0.11163895486935867 0.013404825737265416 0.023752969121140142
1 0.6306970509383378 0.13539192399049882 0.012064343163538873 0.023752969121140142
1 0.6253351206434317 0.1543942992874109 0.014745308310991957 0.023752969121140142
1 0.6233243967828418 0.17339667458432304 0.0160857908847185 0.03800475059382423
1 0.5945040214477212 0.17220902612826602 0.014745308310991957 0.026128266033254157
1 0.6226541554959786 0.2173396674584323 0.020107238605898123 0.040380047505938245
1 0.6588471849865952 0.19714964370546317 0.020107238605898123 0.04275534441805225
1 0.6682305630026809 0.2327790973871734 0.022788203753351208 0.047505938242280284
1 0.6615281501340483 0.12470308788598575 0.00938337801608579 0.021377672209026127
1 0.6689008042895442 0.14133016627078385 0.013404825737265416 0.026128266033254157
1 0.67828418230563 0.11520190023752969 0.010723860589812333 0.030878859857482184
1 0.6869973190348525 0.1496437054631829 0.014745308310991957 0.023752969121140142
1 0.7064343163538874 0.12470308788598575 0.013404825737265416 0.030878859857482184
1 0.6977211796246648 0.18171021377672208 0.014745308310991957 0.030878859857482184
1 0.6983914209115282 0.24703087885985747 0.02680965147453083 0.04275534441805225
1 0.7151474530831099 0.19596199524940616 0.01742627345844504 0.040380047505938245
1 0.7265415549597856 0.1496437054631829 0.0160857908847185 0.0332541567695962
1 0.7439678284182306 0.15320665083135393 0.013404825737265416 0.030878859857482184
1 0.764745308310992 0.14251781472684086 0.014745308310991957 0.028503562945368172
1 0.782171581769437 0.1543942992874109 0.014745308310991957 0.0332541567695962
1 0.7982573726541555 0.14370546318289787 0.012064343163538873 0.026128266033254157
1 0.8337801608579088 0.1377672209026128 0.0160857908847185 0.028503562945368172
1 0.8558981233243967 0.14489311163895488 0.012064343163538873 0.0332541567695962
1 0.8753351206434317 0.16033254156769597 0.013404825737265416 0.030878859857482184
1 0.8130026809651475 0.16508313539192399 0.014745308310991957 0.030878859857482184
1 0.7935656836461126 0.17220902612826602 0.0160857908847185 0.030878859857482184
1 0.7721179624664879 0.19002375296912113 0.01876675603217158 0.0332541567695962
1 0.739946380697051 0.18052256532066507 0.01876675603217158 0.0332541567695962
1 0.8022788203753352 0.21140142517814728 0.01742627345844504 0.03800475059382423
1 0.8136729222520107 0.20546318289786222 0.0160857908847185 0.040380047505938245
1 0.8384718498659517 0.1840855106888361 0.014745308310991957 0.035629453681710214
1 0.8585790884718498 0.21140142517814728 0.014745308310991957 0.03800475059382423
1 0.8867292225201072 0.2375296912114014 0.01742627345844504 0.03800475059382423
1 0.8827077747989276 0.2755344418052256 0.020107238605898123 0.047505938242280284
1 0.9148793565683646 0.25653206650831356 0.020107238605898123 0.047505938242280284
1 0.9222520107238605 0.1828978622327791 0.0160857908847185 0.0332541567695962
1 0.9396782841823056 0.19358669833729217 0.013404825737265416 0.035629453681710214
1 0.9390080428954424 0.23159144893111638 0.01742627345844504 0.04513064133016627
1 0.9524128686327078 0.18171021377672208 0.014745308310991957 0.035629453681710214