1 0.11409127301841474 0.5214626391096979 0.05204163330664532 0.10492845786963434
1 0.22898318654923938 0.2559618441971383 0.017614091273018415 0.05087440381558029
1 0.2397918334667734 0.2591414944356121 0.024819855884707767 0.04769475357710652
1 0.28422738190552443 0.2289348171701113 0.01921537229783827 0.04769475357710652
1 0.31265012009607684 0.2273449920508744 0.020016012810248198 0.05087440381558029
1 0.3166533226581265 0.20349761526232116 0.021617293835068056 0.04451510333863275
1 0.34147317854283427 0.2138314785373609 0.020016012810248198 0.03656597774244833
1 0.35508406725380304 0.20031796502384738 0.016813450760608487 0.04133545310015898
1 0.37069655724579664 0.1931637519872814 0.017614091273018415 0.0397456279809221
1 0.37710168134507605 0.2543720190779014 0.02241793434747798 0.05405405405405406
1 0.4099279423538831 0.2289348171701113 0.020816653322658127 0.03815580286168521
1 0.4267413931144916 0.17329093799682035 0.016012810248198558 0.034976152623211444
1 0.4347477982385909 0.16057233704292528 0.014411529223378704 0.04133545310015898
1 0.44395516413130504 0.18124006359300476 0.018414731785428344 0.04451510333863275
1 0.4419535628502802 0.2933227344992051 0.025620496397117692 0.05564387917329094
1 0.47918334667734186 0.22972972972972974 0.021617293835068056 0.046104928457869634
1 0.4623698959167334 0.15580286168521462 0.016813450760608487 0.034976152623211444
1 0.48278622898318657 0.16136724960254373 0.016012810248198558 0.04292527821939587
1 0.500400320256205 0.14546899841017488 0.014411529223378704 0.033386327503974564
1 0.5056044835868695 0.19634340222575516 0.018414731785428344 0.046104928457869634
1 0.5244195356285029 0.1478537360890302 0.017614091273018415 0.03815580286168521
1 0.5624499599679744 0.13354531001589826 0.016813450760608487 0.03815580286168521
1 0.567253803042434 0.14467408585055644 0.018414731785428344 0.03815580286168521
1 0.5360288230584468 0.22416534181240064 0.020016012810248198 0.03815580286168521
1 0.5820656525220176 0.12957074721780604 0.017614091273018415 0.03656597774244833
1 0.6016813450760609 0.12241653418124006 0.01521216973578863 0.03179650238473768
1 0.6128903122497998 0.14626391096979333 0.018414731785428344 0.034976152623211444
1 0.5868694955964772 0.1907790143084261 0.016012810248198558 0.04451510333863275
1 0.588871096877502 0.16136724960254373 0.020016012810248198 0.03656597774244833
1 0.6136909527622098 0.20270270270270271 0.020016012810248198 0.0397456279809221
1 0.6200960768614892 0.17170111287758347 0.01521216973578863 0.03815580286168521
1 0.6433146517213771 0.1232114467408585 0.01521216973578863 0.033386327503974564
1 0.655724579663731 0.1422893481717011 0.014411529223378704 0.0397456279809221
1 0.6693354683746997 0.12162162162162163 0.014411529223378704 0.033386327503974564
1 0.6657325860688551 0.1740858505564388 0.013610888710968775 0.033386327503974564
1 0.6741393114491593 0.21701112877583467 0.02241793434747798 0.04292527821939587
1 0.622097678142514 0.2655007949125596 0.025620496397117692 0.05405405405405406
1 0.5864691753402722 0.3179650238473768 0.02802241793434748 0.06041335453100159
1 0.6156925540432346 0.35294117647058826 0.02722177742193755 0.06041335453100159
1 0.66693354683747 0.3783783783783784 0.028823058446757407 0.05405405405405406
1 0.6977582065652522 0.1343402225755167 0.016813450760608487 0.03656597774244833
1 0.6957566052842273 0.1478537360890302 0.016012810248198558 0.03815580286168521
1 0.7237790232185749 0.151033386327504 0.01921537229783827 0.04133545310015898
1 0.6945556445156125 0.2066772655007949 0.02321857485988791 0.04133545310015898
1 0.7381905524419535 0.19634340222575516 0.016012810248198558 0.04292527821939587
1 0.7570056044835869 0.18680445151033387 0.01521216973578863 0.033386327503974564
1 0.7806244995996797 0.1740858505564388 0.016012810248198558 0.033386327503974564
1 0.7850280224179343 0.19554848966613672 0.016813450760608487 0.04133545310015898
1 0.8158526821457166 0.1836248012718601 0.016012810248198558 0.0397456279809221
1 0.8366693354683747 0.20349761526232116 0.017614091273018415 0.04133545310015898
1 0.8234587670136109 0.21303656597774245 0.016813450760608487 0.03815580286168521
1 0.8034427542033626 0.2313195548489666 0.018414731785428344 0.0492845786963434
1 0.8078462770216173 0.29650238473767887 0.025620496397117692 0.06200317965023847
1 0.7493995196156925 0.22019077901430842 0.01921537229783827 0.04292527821939587
1 0.7610088070456366 0.27821939586645467 0.02321857485988791 0.04769475357710652
1 0.72337870296237 0.26629570747217807 0.02642113690952762 0.05564387917329094
1 0.8738991192954364 0.2217806041335453 0.013610888710968775 0.0397456279809221
1 0.9095276220976781 0.21542130365659778 0.017614091273018415 0.0397456279809221
1 0.9083266613290633 0.246422893481717 0.016813450760608487 0.034976152623211444
1 0.8963170536429144 0.2670906200317965 0.016813450760608487 0.04451510333863275
1 0.8815052041633307 0.2790143084260731 0.017614091273018415 0.046104928457869634
1 0.8738991192954364 0.3203497615262321 0.02321857485988791 0.05246422893481717
1 0.9343474779823859 0.31319554848966613 0.017614091273018415 0.05405405405405406
1 0.9355484387510008 0.2527821939586645 0.013610888710968775 0.03815580286168521
1 0.9603682946357086 0.23529411764705882 0.016813450760608487 0.03815580286168521
1 0.9875900720576462 0.24880763116057233 0.013610888710968775 0.0397456279809221
1 0.978382706164932 0.2933227344992051 0.016012810248198558 0.0492845786963434
1 0.9823859087269816 0.2861685214626391 0.012810248198558846 0.04133545310015898
1 0.9807846277021617 0.3465818759936407 0.01921537229783827 0.05405405405405406
1 0.9583666933546837 0.36486486486486486 0.02401921537229784 0.058823529411764705
1 0.955564451561249 0.4236883942766296 0.02321857485988791 0.07472178060413355
1 0.8943154523618895 0.3783783783783784 0.02401921537229784 0.07313195548489666
1 0.8698959167333867 0.4864864864864865 0.03122497998398719 0.0794912559618442
1 0.7990392313851081 0.4395866454689984 0.03042433947157726 0.08426073131955485
1 0.7273819055244195 0.3887122416534181 0.029623698959167333 0.06836248012718601