1 0.04941176470588235 0.6360424028268551 0.08 0.13427561837455831
1 0.05176470588235294 0.5353356890459364 0.06588235294117648 0.09540636042402827
1 0.10588235294117647 0.5918727915194346 0.0611764705882353 0.09540636042402827
1 0.19411764705882353 0.5300353356890459 0.06823529411764706 0.0989399293286219
1 0.26705882352941174 0.6325088339222615 0.07294117647058823 0.12014134275618374
1 0.2611764705882353 0.5600706713780919 0.06588235294117648 0.09540636042402827
1 0.42 0.3745583038869258 0.04941176470588235 0.08480565371024736
1 0.3623529411764706 0.7314487632508834 0.09411764705882353 0.1625441696113074
1 0.42470588235294116 0.5971731448763251 0.07294117647058823 0.12014134275618374
1 0.5047058823529412 0.6749116607773852 0.07294117647058823 0.12014134275618374
1 0.6270588235294118 0.6395759717314488 0.06352941176470588 0.0989399293286219
1 0.8529411764705882 0.5706713780918727 0.07764705882352942 0.12367491166077739