1 0.08953033268101761 0.2810344827586207 0.022504892367906065 0.05172413793103448
1 0.2837573385518591 0.23103448275862068 0.019569471624266144 0.03793103448275862
1 0.29549902152641877 0.23275862068965517 0.015655577299412915 0.034482758620689655
1 0.3336594911937378 0.1896551724137931 0.015655577299412915 0.034482758620689655
1 0.3561643835616438 0.19310344827586207 0.015655577299412915 0.034482758620689655
1 0.35909980430528377 0.23017241379310344 0.019569471624266144 0.039655172413793106
1 0.37915851272015655 0.23793103448275862 0.018590998043052837 0.03793103448275862
1 0.386986301369863 0.17758620689655172 0.012720156555772993 0.03103448275862069
1 0.40655577299412915 0.1724137931034483 0.012720156555772993 0.027586206896551724
1 0.38111545988258316 0.21120689655172414 0.014677103718199608 0.029310344827586206
1 0.41291585127201563 0.24310344827586206 0.01761252446183953 0.03793103448275862
1 0.42710371819960863 0.20344827586206896 0.016634050880626222 0.041379310344827586
1 0.42661448140900193 0.17586206896551723 0.0136986301369863 0.03103448275862069
1 0.44422700587084146 0.16810344827586207 0.0136986301369863 0.029310344827586206
1 0.4603718199608611 0.21465517241379312 0.018590998043052837 0.03620689655172414
1 0.44960861056751467 0.2525862068965517 0.018590998043052837 0.03620689655172414
1 0.4892367906066536 0.15517241379310345 0.011741682974559686 0.03103448275862069
1 0.5 0.15948275862068967 0.0136986301369863 0.02586206896551724
1 0.5044031311154599 0.18879310344827585 0.016634050880626222 0.03620689655172414
1 0.5068493150684932 0.1336206896551724 0.011741682974559686 0.022413793103448276
1 0.5220156555772995 0.14655172413793102 0.016634050880626222 0.03103448275862069
1 0.5288649706457925 0.18620689655172415 0.018590998043052837 0.03103448275862069
1 0.5420743639921722 0.1629310344827586 0.0136986301369863 0.029310344827586206
1 0.5528375733855186 0.13275862068965516 0.011741682974559686 0.02413793103448276
1 0.5543052837573386 0.1482758620689655 0.016634050880626222 0.027586206896551724
1 0.5611545988258317 0.18879310344827585 0.016634050880626222 0.03620689655172414
1 0.5709393346379648 0.16551724137931034 0.014677103718199608 0.034482758620689655
1 0.5787671232876712 0.14396551724137932 0.012720156555772993 0.029310344827586206
1 0.5963796477495108 0.1413793103448276 0.012720156555772993 0.02413793103448276
1 0.6012720156555773 0.16120689655172413 0.016634050880626222 0.029310344827586206
1 0.6090998043052838 0.16724137931034483 0.016634050880626222 0.03103448275862069
1 0.5968688845401174 0.23103448275862068 0.019569471624266144 0.04827586206896552
1 0.6276908023483366 0.21379310344827587 0.018590998043052837 0.041379310344827586
1 0.6379647749510763 0.2543103448275862 0.021526418786692758 0.04655172413793104
1 0.673679060665362 0.18620689655172415 0.014677103718199608 0.034482758620689655
1 0.6467710371819961 0.16034482758620688 0.0136986301369863 0.02413793103448276
1 0.6276908023483366 0.1413793103448276 0.012720156555772993 0.027586206896551724
1 0.6179060665362035 0.12758620689655173 0.012720156555772993 0.020689655172413793
1 0.6120352250489237 0.12844827586206897 0.014677103718199608 0.02586206896551724
1 0.6448140900195695 0.12758620689655173 0.0136986301369863 0.03103448275862069
1 0.6614481409001957 0.11379310344827587 0.011741682974559686 0.02413793103448276
1 0.6668297455968689 0.13189655172413794 0.012720156555772993 0.029310344827586206
1 0.6844422700587084 0.13793103448275862 0.012720156555772993 0.027586206896551724
1 0.6898238747553816 0.11724137931034483 0.011741682974559686 0.02413793103448276
1 0.7098825831702544 0.11724137931034483 0.010763209393346379 0.02413793103448276
1 0.7832681017612525 0.13448275862068965 0.010763209393346379 0.02413793103448276
1 0.7382583170254403 0.1543103448275862 0.012720156555772993 0.032758620689655175
1 0.7407045009784736 0.17844827586206896 0.01761252446183953 0.03620689655172414
1 0.7201565557729941 0.1896551724137931 0.0136986301369863 0.034482758620689655
1 0.7064579256360078 0.18448275862068966 0.015655577299412915 0.03103448275862069
1 0.684931506849315 0.22758620689655173 0.019569471624266144 0.03793103448275862
1 0.6947162426614482 0.25948275862068965 0.021526418786692758 0.04655172413793104
1 0.6976516634050881 0.3086206896551724 0.025440313111545987 0.06896551724137931
1 0.7377690802348337 0.24051724137931035 0.01761252446183953 0.04310344827586207
1 0.7710371819960861 0.24655172413793103 0.01761252446183953 0.04482758620689655
1 0.7954990215264188 0.21810344827586206 0.015655577299412915 0.039655172413793106
1 0.7989236790606654 0.17413793103448275 0.012720156555772993 0.034482758620689655
1 0.8057729941291585 0.14224137931034483 0.010763209393346379 0.032758620689655175
1 0.8356164383561644 0.14310344827586208 0.011741682974559686 0.03103448275862069
1 0.8356164383561644 0.17758620689655172 0.0136986301369863 0.034482758620689655
1 0.8571428571428571 0.1629310344827586 0.011741682974559686 0.03620689655172414
1 0.87720156555773 0.16982758620689656 0.014677103718199608 0.032758620689655175
1 0.8688845401174168 0.1956896551724138 0.015655577299412915 0.032758620689655175
1 0.9158512720156555 0.15517241379310345 0.011741682974559686 0.03103448275862069
1 0.9060665362035225 0.18275862068965518 0.015655577299412915 0.03793103448275862
1 0.9535225048923679 0.19913793103448277 0.010763209393346379 0.032758620689655175
1 0.9363992172211351 0.2120689655172414 0.015655577299412915 0.027586206896551724
1 0.9471624266144814 0.22586206896551725 0.0136986301369863 0.03103448275862069
1 0.925146771037182 0.25775862068965516 0.016634050880626222 0.039655172413793106
1 0.9178082191780822 0.3310344827586207 0.021526418786692758 0.05517241379310345
1 0.8889432485322897 0.23103448275862068 0.016634050880626222 0.03793103448275862
1 0.8967710371819961 0.2103448275862069 0.018590998043052837 0.03103448275862069
1 0.8581213307240705 0.22413793103448276 0.0136986301369863 0.034482758620689655
1 0.8439334637964775 0.22413793103448276 0.016634050880626222 0.034482758620689655
1 0.8209393346379648 0.20689655172413793 0.015655577299412915 0.03103448275862069
1 0.824853228962818 0.26982758620689656 0.01761252446183953 0.056896551724137934
1 0.7950097847358122 0.2982758620689655 0.022504892367906065 0.05517241379310345
1 0.7504892367906066 0.38275862068965516 0.025440313111545987 0.06551724137931035
1 0.7632093933463796 0.1413793103448276 0.0136986301369863 0.034482758620689655
1 0.7568493150684932 0.19913793103448277 0.018590998043052837 0.03620689655172414
1 0.6585127201565558 0.14741379310344827 0.0136986301369863 0.02586206896551724
1 0.33806262230919765 0.22758620689655173 0.014677103718199608 0.03103448275862069
1 0.45596868884540115 0.1956896551724138 0.0136986301369863 0.029310344827586206