1 0.18534906588003933 0.31989708404802747 0.03048180924287119 0.05317324185248713
1 0.2055063913470993 0.37735849056603776 0.03146509341199607 0.06518010291595197
1 0.26007866273353 0.28387650085763294 0.028515240904621434 0.05660377358490566
1 0.27384464110127826 0.22469982847341338 0.024582104228121928 0.048027444253859346
1 0.30432645034414946 0.24271012006861065 0.02064896755162242 0.03945111492281304
1 0.3176007866273353 0.2555746140651801 0.021632251720747297 0.048027444253859346
1 0.3357915437561455 0.30017152658662094 0.0344149459193707 0.07547169811320754
1 0.3176007866273353 0.3319039451114923 0.03146509341199607 0.04974271012006861
1 0.3505408062930187 0.41509433962264153 0.04424778761061947 0.0823327615780446
1 0.3584070796460177 0.3687821612349914 0.04228121927236971 0.06518010291595197
1 0.3584070796460177 0.24099485420240138 0.03048180924287119 0.0634648370497427
1 0.4552605703048181 0.2469982847341338 0.029498525073746312 0.06518010291595197
1 0.4532940019665683 0.2109777015437393 0.035398230088495575 0.048027444253859346
1 0.5467059980334317 0.2890222984562607 0.043264503441494594 0.08061749571183534