1 0.1527777777777778 0.6812789351851852 0.08487654320987655 0.10445601851851852
1 0.1111111111111111 0.5701678240740741 0.04822530864197531 0.07841435185185185
1 0.16165123456790123 0.5876736111111112 0.05169753086419753 0.07465277777777778
1 0.25202546296296297 0.546875 0.03530092592592592 0.059027777777777776
1 0.34847608024691357 0.5535300925925926 0.04610339506172839 0.0763888888888889
1 0.39525462962962965 0.5762442129629629 0.047453703703703706 0.08883101851851852
1 0.5199652777777778 0.6501736111111112 0.07928240740740741 0.11284722222222222
1 0.5141782407407407 0.5638020833333334 0.03993055555555555 0.07436342592592593
1 0.5992476851851852 0.5520833333333334 0.03375771604938271 0.0630787037037037
1 0.6453510802469136 0.6316550925925926 0.057291666666666664 0.10011574074074074
1 0.6405285493827161 0.5892650462962963 0.050347222222222224 0.0876736111111111
1 0.6745756172839507 0.5716145833333334 0.028935185185185185 0.07146990740740741
1 0.7087191358024691 0.5422453703703703 0.030864197530864196 0.04976851851851852
1 0.7969714506172839 0.5308159722222222 0.026813271604938273 0.04542824074074074
1 0.8058449074074074 0.5690104166666666 0.03375771604938271 0.06394675925925926
1 0.8292824074074074 0.5665509259259259 0.02700617283950617 0.056712962962962965
1 0.8523341049382716 0.5633680555555556 0.042631172839506175 0.08969907407407407
1 0.9182098765432098 0.58203125 0.048996913580246916 0.08998842592592593
1 0.9326774691358025 0.7323495370370371 0.08603395061728394 0.14467592592592593
1 0.9937307098765432 0.5386284722222222 0.01253858024691358 0.03616898148148148