1 0.21688574317492418 0.36101083032490977 0.05156723963599596 0.09747292418772563
1 0.28412537917087965 0.22202166064981949 0.020222446916076844 0.039711191335740074
1 0.3038422649140546 0.22382671480144403 0.019211324570273004 0.04693140794223827
1 0.3230535894843276 0.22563176895306858 0.021233569261880688 0.04332129963898917
1 0.34580384226491406 0.2536101083032491 0.020222446916076844 0.03790613718411552
1 0.3822042467138524 0.24458483754512636 0.022244691607684528 0.04512635379061372
1 0.4196157735085945 0.22382671480144403 0.024266936299292215 0.04332129963898917
1 0.3442871587462083 0.1723826714801444 0.015166835187057633 0.030685920577617327
1 0.34226491405460063 0.20577617328519857 0.021233569261880688 0.032490974729241874
1 0.37158746208291205 0.19133574007220217 0.01314459049544995 0.036101083032490974
1 0.3872598584428716 0.20126353790613719 0.01820020222446916 0.03790613718411552
1 0.41001011122345804 0.20848375451263537 0.017189079878665317 0.03429602888086643
1 0.4418604651162791 0.22021660649819494 0.01820020222446916 0.039711191335740074
1 0.4878665318503539 0.213898916967509 0.023255813953488372 0.03790613718411552
1 0.4201213346814965 0.16967509025270758 0.019211324570273004 0.036101083032490974
1 0.42163801820020225 0.13357400722021662 0.014155712841253791 0.032490974729241874
1 0.44742163801820023 0.16606498194945848 0.017189079878665317 0.032490974729241874
1 0.4752275025278059 0.1796028880866426 0.01820020222446916 0.030685920577617327
1 0.47674418604651164 0.14711191335740073 0.015166835187057633 0.02707581227436823
1 0.46461071789686553 0.13898916967509026 0.01314459049544995 0.02888086642599278
1 0.49443882709807885 0.15703971119133575 0.016177957532861477 0.032490974729241874
1 0.48988877654196156 0.13086642599277978 0.011122345803842264 0.023465703971119134
1 0.5040444893832153 0.12184115523465704 0.01314459049544995 0.02707581227436823
1 0.5212335692618807 0.12815884476534295 0.015166835187057633 0.02888086642599278
1 0.5227502527805864 0.15433212996389892 0.014155712841253791 0.030685920577617327
1 0.5070778564206269 0.194043321299639 0.019211324570273004 0.03429602888086643
1 0.538422649140546 0.19945848375451264 0.023255813953488372 0.03790613718411552
1 0.5490394337714863 0.15974729241877256 0.020222446916076844 0.03429602888086643
1 0.5429726996966633 0.12815884476534295 0.014155712841253791 0.02888086642599278
1 0.582912032355915 0.16335740072202165 0.019211324570273004 0.03790613718411552
1 0.5707785642062689 0.12274368231046931 0.01314459049544995 0.02888086642599278
1 0.5773508594539939 0.11281588447653429 0.012133468149646108 0.03429602888086643
1 0.5950455005055612 0.1272563176895307 0.01314459049544995 0.030685920577617327
1 0.6051567239635995 0.11371841155234658 0.01314459049544995 0.032490974729241874
1 0.621840242669363 0.1444043321299639 0.016177957532861477 0.02888086642599278
1 0.6223458038422649 0.12454873646209386 0.01314459049544995 0.02527075812274368
1 0.6263902932254802 0.1092057761732852 0.015166835187057633 0.030685920577617327
1 0.6582406471183013 0.11281588447653429 0.012133468149646108 0.02707581227436823
1 0.6653185035389282 0.10198555956678701 0.014155712841253791 0.023465703971119134
1 0.6688574317492416 0.13267148014440433 0.01314459049544995 0.02707581227436823
1 0.6880687563195147 0.11913357400722022 0.01314459049544995 0.02527075812274368
1 0.6966632962588474 0.10018050541516245 0.012133468149646108 0.023465703971119134
1 0.7098078867542973 0.10469314079422383 0.014155712841253791 0.02888086642599278
1 0.4914054600606673 0.2779783393501805 0.028311425682507583 0.061371841155234655
1 0.5419615773508595 0.2806859205776173 0.030333670374115267 0.06678700361010831
1 0.5808897876643074 0.22111913357400723 0.023255813953488372 0.048736462093862815
1 0.6016177957532861 0.3312274368231047 0.030333670374115267 0.0703971119133574
1 0.621840242669363 0.2518050541516246 0.024266936299292215 0.05595667870036101
1 0.6198179979777553 0.21209386281588447 0.01820020222446916 0.03429602888086643
1 0.6698685540950455 0.1796028880866426 0.017189079878665317 0.04151624548736462
1 0.6708796764408493 0.24819494584837545 0.027300303336703743 0.052346570397111915
1 0.6971688574317493 0.30595667870036103 0.029322548028311426 0.05956678700361011
1 0.7275025278058646 0.2897111913357401 0.023255813953488372 0.0631768953068592
1 0.7512639029322548 0.3628158844765343 0.032355915065722954 0.07220216606498195
1 0.7017189079878665 0.18862815884476533 0.01820020222446916 0.03790613718411552
1 0.69211324570273 0.16877256317689532 0.01314459049544995 0.030685920577617327
1 0.7264914054600606 0.15072202166064982 0.017189079878665317 0.03790613718411552
1 0.7391304347826086 0.15613718411552346 0.016177957532861477 0.03790613718411552
1 0.743680485338726 0.13086642599277978 0.015166835187057633 0.030685920577617327
1 0.7613751263902933 0.15162454873646208 0.014155712841253791 0.036101083032490974
1 0.7684529828109201 0.14169675090252706 0.016177957532861477 0.030685920577617327
1 0.7917087967644085 0.15433212996389892 0.01820020222446916 0.04151624548736462
1 0.7558139534883721 0.18592057761732853 0.017189079878665317 0.036101083032490974
1 0.7219413549039434 0.21750902527075813 0.022244691607684528 0.04151624548736462
1 0.7639029322548029 0.2292418772563177 0.021233569261880688 0.04332129963898917
1 0.7901921132457027 0.2283393501805054 0.021233569261880688 0.04151624548736462
1 0.8159757330637007 0.2572202166064982 0.022244691607684528 0.05956678700361011
1 0.7861476238624874 0.2996389891696751 0.025278058645096056 0.05776173285198556
1 0.8321536905965622 0.3285198555956679 0.030333670374115267 0.06498194945848375
1 0.813953488372093 0.41155234657039713 0.034378159757330634 0.07942238267148015
1 0.8953488372093024 0.44223826714801445 0.03741152679474216 0.09025270758122744
1 0.917087967644085 0.3456678700361011 0.030333670374115267 0.0703971119133574
1 0.8710819009100101 0.2527075812274368 0.021233569261880688 0.05054151624548736
1 0.8872598584428716 0.2283393501805054 0.021233569261880688 0.048736462093862815
1 0.9186046511627907 0.2779783393501805 0.023255813953488372 0.05776173285198556
1 0.9499494438827099 0.21209386281588447 0.017189079878665317 0.04512635379061372