1 0.031828703703703706 0.48842592592592593 0.061342592592592594 0.11574074074074074
1 0.08410493827160494 0.48726851851851855 0.05555555555555555 0.11805555555555555
1 0.16396604938271606 0.4754050925925926 0.05709876543209876 0.10011574074074074
1 0.2038966049382716 0.4693287037037037 0.04205246913580247 0.06828703703703703
1 0.19425154320987653 0.4340277777777778 0.03356481481481482 0.056712962962962965
1 0.2351466049382716 0.4453125 0.04822530864197531 0.08159722222222222
1 0.265625 0.47858796296296297 0.03279320987654321 0.0775462962962963
1 0.11168981481481481 0.7207754629629629 0.15625 0.22511574074074073
1 0.21199845679012347 0.6183449074074074 0.09915123456790123 0.17997685185185186
1 0.3018904320987654 0.6487268518518519 0.13155864197530864 0.2326388888888889
1 0.4261188271604938 0.6276041666666666 0.08680555555555555 0.14641203703703703
1 0.46161265432098764 0.5899884259259259 0.058256172839506175 0.11053240740740741
1 0.42978395061728397 0.5486111111111112 0.06944444444444445 0.08796296296296297
1 0.4351851851851852 0.48755787037037035 0.05632716049382716 0.0943287037037037
1 0.47164351851851855 0.5257523148148148 0.0466820987654321 0.08159722222222222
1 0.4681712962962963 0.4565972222222222 0.04436728395061729 0.0775462962962963
1 0.4998070987654321 0.4670138888888889 0.03973765432098766 0.07291666666666667
1 0.5235339506172839 0.4539930555555556 0.03780864197530864 0.07465277777777778
1 0.5497685185185185 0.46064814814814814 0.05169753086419753 0.0775462962962963
1 0.5015432098765432 0.26273148148148145 0.036265432098765434 0.0763888888888889
1 0.871141975308642 0.4123263888888889 0.040123456790123455 0.06076388888888889
1 0.9008487654320988 0.6006944444444444 0.10030864197530864 0.19212962962962962
1 0.9027777777777778 0.44994212962962965 0.040123456790123455 0.061921296296296294
1 0.9128086419753086 0.4866898148148148 0.04861111111111111 0.08564814814814815