1 0.2265625 0.595703125 0.158203125 0.22786458333333334
1 0.07405598958333333 0.8092447916666666 0.13639322916666666 0.2591145833333333
1 0.051920572916666664 0.3669704861111111 0.0673828125 0.08984375
1 0.18050130208333334 0.2799479166666667 0.06412760416666667 0.11284722222222222
1 0.20784505208333334 0.3550347222222222 0.044596354166666664 0.07378472222222222
1 0.24820963541666666 0.3372395833333333 0.033528645833333336 0.050347222222222224
1 0.2770182291666667 0.3237847222222222 0.036458333333333336 0.06336805555555555
1 0.3780924479166667 0.4539930555555556 0.0732421875 0.12586805555555555
1 0.4212239583333333 0.4769965277777778 0.09635416666666667 0.1362847222222222
1 0.4069010416666667 0.3854166666666667 0.052083333333333336 0.07378472222222222
1 0.4420572916666667 0.3389756944444444 0.048177083333333336 0.06770833333333333
1 0.4033203125 0.3350694444444444 0.037760416666666664 0.049479166666666664
1 0.4064127604166667 0.3109809027777778 0.0361328125 0.05859375
1 0.5911458333333334 0.3120659722222222 0.031901041666666664 0.0625
1 0.6573893229166666 0.3127170138888889 0.049153645833333336 0.0881076388888889
1 0.67529296875 0.3205295138888889 0.0439453125 0.08984375
1 0.6881510416666666 0.2502170138888889 0.045572916666666664 0.07161458333333333
1 0.7444661458333334 0.3454861111111111 0.059895833333333336 0.07291666666666667
1 0.8201497395833334 0.3075086805555556 0.06608072916666667 0.11414930555555555
1 0.7843424479166666 0.2495659722222222 0.034830729166666664 0.06076388888888889
1 0.8758138020833334 0.3025173611111111 0.0361328125 0.06163194444444445
1 0.7635091145833334 0.3200954861111111 0.049153645833333336 0.07074652777777778