1 0.3055555555555556 0.22709923664122136 0.018518518518518517 0.03816793893129771
1 0.35675381263616557 0.191793893129771 0.018518518518518517 0.02480916030534351
1 0.40522875816993464 0.2032442748091603 0.0196078431372549 0.03244274809160305
1 0.43681917211328974 0.18129770992366412 0.017429193899782137 0.030534351145038167
1 0.44281045751633985 0.22137404580152673 0.020697167755991286 0.03816793893129771
1 0.4335511982570806 0.258587786259542 0.0196078431372549 0.04007633587786259
1 0.49673202614379086 0.21755725190839695 0.02178649237472767 0.04198473282442748
1 0.48257080610021785 0.17080152671755724 0.017429193899782137 0.03244274809160305
1 0.539760348583878 0.16793893129770993 0.011982570806100218 0.022900763358778626
1 0.5544662309368191 0.18225190839694658 0.015250544662309368 0.03244274809160305
1 0.6279956427015251 0.12595419847328243 0.014161220043572984 0.03435114503816794
1 0.6606753812636166 0.18702290076335878 0.016339869281045753 0.022900763358778626
1 0.6236383442265795 0.21660305343511452 0.02287581699346405 0.03625954198473282
1 0.6655773420479303 0.22232824427480916 0.023965141612200435 0.04007633587786259
1 0.7260348583877996 0.23473282442748092 0.02287581699346405 0.03816793893129771
1 0.6710239651416122 0.2929389312977099 0.023965141612200435 0.04389312977099236
1 0.6258169934640523 0.3062977099236641 0.02287581699346405 0.05534351145038168
1 0.6661220043572985 0.36259541984732824 0.027233115468409588 0.06870229007633588
1 0.795751633986928 0.2881679389312977 0.018518518518518517 0.05343511450381679
1 0.8131808278867102 0.25763358778625955 0.016339869281045753 0.04961832061068702
1 0.8709150326797386 0.2681297709923664 0.020697167755991286 0.04389312977099236
1 0.9286492374727668 0.2366412213740458 0.020697167755991286 0.04198473282442748
1 0.9035947712418301 0.3387404580152672 0.02505446623093682 0.06297709923664122
1 0.849128540305011 0.3187022900763359 0.02505446623093682 0.061068702290076333
1 0.9035947712418301 0.4446564885496183 0.03159041394335512 0.0648854961832061
1 0.45860566448801743 0.14217557251908397 0.013071895424836602 0.02862595419847328