1 0.01643489254108723 0.37191011235955057 0.03034134007585335 0.056179775280898875
1 0.06826801517067003 0.39325842696629215 0.040455120101137804 0.06741573033707865
1 0.11946902654867257 0.37865168539325844 0.06700379266750948 0.12808988764044943
1 0.18963337547408343 0.37191011235955057 0.02781289506953224 0.0696629213483146
1 0.21175726927939317 0.4202247191011236 0.041719342604298354 0.0853932584269663
1 0.29013906447534765 0.37303370786516854 0.02654867256637168 0.06292134831460675
1 0.34007585335018964 0.38202247191011235 0.03286978508217446 0.07640449438202247
1 0.41150442477876104 0.3842696629213483 0.0316055625790139 0.06292134831460675
1 0.43552465233881166 0.40898876404494383 0.039190897597977246 0.07640449438202247
1 0.5676359039190898 0.4101123595505618 0.05815423514538559 0.1101123595505618
1 0.599873577749684 0.3853932584269663 0.03413400758533502 0.08764044943820225
1 0.6523388116308471 0.37303370786516854 0.035398230088495575 0.07191011235955057
1 0.7149178255372945 0.3921348314606742 0.0316055625790139 0.060674157303370786
1 0.6213653603034134 0.4 0.02654867256637168 0.07191011235955057
1 0.8116308470290771 0.40337078651685393 0.03792667509481669 0.0696629213483146
1 0.8463969658659924 0.4 0.04424778761061947 0.0853932584269663
1 0.8950695322376738 0.41235955056179774 0.06573957016434892 0.12359550561797752