1 0.06666666666666667 0.525 0.03333333333333333 0.05
1 0.058333333333333334 0.48 0.02666666666666667 0.045
1 0.1025 0.34 0.03166666666666667 0.05
1 0.1375 0.4775 0.03166666666666667 0.055
1 0.18 0.46 0.03333333333333333 0.05
1 0.19083333333333333 0.4375 0.025 0.04
1 0.1975 0.50125 0.035 0.0525
1 0.22583333333333333 0.42375 0.025 0.0375
1 0.245 0.47375 0.02666666666666667 0.0575
1 0.275 0.4825 0.03 0.05
1 0.3075 0.55625 0.051666666666666666 0.0775
1 0.3275 0.5125 0.03833333333333333 0.075
1 0.31833333333333336 0.45 0.03333333333333333 0.04
1 0.31166666666666665 0.35 0.023333333333333334 0.035
1 0.39 0.47625 0.03 0.0525
1 0.37916666666666665 0.4375 0.025 0.04
1 0.3975 0.43875 0.021666666666666667 0.0475
1 0.46 0.43125 0.023333333333333334 0.0375
1 0.4666666666666667 0.45125 0.02666666666666667 0.0475
1 0.47 0.49625 0.043333333333333335 0.0625
1 0.495 0.545 0.06 0.09
1 0.51 0.43375 0.023333333333333334 0.0325
1 0.5025 0.415 0.018333333333333333 0.025
1 0.5633333333333334 0.43125 0.02 0.0375
1 0.5825 0.51125 0.04833333333333333 0.0825
1 0.5816666666666667 0.3575 0.02666666666666667 0.035
1 0.6091666666666666 0.4125 0.025 0.04
1 0.6566666666666666 0.43125 0.02666666666666667 0.0425
1 0.6858333333333333 0.335 0.021666666666666667 0.04
1 0.72 0.4925 0.04 0.075
1 0.7066666666666667 0.4675 0.03333333333333333 0.055
1 0.7616666666666667 0.46375 0.03 0.0575
1 0.7975 0.48625 0.035 0.0575
1 0.84 0.465 0.03 0.06
1 0.8533333333333334 0.43625 0.02 0.0425
1 0.915 0.4525 0.03333333333333333 0.055
1 0.9516666666666667 0.43875 0.03 0.0525