1 0.10280898876404494 0.2655310621242485 0.019101123595505618 0.03807615230460922
1 0.37359550561797755 0.20340681362725452 0.021348314606741574 0.03807615230460922
1 0.42134831460674155 0.21142284569138275 0.015730337078651686 0.03807615230460922
1 0.451685393258427 0.22545090180360722 0.017977528089887642 0.04208416833667335
1 0.5646067415730337 0.187374749498998 0.016853932584269662 0.03807615230460922
1 0.5707865168539326 0.16032064128256512 0.015730337078651686 0.03206412825651302
1 0.6342696629213483 0.125250501002004 0.014606741573033709 0.03006012024048096
1 0.6735955056179775 0.18036072144288579 0.016853932584269662 0.036072144288577156
1 0.6842696629213483 0.22344689378757515 0.02247191011235955 0.04208416833667335
1 0.6780898876404494 0.26152304609218435 0.021348314606741574 0.050100200400801605
1 0.6432584269662921 0.3156312625250501 0.030337078651685393 0.05410821643286573
1 0.6286516853932584 0.2715430861723447 0.021348314606741574 0.04208416833667335
1 0.6235955056179775 0.22444889779559118 0.024719101123595506 0.04008016032064128
1 0.9353932584269663 0.24549098196392785 0.016853932584269662 0.03406813627254509