1 0.20497630331753555 0.265625 0.02132701421800948 0.04791666666666667
1 0.36196682464454977 0.28854166666666664 0.024881516587677725 0.04791666666666667
1 0.3584123222748815 0.24895833333333334 0.02014218009478673 0.04791666666666667
1 0.33945497630331756 0.24166666666666667 0.017772511848341232 0.03333333333333333
1 0.3424170616113744 0.21458333333333332 0.018957345971563982 0.029166666666666667
1 0.36078199052132703 0.20104166666666667 0.015402843601895734 0.035416666666666666
1 0.39454976303317535 0.22083333333333333 0.02132701421800948 0.03333333333333333
1 0.398696682464455 0.2833333333333333 0.027251184834123223 0.05416666666666667
1 0.403436018957346 0.196875 0.015402843601895734 0.03125
1 0.3921800947867299 0.18854166666666666 0.016587677725118485 0.03125
1 0.43661137440758296 0.18645833333333334 0.017772511848341232 0.03958333333333333
1 0.4543838862559242 0.203125 0.017772511848341232 0.03125
1 0.46267772511848343 0.23541666666666666 0.024881516587677725 0.05416666666666667
1 0.4840047393364929 0.19791666666666666 0.017772511848341232 0.041666666666666664
1 0.4721563981042654 0.1875 0.015402843601895734 0.029166666666666667
1 0.48696682464454977 0.3020833333333333 0.02843601895734597 0.05
1 0.5710900473933649 0.14375 0.014218009478672985 0.025
1 0.6030805687203792 0.2 0.018957345971563982 0.0375
1 0.6125592417061612 0.25 0.023696682464454975 0.041666666666666664
1 0.6593601895734598 0.19895833333333332 0.022511848341232227 0.03958333333333333
1 0.6765402843601895 0.16145833333333334 0.018957345971563982 0.035416666666666666
1 0.7257109004739336 0.18229166666666666 0.02014218009478673 0.03958333333333333
1 0.7559241706161137 0.17708333333333334 0.018957345971563982 0.0375
1 0.6664691943127962 0.265625 0.024881516587677725 0.04791666666666667
1 0.7251184834123223 0.2635416666666667 0.026066350710900472 0.052083333333333336
1 0.7612559241706162 0.2677083333333333 0.024881516587677725 0.05625
1 0.754739336492891 0.23125 0.023696682464454975 0.04583333333333333
1 0.8394549763033176 0.28958333333333336 0.027251184834123223 0.058333333333333334
1 0.909952606635071 0.23125 0.02132701421800948 0.05