1 0.08640458640458641 0.46604414261460103 0.04176904176904177 0.0899830220713073
1 0.18263718263718265 0.2894736842105263 0.019656019656019656 0.05263157894736842
1 0.214987714987715 0.2775891341256367 0.0171990171990172 0.05263157894736842
1 0.25757575757575757 0.23599320882852293 0.018837018837018837 0.04074702886247878
1 0.2989352989352989 0.20882852292020374 0.02457002457002457 0.04753820033955857
1 0.3022113022113022 0.23599320882852293 0.01638001638001638 0.03395585738539898
1 0.31613431613431614 0.21561969439728354 0.01638001638001638 0.044142614601018676
1 0.3407043407043407 0.20882852292020374 0.021294021294021293 0.05432937181663837
1 0.3824733824733825 0.1867572156196944 0.01638001638001638 0.03735144312393888
1 0.3656838656838657 0.2606112054329372 0.02375102375102375 0.04923599320882852
1 0.3824733824733825 0.24193548387096775 0.021294021294021293 0.042444821731748725
1 0.42956592956592954 0.16298811544991512 0.0171990171990172 0.03735144312393888
1 0.42547092547092547 0.19100169779286927 0.018837018837018837 0.042444821731748725
1 0.44103194103194104 0.16129032258064516 0.010647010647010647 0.044142614601018676
1 0.4877149877149877 0.1536502546689304 0.018837018837018837 0.04923599320882852
1 0.4868959868959869 0.2037351443123939 0.020475020475020474 0.04074702886247878
1 0.46478296478296477 0.2495755517826825 0.0171990171990172 0.03735144312393888
1 0.42997542997543 0.31154499151103565 0.02293202293202293 0.04923599320882852
1 0.5126945126945127 0.16129032258064516 0.01638001638001638 0.044142614601018676
1 0.5466830466830467 0.21222410865874364 0.025389025389025387 0.04074702886247878
1 0.552006552006552 0.133276740237691 0.019656019656019656 0.035653650254668934
1 0.5515970515970516 0.16468590831918506 0.022113022113022112 0.03735144312393888
1 0.5720720720720721 0.1935483870967742 0.018837018837018837 0.04074702886247878
1 0.5728910728910729 0.13837011884550085 0.020475020475020474 0.04584040747028863
1 0.5921375921375921 0.12139219015280135 0.013104013104013105 0.035653650254668934
1 0.6273546273546273 0.12903225806451613 0.018018018018018018 0.044142614601018676
1 0.6031941031941032 0.1494057724957555 0.022113022113022112 0.04074702886247878
1 0.6105651105651105 0.17911714770797962 0.018837018837018837 0.04923599320882852
1 0.6175266175266175 0.199490662139219 0.009828009828009828 0.035653650254668934
1 0.6502866502866503 0.1307300509337861 0.018018018018018018 0.04074702886247878
1 0.6633906633906634 0.12818336162988114 0.018018018018018018 0.042444821731748725
1 0.6556101556101556 0.17487266553480477 0.018837018837018837 0.04074702886247878
1 0.6871416871416871 0.13242784380305603 0.018018018018018018 0.044142614601018676
1 0.7055692055692055 0.16298811544991512 0.0171990171990172 0.030560271646859084
1 0.6863226863226863 0.17572156196943972 0.019656019656019656 0.03904923599320883
1 0.6912366912366913 0.21392190152801357 0.02620802620802621 0.044142614601018676
1 0.6695331695331695 0.22410865874363328 0.02375102375102375 0.050933786078098474
1 0.6126126126126126 0.2903225806451613 0.02620802620802621 0.050933786078098474
1 0.5687960687960688 0.333616298811545 0.02375102375102375 0.06281833616298811
1 0.6076986076986077 0.38115449915110355 0.031122031122031123 0.059422750424448216
1 0.6588861588861589 0.4151103565365025 0.025389025389025387 0.06281833616298811
1 0.7248157248157249 0.2707979626485569 0.019656019656019656 0.05602716468590832
1 0.742014742014742 0.22920203735144312 0.021294021294021293 0.04753820033955857
1 0.7469287469287469 0.2937181663837012 0.019656019656019656 0.03735144312393888
1 0.730958230958231 0.4235993208828523 0.02702702702702703 0.06960950764006792
1 0.7907452907452908 0.45161290322580644 0.025389025389025387 0.09168081494057725
1 0.7477477477477478 0.1960950764006791 0.019656019656019656 0.04584040747028863
1 0.7698607698607699 0.1935483870967742 0.018018018018018018 0.050933786078098474
1 0.8067158067158067 0.19100169779286927 0.018018018018018018 0.03904923599320883
1 0.7870597870597871 0.20967741935483872 0.021294021294021293 0.035653650254668934
1 0.7960687960687961 0.25127334465195245 0.019656019656019656 0.057724957555178265
1 0.8222768222768223 0.23174872665534804 0.019656019656019656 0.04584040747028863
1 0.8316953316953317 0.21816638370118846 0.0171990171990172 0.04584040747028863
1 0.8136773136773137 0.29796264855687604 0.022113022113022112 0.05602716468590832
1 0.8701883701883701 0.23429541595925296 0.02375102375102375 0.04753820033955857
1 0.8742833742833743 0.22835314091680814 0.015561015561015561 0.03904923599320883
1 0.9041769041769042 0.2266553480475382 0.01638001638001638 0.04584040747028863
1 0.904995904995905 0.25891341256366723 0.013104013104013105 0.04584040747028863
1 0.8910728910728911 0.28098471986417656 0.0343980343980344 0.05263157894736842
1 0.8734643734643734 0.3149405772495755 0.020475020475020474 0.04923599320882852
1 0.8685503685503686 0.3684210526315789 0.022113022113022112 0.057724957555178265
1 0.8873873873873874 0.4057724957555178 0.022113022113022112 0.06451612903225806
1 0.9348894348894349 0.267402376910017 0.013923013923013924 0.04584040747028863
1 0.952088452088452 0.24448217317487267 0.0171990171990172 0.050933786078098474
1 0.9275184275184275 0.3438030560271647 0.022113022113022112 0.042444821731748725
1 0.9860769860769861 0.2546689303904924 0.014742014742014743 0.044142614601018676
1 0.9811629811629812 0.30390492359932086 0.019656019656019656 0.044142614601018676
1 0.9762489762489762 0.32767402376910015 0.02457002457002457 0.04753820033955857
1 0.9787059787059788 0.3616298811544992 0.02457002457002457 0.05432937181663837
1 0.9557739557739557 0.38115449915110355 0.02293202293202293 0.06281833616298811
1 0.954954954954955 0.4779286926994907 0.019656019656019656 0.06621392190152801
1 0.855036855036855 0.4966044142614601 0.02620802620802621 0.0967741935483871
1 0.3533988533988534 0.1969439728353141 0.025389025389025387 0.04074702886247878