1 0.8745487364620939 0.5523415977961432 0.02707581227436823 0.046831955922865015
1 0.7355595667870036 0.6666666666666666 0.016245487364620937 0.03305785123966942
1 0.7075812274368231 0.6749311294765841 0.01444043321299639 0.027548209366391185
1 0.6895306859205776 0.6790633608815427 0.01444043321299639 0.024793388429752067
1 0.6768953068592057 0.6818181818181818 0.01444043321299639 0.024793388429752067
1 0.6633574007220217 0.662534435261708 0.01263537906137184 0.024793388429752067
1 0.6570397111913358 0.6790633608815427 0.01444043321299639 0.024793388429752067
1 0.6435018050541517 0.6831955922865014 0.016245487364620937 0.027548209366391185
1 0.6101083032490975 0.7162534435261708 0.01444043321299639 0.02203856749311295
1 0.5568592057761733 0.7107438016528925 0.01263537906137184 0.01652892561983471
1 0.5379061371841155 0.7107438016528925 0.01444043321299639 0.02203856749311295
1 0.5180505415162455 0.7300275482093664 0.01444043321299639 0.02203856749311295
1 0.5234657039711191 0.7148760330578512 0.01444043321299639 0.01928374655647383
1 0.5342960288808665 0.6473829201101928 0.010830324909747292 0.027548209366391185
1 0.4918772563176895 0.7272727272727273 0.016245487364620937 0.027548209366391185
1 0.4747292418772563 0.7024793388429752 0.010830324909747292 0.01652892561983471
1 0.4629963898916967 0.6542699724517906 0.01263537906137184 0.01928374655647383
1 0.453971119133574 0.7038567493112947 0.01263537906137184 0.024793388429752067
1 0.4602888086642599 0.6763085399449036 0.01444043321299639 0.01928374655647383
1 0.4404332129963899 0.6473829201101928 0.010830324909747292 0.02203856749311295
1 0.4268953068592058 0.6446280991735537 0.01263537906137184 0.02203856749311295
1 0.3907942238267148 0.7479338842975206 0.019855595667870037 0.03581267217630854
1 0.41064981949458484 0.7479338842975206 0.016245487364620937 0.03581267217630854
1 0.4305054151624549 0.7300275482093664 0.01263537906137184 0.027548209366391185
1 0.4548736462093863 0.7327823691460055 0.01444043321299639 0.027548209366391185
1 0.4323104693140794 0.7038567493112947 0.009025270758122744 0.01928374655647383
1 0.40884476534296027 0.7052341597796143 0.01263537906137184 0.02203856749311295
1 0.37906137184115524 0.7107438016528925 0.01444043321299639 0.01652892561983471
1 0.36101083032490977 0.7066115702479339 0.010830324909747292 0.024793388429752067
1 0.37635379061371843 0.6914600550964187 0.01263537906137184 0.01652892561983471
1 0.36732851985559567 0.6487603305785123 0.01263537906137184 0.01928374655647383
1 0.3907942238267148 0.6556473829201102 0.01263537906137184 0.02203856749311295
1 0.33935018050541516 0.7231404958677686 0.018050541516245487 0.03581267217630854
1 0.34205776173285196 0.7038567493112947 0.01263537906137184 0.024793388429752067
1 0.3131768953068592 0.696969696969697 0.01263537906137184 0.02203856749311295
1 0.3140794223826715 0.6818181818181818 0.010830324909747292 0.01928374655647383
1 0.27978339350180503 0.6707988980716253 0.010830324909747292 0.01928374655647383
1 0.2924187725631769 0.6790633608815427 0.010830324909747292 0.01928374655647383
1 0.30415162454873645 0.7713498622589532 0.03429602888086643 0.05509641873278237
1 0.3637184115523466 0.7672176308539945 0.02707581227436823 0.04132231404958678
1 0.2996389891696751 0.7341597796143251 0.021660649819494584 0.030303030303030304
1 0.26805054151624547 0.7148760330578512 0.01263537906137184 0.024793388429752067
1 0.2572202166064982 0.743801652892562 0.023465703971119134 0.03856749311294766
1 0.23375451263537905 0.7878787878787878 0.030685920577617327 0.05509641873278237
1 0.18682310469314078 0.7451790633608816 0.023465703971119134 0.04132231404958678
1 0.18501805054151624 0.7121212121212122 0.019855595667870037 0.030303030303030304
1 0.2003610108303249 0.7011019283746557 0.01444043321299639 0.024793388429752067
1 0.22472924187725632 0.7134986225895317 0.016245487364620937 0.027548209366391185
1 0.23014440433212996 0.6859504132231405 0.009025270758122744 0.01652892561983471
1 0.21931407942238268 0.6707988980716253 0.01263537906137184 0.024793388429752067
1 0.25 0.6707988980716253 0.009025270758122744 0.01928374655647383
1 0.20667870036101083 0.6694214876033058 0.009025270758122744 0.01652892561983471
1 0.1976534296028881 0.6707988980716253 0.009025270758122744 0.01928374655647383
1 0.14981949458483754 0.7286501377410468 0.018050541516245487 0.030303030303030304
1 0.16696750902527077 0.8126721763085399 0.03790613718411552 0.06611570247933884
1 0.08393501805054152 0.8168044077134986 0.04151624548736462 0.06887052341597796
1 0.02527075812274368 0.7796143250688705 0.036101083032490974 0.06060606060606061
1 0.013537906137184115 0.7341597796143251 0.023465703971119134 0.046831955922865015
1 0.0315884476534296 0.7066115702479339 0.019855595667870037 0.03581267217630854
1 0.0388086642599278 0.6873278236914601 0.016245487364620937 0.024793388429752067
1 0.07851985559566788 0.7038567493112947 0.019855595667870037 0.03581267217630854
1 0.0631768953068592 0.7369146005509641 0.021660649819494584 0.04132231404958678
1 0.10649819494584838 0.7727272727272727 0.02888086642599278 0.05234159779614325
1 0.10740072202166065 0.7286501377410468 0.019855595667870037 0.03581267217630854
1 0.12184115523465704 0.6735537190082644 0.01263537906137184 0.01928374655647383
1 0.157942238267148 0.6983471074380165 0.016245487364620937 0.030303030303030304
1 0.16877256317689532 0.6735537190082644 0.01263537906137184 0.01928374655647383
1 0.08844765342960288 0.6707988980716253 0.01444043321299639 0.024793388429752067
1 0.10379061371841156 0.6611570247933884 0.009025270758122744 0.01652892561983471
1 0.05144404332129964 0.6542699724517906 0.01263537906137184 0.01928374655647383
1 0.06859205776173286 0.6487603305785123 0.010830324909747292 0.01928374655647383
1 0.009927797833935019 0.6597796143250688 0.01263537906137184 0.01928374655647383