1 0.35145631067961164 0.23924268502581755 0.017475728155339806 0.03442340791738382
1 0.3907766990291262 0.2685025817555938 0.020388349514563107 0.04130808950086059
1 0.46116504854368934 0.22030981067125646 0.021359223300970873 0.04130808950086059
1 0.42135922330097086 0.16006884681583478 0.017475728155339806 0.03098106712564544
1 0.4883495145631068 0.3098106712564544 0.031067961165048542 0.058519793459552494
1 0.5451456310679612 0.3278829604130809 0.030097087378640777 0.06368330464716007
1 0.587378640776699 0.3864027538726334 0.03300970873786408 0.05679862306368331
1 0.6276699029126214 0.2452667814113597 0.02233009708737864 0.043029259896729774
1 0.6402912621359224 0.22203098106712565 0.024271844660194174 0.05163511187607573
1 0.7762135922330097 0.29001721170395867 0.02815533980582524 0.05679862306368331
1 0.8441747572815534 0.3158347676419966 0.02815533980582524 0.06712564543889846
1 0.9286407766990291 0.15748709122203097 0.014563106796116505 0.029259896729776247
1 0.9009708737864077 0.14802065404475043 0.015533980582524271 0.027538726333907058
1 0.5553398058252427 0.12650602409638553 0.013592233009708738 0.029259896729776247
1 0.5674757281553398 0.1316695352839931 0.014563106796116505 0.029259896729776247
1 0.5941747572815534 0.1153184165232358 0.015533980582524271 0.03098106712564544