1 0.05475504322766571 0.35667215815486 0.013448607108549471 0.03130148270181219
1 0.1935638808837656 0.24794069192751236 0.01633045148895293 0.03130148270181219
1 0.3160422670509126 0.2487644151565074 0.023054755043227664 0.04612850082372323
1 0.5571565802113353 0.13756177924217464 0.011527377521613832 0.02471169686985173
1 0.5667627281460135 0.13920922570016475 0.01536983669548511 0.03130148270181219
1 0.5004803073967339 0.31466227347611203 0.026897214217098942 0.04612850082372323
1 0.553314121037464 0.34102141680395387 0.02881844380403458 0.05271828665568369
1 0.6248799231508165 0.2726523887973641 0.022094140249759846 0.044481054365733116
1 0.7853025936599424 0.3228995057660626 0.029779058597502402 0.04612850082372323
1 0.9303554274735831 0.15321252059308071 0.012487992315081652 0.023064250411861616
1 0.9567723342939481 0.15897858319604613 0.011527377521613832 0.02800658978583196