1 0.08708333333333333 0.49407407407407405 0.08916666666666667 0.15555555555555556
1 0.23291666666666666 0.32814814814814813 0.05583333333333333 0.10222222222222223
1 0.34208333333333335 0.3125925925925926 0.0675 0.1362962962962963
1 0.37666666666666665 0.30148148148148146 0.041666666666666664 0.08148148148148149
1 0.43583333333333335 0.2577777777777778 0.04666666666666667 0.06518518518518518
1 0.49 0.2674074074074074 0.03 0.0637037037037037
1 0.4841666666666667 0.6696296296296296 0.13833333333333334 0.32592592592592595
1 0.53 0.31555555555555553 0.051666666666666666 0.09777777777777778
1 0.6029166666666667 0.2518518518518518 0.025833333333333333 0.05333333333333334
1 0.6395833333333333 0.31037037037037035 0.0425 0.06666666666666667
1 0.6933333333333334 0.2674074074074074 0.03166666666666667 0.0725925925925926
1 0.73625 0.2607407407407407 0.0275 0.056296296296296296
1 0.8125 0.38814814814814813 0.06166666666666667 0.09185185185185185
1 0.6975 0.4185185185185185 0.07333333333333333 0.12
1 0.8541666666666666 0.33111111111111113 0.051666666666666666 0.09333333333333334
1 0.8770833333333333 0.34074074074074073 0.025833333333333333 0.06518518518518518
1 0.8854166666666666 0.27185185185185184 0.0375 0.06666666666666667