1 0.0140625 0.48318385650224216 0.025 0.0515695067264574
1 0.1140625 0.5325112107623319 0.0375 0.06502242152466367
1 0.1265625 0.47085201793721976 0.025 0.03587443946188341
1 0.1546875 0.476457399103139 0.025 0.03811659192825112
1 0.15078125 0.452914798206278 0.0203125 0.02242152466367713
1 0.13203125 0.4428251121076233 0.0171875 0.02466367713004484
1 0.12109375 0.43946188340807174 0.0171875 0.02242152466367713
1 0.11640625 0.41816143497757846 0.0171875 0.020179372197309416
1 0.1328125 0.42152466367713004 0.0125 0.017937219730941704
1 0.15859375 0.4327354260089686 0.0171875 0.017937219730941704
1 0.16953125 0.4383408071748879 0.0140625 0.020179372197309416
1 0.1609375 0.42152466367713004 0.0125 0.017937219730941704
1 0.146875 0.42376681614349776 0.009375 0.017937219730941704
1 0.1890625 0.4405829596412556 0.01875 0.033632286995515695
1 0.2109375 0.5022421524663677 0.025 0.04932735426008968
1 0.2390625 0.5134529147982063 0.0375 0.06726457399103139
1 0.21796875 0.47085201793721976 0.0234375 0.03587443946188341
1 0.225 0.4641255605381166 0.01875 0.03139013452914798
1 0.20859375 0.437219730941704 0.0140625 0.02242152466367713
1 0.23515625 0.4405829596412556 0.0171875 0.02466367713004484
1 0.22109375 0.4204035874439462 0.0109375 0.020179372197309416
1 0.23203125 0.4204035874439462 0.0140625 0.020179372197309416
1 0.26171875 0.4282511210762332 0.0140625 0.017937219730941704
1 0.25625 0.4495515695067265 0.01875 0.02914798206278027
1 0.29140625 0.4495515695067265 0.0171875 0.02466367713004484
1 0.28125 0.4439461883408072 0.0125 0.02242152466367713
1 0.2828125 0.4147982062780269 0.0125 0.02242152466367713
1 0.30625 0.42376681614349776 0.0125 0.02242152466367713
1 0.296875 0.42376681614349776 0.009375 0.017937219730941704
1 0.290625 0.41816143497757846 0.009375 0.020179372197309416
1 0.3203125 0.4899103139013453 0.03125 0.05605381165919283
1 0.334375 0.45739910313901344 0.01875 0.026905829596412557
1 0.32265625 0.437219730941704 0.0140625 0.026905829596412557
1 0.3421875 0.4282511210762332 0.0125 0.02242152466367713
1 0.33203125 0.4192825112107623 0.0078125 0.017937219730941704
1 0.3234375 0.4204035874439462 0.009375 0.020179372197309416
1 0.35703125 0.48094170403587444 0.0234375 0.04708520179372197
1 0.3625 0.4618834080717489 0.01875 0.03587443946188341
1 0.36328125 0.437219730941704 0.0171875 0.02242152466367713
1 0.36171875 0.4204035874439462 0.0109375 0.01569506726457399
1 0.3703125 0.42376681614349776 0.00625 0.013452914798206279
1 0.378125 0.4248878923766816 0.009375 0.01569506726457399
1 0.37890625 0.43385650224215244 0.0109375 0.020179372197309416
1 0.390625 0.44170403587443946 0.015625 0.026905829596412557
1 0.3921875 0.4943946188340807 0.028125 0.04708520179372197
1 0.41953125 0.4798206278026906 0.0234375 0.04035874439461883
1 0.41640625 0.4484304932735426 0.0171875 0.02242152466367713
1 0.4703125 0.5067264573991032 0.028125 0.04484304932735426
1 0.965625 0.47757847533632286 0.034375 0.053811659192825115
1 0.87734375 0.4820627802690583 0.0296875 0.04484304932735426
1 0.83515625 0.45067264573991034 0.0234375 0.03139013452914798
1 0.7953125 0.47533632286995514 0.01875 0.03587443946188341
1 0.78203125 0.44506726457399104 0.0234375 0.033632286995515695
1 0.76171875 0.4820627802690583 0.0203125 0.04035874439461883
1 0.7265625 0.4730941704035874 0.025 0.04035874439461883
1 0.728125 0.4461883408071749 0.01875 0.026905829596412557
1 0.67578125 0.48654708520179374 0.0203125 0.03587443946188341
1 0.675 0.452914798206278 0.01875 0.03139013452914798
1 0.69296875 0.44506726457399104 0.0140625 0.02914798206278027
1 0.65703125 0.437219730941704 0.0140625 0.026905829596412557
1 0.634375 0.42937219730941706 0.015625 0.02914798206278027
1 0.61484375 0.476457399103139 0.0171875 0.03811659192825112
1 0.59140625 0.4899103139013453 0.0265625 0.03811659192825112
1 0.56484375 0.47757847533632286 0.0171875 0.03587443946188341
1 0.56171875 0.452914798206278 0.0203125 0.03587443946188341
1 0.5921875 0.4439461883408072 0.0125 0.026905829596412557
1 0.59921875 0.42937219730941706 0.0109375 0.020179372197309416
1 0.58203125 0.42937219730941706 0.0140625 0.02466367713004484
1 0.55703125 0.42713004484304934 0.0140625 0.02466367713004484
1 0.45390625 0.4517937219730942 0.0140625 0.033632286995515695
1 0.4375 0.4383408071748879 0.009375 0.020179372197309416
1 0.4234375 0.4248878923766816 0.0125 0.01569506726457399
1 0.48671875 0.4405829596412556 0.0140625 0.020179372197309416
1 0.5125 0.43946188340807174 0.0125 0.02242152466367713
1 0.52265625 0.4304932735426009 0.0109375 0.017937219730941704
1 0.5375 0.42376681614349776 0.0125 0.02242152466367713
1 0.51484375 0.4192825112107623 0.0109375 0.017937219730941704
1 0.503125 0.41816143497757846 0.009375 0.020179372197309416
1 0.49296875 0.42713004484304934 0.0109375 0.01569506726457399
1 0.47734375 0.42937219730941706 0.0109375 0.01569506726457399
1 0.47578125 0.4147982062780269 0.0109375 0.017937219730941704
1 0.46796875 0.4260089686098655 0.0109375 0.017937219730941704
1 0.44296875 0.4147982062780269 0.0109375 0.017937219730941704