1 0.025 0.5702576112412178 0.046875 0.09133489461358314
1 0.109375 0.5433255269320844 0.04375 0.05620608899297424
1 0.16171875 0.5269320843091335 0.0328125 0.05152224824355972
1 0.23125 0.6182669789227166 0.04375 0.06088992974238876
1 0.16328125 0.5901639344262295 0.0390625 0.0702576112412178
1 0.3421875 0.5913348946135831 0.053125 0.08665105386416862
1 0.365625 0.5679156908665105 0.03125 0.06323185011709602
1 0.3703125 0.5398126463700235 0.025 0.06323185011709602
1 0.39296875 0.5409836065573771 0.0265625 0.0702576112412178
1 0.49921875 0.38524590163934425 0.0359375 0.053864168618266976
1 0.696875 0.5433255269320844 0.040625 0.0702576112412178
1 0.7640625 0.5831381733021077 0.053125 0.08430913348946135
1 0.73046875 0.5843091334894613 0.0359375 0.07728337236533958
1 0.86796875 0.5421545667447307 0.0703125 0.1288056206088993