1 0.11320754716981132 0.35294117647058826 0.03937653814602133 0.07747489239598278
1 0.2936833470057424 0.19727403156384504 0.019688269073010665 0.05021520803443329
1 0.31870385561936015 0.20229555236728838 0.02543068088597211 0.04591104734576758
1 0.49876948318293685 0.18507890961262555 0.029532403609515995 0.05738880918220947
1 0.527481542247744 0.14777618364418937 0.02461033634126333 0.054519368723098996
1 0.5902378999179655 0.15710186513629842 0.027071369975389663 0.058823529411764705
1 0.6222313371616078 0.15064562410329985 0.020508613617719443 0.05164992826398852
1 0.7071369975389664 0.15925394548063126 0.02461033634126333 0.05164992826398852
1 0.7534864643150123 0.21664275466284075 0.02871205906480722 0.06312769010043041
1 0.7042657916324856 0.28622668579626975 0.03855619360131255 0.08177905308464849
1 0.6501230516817064 0.2647058823529412 0.03691550451189499 0.08464849354375897