1 0.8347964884277733 0.20692567567567569 0.014365522745411013 0.03885135135135135
1 0.8818834796488427 0.2204391891891892 0.012769353551476457 0.04560810810810811
1 0.8735035913806863 0.23564189189189189 0.013567438148443736 0.04222972972972973
1 0.8750997605746209 0.40625 0.018355945730247406 0.06925675675675676
1 0.86512370311253 0.34121621621621623 0.014365522745411013 0.060810810810810814
1 0.9485235434956105 0.3766891891891892 0.019952114924181964 0.060810810810810814
1 0.9660814046288907 0.44172297297297297 0.018355945730247406 0.06587837837837837
1 0.9253790901835595 0.32010135135135137 0.013567438148443736 0.052364864864864864
1 0.9764565043894653 0.33361486486486486 0.010375099760574621 0.04222972972972973
1 0.9784517158818835 0.36486486486486486 0.012769353551476457 0.04391891891891892
1 0.9401436552274541 0.2685810810810811 0.012769353551476457 0.04391891891891892
1 0.951316839584996 0.24070945945945946 0.0111731843575419 0.03885135135135135
1 0.9872306464485235 0.2643581081081081 0.009577015163607342 0.03547297297297297
1 0.9836392657621708 0.30574324324324326 0.011971268954509178 0.04054054054054054
1 0.9118116520351157 0.22804054054054054 0.013567438148443736 0.04054054054054054
1 0.8894652833200319 0.2677364864864865 0.015163607342378291 0.048986486486486486
1 0.9030327214684757 0.24577702702702703 0.011971268954509178 0.03885135135135135
1 0.8204309656823623 0.2956081081081081 0.019154030327214685 0.05405405405405406
1 0.7158818834796489 0.15033783783783783 0.0111731843575419 0.030405405405405407
1 0.7170790103750998 0.20945945945945946 0.011971268954509178 0.04391891891891892
1 0.7258579409417398 0.27111486486486486 0.01675977653631285 0.048986486486486486
1 0.737829209896249 0.21283783783783783 0.011971268954509178 0.04054054054054054
1 0.7605746209098164 0.23141891891891891 0.01596169193934557 0.0472972972972973
1 0.7697525937749401 0.28209459459459457 0.018355945730247406 0.0472972972972973
1 0.7845171588188348 0.16722972972972974 0.012769353551476457 0.04054054054054054
1 0.7809257781324821 0.20777027027027026 0.01675977653631285 0.05067567567567568
1 0.815243415802075 0.1875 0.013567438148443736 0.04391891891891892
1 0.8172386272944933 0.23817567567567569 0.012769353551476457 0.05067567567567568
1 0.7960893854748603 0.2516891891891892 0.01675977653631285 0.04391891891891892
1 0.7334397446129289 0.3893581081081081 0.025538707102952914 0.06587837837837837
1 0.8068635275339185 0.46030405405405406 0.028731045490822026 0.08277027027027027
1 0.8627294493216281 0.5168918918918919 0.025538707102952914 0.08108108108108109
1 0.6113328012769353 0.3716216216216216 0.020750199521149242 0.057432432432432436
1 0.6616121308858739 0.40625 0.023942537909018357 0.07263513513513513
1 0.6193136472466081 0.28800675675675674 0.020750199521149242 0.05574324324324324
1 0.6320830007980845 0.19256756756756757 0.012769353551476457 0.04391891891891892
1 0.6679968076616122 0.24577702702702703 0.019154030327214685 0.05912162162162162
1 0.6679968076616122 0.17989864864864866 0.012769353551476457 0.03547297297297297
1 0.6612130885873903 0.14695945945945946 0.010375099760574621 0.037162162162162164
1 0.6983240223463687 0.13766891891891891 0.0111731843575419 0.03209459459459459
1 0.690343176376696 0.16047297297297297 0.012769353551476457 0.04054054054054054
1 0.6464485235434956 0.13513513513513514 0.012769353551476457 0.037162162162162164
1 0.6021548284118117 0.12246621621621621 0.011971268954509178 0.03547297297297297
1 0.5830007980845969 0.13597972972972974 0.013567438148443736 0.03547297297297297
1 0.6233040702314445 0.1258445945945946 0.0111731843575419 0.03209459459459459
1 0.6197126895450917 0.15371621621621623 0.013567438148443736 0.030405405405405407
1 0.5291300877893057 0.1579391891891892 0.0111731843575419 0.03547297297297297
1 0.557462090981644 0.13766891891891891 0.011971268954509178 0.03885135135135135
1 0.554269752593775 0.16047297297297297 0.013567438148443736 0.037162162162162164
1 0.5758180367118915 0.19425675675675674 0.013567438148443736 0.04054054054054054
1 0.5562649640861931 0.21452702702702703 0.01596169193934557 0.04054054054054054
1 0.49640861931364727 0.14864864864864866 0.0111731843575419 0.030405405405405407
1 0.4501197126895451 0.15878378378378377 0.012769353551476457 0.037162162162162164
1 0.436951316839585 0.1883445945945946 0.013567438148443736 0.03885135135135135
1 0.4177972865123703 0.17145270270270271 0.011971268954509178 0.02533783783783784
1 0.4030327214684757 0.18496621621621623 0.012769353551476457 0.03547297297297297
1 0.40502793296089384 0.23310810810810811 0.011971268954509178 0.04054054054054054
1 0.47246608140462887 0.24746621621621623 0.01596169193934557 0.048986486486486486
1 0.4808459696727853 0.16300675675675674 0.015163607342378291 0.04222972972972973
1 0.5027932960893855 0.20439189189189189 0.014365522745411013 0.04391891891891892
1 0.35913806863527536 0.20692567567567569 0.01596169193934557 0.03885135135135135
1 0.37190742218675177 0.2643581081081081 0.01596169193934557 0.052364864864864864
1 0.441340782122905 0.30405405405405406 0.019154030327214685 0.060810810810810814
1 0.3180367118914605 0.20270270270270271 0.015163607342378291 0.04391891891891892
1 0.33080606544293695 0.23141891891891891 0.01675977653631285 0.0472972972972973
1 0.30965682362330404 0.23226351351351351 0.01596169193934557 0.03885135135135135
1 0.27773343974461295 0.23648648648648649 0.017557861133280128 0.037162162162162164
1 0.2071029529130088 0.2668918918918919 0.015163607342378291 0.04391891891891892
1 0.21907422186751796 0.28378378378378377 0.018355945730247406 0.0472972972972973
1 0.36671987230646447 0.19341216216216217 0.01675977653631285 0.028716216216216218
1 0.5654429369513169 0.34121621621621623 0.02154828411811652 0.057432432432432436
1 0.10295291300877893 0.5692567567567568 0.03830806065442937 0.11486486486486487