1 0.360625 0.7325 0.11375 0.15833333333333333
1 0.26375 0.6466666666666666 0.0975 0.11
1 0.178125 0.5666666666666667 0.07375 0.09666666666666666
1 0.073125 0.535 0.07125 0.09
1 0.0425 0.49083333333333334 0.0375 0.055
1 0.0125 0.51 0.0225 0.07
1 0.19625 0.42 0.025 0.04
1 0.241875 0.43166666666666664 0.02875 0.04666666666666667
1 0.258125 0.4525 0.02375 0.041666666666666664
1 0.325625 0.46 0.03125 0.05333333333333334
1 0.35125 0.46416666666666667 0.03 0.051666666666666666
1 0.376875 0.48583333333333334 0.03875 0.058333333333333334
1 0.440625 0.5108333333333334 0.04875 0.06833333333333333
1 0.509375 0.5366666666666666 0.04125 0.08333333333333333
1 0.378125 0.4141666666666667 0.02625 0.035
1 0.3625 0.4116666666666667 0.02 0.03666666666666667
1 0.431875 0.43 0.02875 0.04
1 0.480625 0.42833333333333334 0.03125 0.05
1 0.481875 0.39666666666666667 0.02125 0.03666666666666667
1 0.52625 0.39416666666666667 0.0225 0.035
1 0.5575 0.4075 0.025 0.04833333333333333
1 0.533125 0.44416666666666665 0.03125 0.03833333333333333
1 0.5975 0.455 0.035 0.05
1 0.64 0.5375 0.055 0.07833333333333334
1 0.661875 0.4633333333333333 0.04125 0.06333333333333334
1 0.725 0.425 0.0275 0.043333333333333335
1 0.74875 0.4666666666666667 0.0425 0.056666666666666664
1 0.814375 0.425 0.03875 0.056666666666666664
1 0.83 0.48583333333333334 0.0575 0.075
1 0.88625 0.44166666666666665 0.0425 0.06666666666666667
1 0.959375 0.49416666666666664 0.06375 0.09166666666666666
1 0.985 0.4475 0.03 0.051666666666666666