1 0.25875 0.5066666666666667 0.065 0.09
1 0.51625 0.49583333333333335 0.0675 0.08833333333333333
1 0.796875 0.5 0.05875 0.1
1 0.1175 0.7708333333333334 0.075 0.10166666666666667
1 0.1425 0.9183333333333333 0.1225 0.15
1 0.243125 0.9266666666666666 0.14875 0.14666666666666667
1 0.203125 0.8291666666666667 0.08125 0.085
1 0.300625 0.8116666666666666 0.08125 0.10333333333333333
1 0.386875 0.8366666666666667 0.08375 0.12
1 0.439375 0.9108333333333334 0.10875 0.165
1 0.536875 0.8975 0.08625 0.155
1 0.604375 0.9191666666666667 0.13375 0.15166666666666667
1 0.745625 0.9266666666666666 0.15125 0.14666666666666667
1 0.81875 0.8691666666666666 0.0775 0.10833333333333334
1 0.829375 0.8033333333333333 0.06875 0.09
1 0.604375 0.8166666666666667 0.07375 0.11666666666666667
1 0.524375 0.825 0.09375 0.11333333333333333
1 0.640625 0.7608333333333334 0.07125 0.12166666666666667
1 0.8825 0.9375 0.0825 0.10833333333333334
1 0.955625 0.9233333333333333 0.08875 0.14
1 0.9625 0.845 0.0725 0.11666666666666667