1 0.01953125 0.4535073409461664 0.03125 0.07177814029363784
1 0.22265625 0.26916802610114193 0.015625 0.03915171288743882
1 0.2515625 0.2797716150081566 0.0203125 0.040783034257748776
1 0.296484375 0.23491027732463296 0.01796875 0.03262642740619902
1 0.320703125 0.23735725938009788 0.01328125 0.037520391517128875
1 0.339453125 0.23735725938009788 0.01640625 0.040783034257748776
1 0.327734375 0.20473083197389885 0.02265625 0.03425774877650897
1 0.362109375 0.2226753670473083 0.01796875 0.037520391517128875
1 0.383203125 0.2601957585644372 0.01484375 0.037520391517128875
1 0.4109375 0.23735725938009788 0.0125 0.03425774877650897
1 0.448828125 0.29526916802610115 0.01640625 0.04241435562805873
1 0.4859375 0.23735725938009788 0.0171875 0.04404567699836868
1 0.398046875 0.199836867862969 0.01328125 0.024469820554649267
1 0.380078125 0.1965742251223491 0.01796875 0.03425774877650897
1 0.44375 0.18923327895595432 0.0140625 0.02936378466557912
1 0.4484375 0.16231647634584012 0.0125 0.03099510603588907
1 0.505078125 0.199836867862969 0.01015625 0.03425774877650897
1 0.540234375 0.2275693311582382 0.01640625 0.03425774877650897
1 0.467578125 0.16476345840130505 0.01328125 0.02936378466557912
1 0.487890625 0.17455138662316477 0.01640625 0.03588907014681892
1 0.506640625 0.15252854812398042 0.01640625 0.024469820554649267
1 0.53046875 0.16639477977161501 0.0171875 0.03915171288743882
1 0.550390625 0.1566068515497553 0.01328125 0.02936378466557912
1 0.570703125 0.1533442088091354 0.01484375 0.03588907014681892
1 0.566015625 0.13132137030995106 0.01328125 0.03099510603588907
1 0.591796875 0.13458401305057097 0.01484375 0.03425774877650897
1 0.608203125 0.1199021207177814 0.01328125 0.03099510603588907
1 0.616015625 0.15089722675367048 0.01171875 0.02773246329526917
1 0.621484375 0.17781402936378465 0.01015625 0.02936378466557912
1 0.6125 0.20473083197389885 0.0140625 0.037520391517128875
1 0.590625 0.19494290375203915 0.0140625 0.040783034257748776
1 0.663671875 0.18270799347471453 0.01328125 0.03588907014681892
1 0.66484375 0.14518760195758565 0.0109375 0.02936378466557912
1 0.672265625 0.13050570962479607 0.01015625 0.03262642740619902
1 0.641796875 0.12234910277324633 0.01171875 0.03262642740619902
1 0.6953125 0.15497553017944535 0.0140625 0.03915171288743882
1 0.701171875 0.1370309951060359 0.01171875 0.03262642740619902
1 0.71640625 0.15579119086460033 0.0125 0.03425774877650897
1 0.585546875 0.33197389885807504 0.02265625 0.05057096247960848
1 0.61640625 0.37601957585644374 0.0234375 0.04730831973898858
1 0.622265625 0.28629690048939643 0.02109375 0.053833605220228384
1 0.669921875 0.2463295269168026 0.01796875 0.048939641109298535
1 0.666015625 0.3890701468189233 0.02421875 0.053833605220228384
1 0.724609375 0.4086460032626427 0.02421875 0.06035889070146819
1 0.700390625 0.21207177814029363 0.01484375 0.04241435562805873
1 0.72265625 0.2765089722675367 0.015625 0.04730831973898858
1 0.758203125 0.29200652528548127 0.01640625 0.04241435562805873
1 0.74765625 0.23083197389885807 0.0125 0.040783034257748776
1 0.733984375 0.21615008156606852 0.01015625 0.037520391517128875
1 0.7609375 0.200652528548124 0.0125 0.03915171288743882
1 0.782421875 0.199836867862969 0.01328125 0.037520391517128875
1 0.778125 0.1761827079934747 0.0125 0.03262642740619902
1 0.8125 0.1867862969004894 0.015625 0.037520391517128875
1 0.82890625 0.2275693311582382 0.0125 0.03425774877650897
1 0.836328125 0.21125611745513867 0.01328125 0.037520391517128875
1 0.804296875 0.3083197389885807 0.01640625 0.052202283849918436
1 0.798046875 0.2536704730831974 0.01484375 0.040783034257748776
1 0.7921875 0.44861337683523655 0.0296875 0.08156606851549755
1 0.86875 0.5065252854812398 0.028125 0.0734094616639478
1 0.8875 0.3931484502446982 0.0203125 0.05872756933115824
1 0.861328125 0.3621533442088091 0.01796875 0.052202283849918436
1 0.87421875 0.29445350734094616 0.0140625 0.040783034257748776
1 0.926953125 0.32381729200652526 0.01328125 0.04404567699836868
1 0.953515625 0.35807504078303426 0.01796875 0.04730831973898858
1 0.976171875 0.35807504078303426 0.01171875 0.04730831973898858
1 0.94140625 0.4184339314845024 0.015625 0.053833605220228384
1 0.979296875 0.3172920065252855 0.01015625 0.040783034257748776
1 0.98125 0.25122349102773245 0.0109375 0.03588907014681892
1 0.976953125 0.2936378466557912 0.01328125 0.03262642740619902
1 0.951953125 0.24469820554649266 0.01015625 0.02936378466557912
1 0.932421875 0.2634584013050571 0.01328125 0.037520391517128875
1 0.90390625 0.2536704730831974 0.0125 0.03425774877650897
1 0.90703125 0.22185970636215335 0.0109375 0.03262642740619902
1 0.88984375 0.27487765089722677 0.0125 0.04404567699836868
1 0.882421875 0.23409461663947798 0.01328125 0.037520391517128875
1 0.86484375 0.22185970636215335 0.0140625 0.04241435562805873