1 0.137 0.44609665427509293 0.046 0.10408921933085502
1 0.094 0.44609665427509293 0.036 0.08178438661710037
1 0.064 0.4479553903345725 0.032 0.07063197026022305
1 0.031 0.4423791821561338 0.034 0.06691449814126393
1 0.223 0.45539033457249073 0.054 0.13011152416356878
1 0.187 0.4516728624535316 0.026 0.07063197026022305
1 0.281 0.4144981412639405 0.038 0.09293680297397769
1 0.3 0.42193308550185876 0.02 0.048327137546468404
1 0.321 0.44052044609665425 0.026 0.055762081784386616
1 0.336 0.4107806691449814 0.02 0.048327137546468404
1 0.383 0.42936802973977695 0.058 0.10780669144981413
1 0.426 0.4200743494423792 0.024 0.05947955390334572
1 0.444 0.4200743494423792 0.02 0.04460966542750929
1 0.481 0.4200743494423792 0.034 0.08178438661710037
1 0.456 0.3996282527881041 0.024 0.055762081784386616
1 0.5 0.41821561338289964 0.016 0.048327137546468404
1 0.521 0.4256505576208178 0.018 0.048327137546468404
1 0.563 0.4052044609665427 0.038 0.08178438661710037
1 0.64 0.39219330855018586 0.048 0.10037174721189591
1 0.667 0.4052044609665427 0.026 0.05947955390334572
1 0.721 0.4033457249070632 0.054 0.09293680297397769
1 0.784 0.4033457249070632 0.032 0.055762081784386616
1 0.851 0.4107806691449814 0.038 0.07063197026022305
1 0.907 0.40148698884758366 0.03 0.06691449814126393