1 0.041796875 0.20729166666666668 0.07890625 0.24791666666666667
1 0.178125 0.2838541666666667 0.121875 0.178125
1 0.3109375 0.23697916666666666 0.08125 0.14270833333333333
1 0.3984375 0.27760416666666665 0.06875 0.11979166666666667
1 0.521484375 0.31666666666666665 0.06328125 0.1125
1 0.46953125 0.37864583333333335 0.0296875 0.036458333333333336
1 0.590234375 0.39739583333333334 0.03046875 0.04895833333333333
1 0.668359375 0.2833333333333333 0.06484375 0.12083333333333333
1 0.664453125 0.50625 0.14296875 0.23125
1 0.834765625 0.2911458333333333 0.07109375 0.11979166666666667
1 0.97421875 0.3390625 0.0515625 0.11770833333333333