1 0.16416666666666666 0.18125 0.125 0.2175
1 0.1925 0.0775 0.06833333333333333 0.1
1 0.25166666666666665 0.07375 0.05 0.0775
1 0.35083333333333333 0.045 0.03833333333333333 0.055
1 0.38666666666666666 0.0975 0.056666666666666664 0.1
1 0.43916666666666665 0.06375 0.051666666666666666 0.0825
1 0.4141666666666667 0.02625 0.03166666666666667 0.0425
1 0.49166666666666664 0.0425 0.03 0.065
1 0.5375 0.205 0.135 0.28
1 0.5916666666666667 0.03875 0.043333333333333335 0.0675
1 0.5375 0.08 0.06166666666666667 0.09
1 0.6425 0.05625 0.03833333333333333 0.0925
1 0.8825 0.37875 0.235 0.4975