1 0.17110266159695817 0.46763392857142855 0.045627376425855515 0.08258928571428571
1 0.5887198986058302 0.0859375 0.011406844106463879 0.029017857142857144
1 0.6305449936628644 0.11272321428571429 0.011406844106463879 0.029017857142857144
1 0.6609632446134347 0.11495535714285714 0.016476552598225603 0.029017857142857144
1 0.6844106463878327 0.11495535714285714 0.012674271229404309 0.024553571428571428
1 0.7211660329531052 0.12834821428571427 0.015209125475285171 0.033482142857142856
1 0.6983523447401775 0.13058035714285715 0.015209125475285171 0.033482142857142856
1 0.8460076045627376 0.11160714285714286 0.01394169835234474 0.03125
1 0.7484157160963245 0.13727678571428573 0.016476552598225603 0.024553571428571428
1 0.7845373891001267 0.14955357142857142 0.015209125475285171 0.03125
1 0.8967046894803549 0.16517857142857142 0.016476552598225603 0.03571428571428571
1 0.9144486692015209 0.19084821428571427 0.016476552598225603 0.04241071428571429
1 0.94106463878327 0.19419642857142858 0.019011406844106463 0.044642857142857144
1 0.5196451204055766 0.13950892857142858 0.017743979721166033 0.029017857142857144
1 0.5443599493029151 0.13504464285714285 0.01394169835234474 0.024553571428571428
1 0.8700887198986058 0.19642857142857142 0.016476552598225603 0.03571428571428571
1 0.5709759188846641 0.16071428571428573 0.019011406844106463 0.03571428571428571
1 0.5975918884664132 0.13616071428571427 0.021546261089987327 0.03571428571428571
1 0.6286438529784537 0.14732142857142858 0.017743979721166033 0.026785714285714284
1 0.6463878326996197 0.15625 0.017743979721166033 0.04017857142857143
1 0.6768060836501901 0.19308035714285715 0.020278833967046894 0.05133928571428571
1 0.6977186311787072 0.18861607142857142 0.021546261089987327 0.03794642857142857
1 0.7237008871989861 0.17745535714285715 0.017743979721166033 0.04241071428571429
1 0.7363751584283904 0.18861607142857142 0.020278833967046894 0.04241071428571429
1 0.7718631178707225 0.19866071428571427 0.022813688212927757 0.049107142857142856
1 0.7972116603295311 0.19308035714285715 0.020278833967046894 0.046875
1 0.8548795944233206 0.23102678571428573 0.016476552598225603 0.04241071428571429
1 0.8314321926489227 0.18973214285714285 0.020278833967046894 0.049107142857142856
1 0.820659062103929 0.22209821428571427 0.024081115335868188 0.05133928571428571
1 0.8833967046894804 0.23995535714285715 0.017743979721166033 0.06473214285714286
1 0.8979721166032953 0.20535714285714285 0.021546261089987327 0.04017857142857143
1 0.9359949302915083 0.23772321428571427 0.019011406844106463 0.03794642857142857
1 0.4480354879594423 0.15959821428571427 0.019011406844106463 0.029017857142857144
1 0.49049429657794674 0.15625 0.012674271229404309 0.03125
1 0.4619771863117871 0.15625 0.01394169835234474 0.03571428571428571
1 0.5209125475285171 0.17522321428571427 0.010139416983523447 0.029017857142857144
1 0.5893536121673004 0.18526785714285715 0.025348542458808618 0.044642857142857144
1 0.5551330798479087 0.20200892857142858 0.017743979721166033 0.04241071428571429
1 0.6425855513307985 0.20870535714285715 0.025348542458808618 0.05133928571428571
1 0.6679340937896071 0.2421875 0.025348542458808618 0.05580357142857143
1 0.7192648922686945 0.24888392857142858 0.021546261089987327 0.05580357142857143
1 0.7896070975918885 0.23772321428571427 0.02788339670468948 0.05133928571428571
1 0.8092522179974652 0.3002232142857143 0.029150823827629912 0.06473214285714286
1 0.8732572877059569 0.2845982142857143 0.025348542458808618 0.046875
1 0.8605830164765526 0.33482142857142855 0.025348542458808618 0.0625
1 0.9233206590621039 0.30357142857142855 0.021546261089987327 0.049107142857142856
1 0.9106463878326996 0.38950892857142855 0.024081115335868188 0.046875
1 0.34917617237008874 0.203125 0.016476552598225603 0.049107142857142856
1 0.4188846641318124 0.19084821428571427 0.01394169835234474 0.03794642857142857
1 0.4112801013941698 0.21875 0.016476552598225603 0.03125
1 0.4423320659062104 0.23102678571428573 0.017743979721166033 0.03794642857142857
1 0.4645120405576679 0.1953125 0.021546261089987327 0.04241071428571429
1 0.4797211660329531 0.24107142857142858 0.019011406844106463 0.04017857142857143
1 0.5690747782002535 0.2622767857142857 0.032953105196451206 0.060267857142857144
1 0.49619771863117873 0.2935267857142857 0.024081115335868188 0.05133928571428571
1 0.31368821292775667 0.24776785714285715 0.021546261089987327 0.044642857142857144
1 0.6311787072243346 0.26339285714285715 0.02788339670468948 0.05803571428571429
1 0.5513307984790875 0.32254464285714285 0.032953105196451206 0.06473214285714286
1 0.6096324461343473 0.3247767857142857 0.030418250950570342 0.06919642857142858
1 0.6673003802281369 0.30580357142857145 0.026615969581749048 0.05803571428571429
1 0.6869455006337135 0.36495535714285715 0.030418250950570342 0.060267857142857144
1 0.7743979721166033 0.3560267857142857 0.02788339670468948 0.06919642857142858
1 0.8384030418250951 0.3671875 0.029150823827629912 0.06473214285714286
1 0.3561470215462611 0.20647321428571427 0.017743979721166033 0.046875
1 0.4955640050697085 0.18861607142857142 0.022813688212927757 0.04241071428571429