1 0.2304921968787515 0.3954741379310345 0.05282112845138055 0.09267241379310345
1 0.3673469387755102 0.20689655172413793 0.026410564225690276 0.05603448275862069
1 0.536014405762305 0.19504310344827586 0.01800720288115246 0.040948275862068964
1 0.6224489795918368 0.22413793103448276 0.022809123649459785 0.04310344827586207
1 0.6668667466986795 0.20043103448275862 0.01800720288115246 0.034482758620689655
1 0.7046818727490997 0.20689655172413793 0.01920768307322929 0.03879310344827586
1 0.7448979591836735 0.21767241379310345 0.02040816326530612 0.03879310344827586
1 0.6620648259303722 0.25323275862068967 0.022809123649459785 0.05387931034482758
1 0.673469387755102 0.23275862068965517 0.01920768307322929 0.04310344827586207
1 0.7509003601440576 0.2823275862068966 0.022809123649459785 0.04741379310344827
1 0.7593037214885955 0.2683189655172414 0.02040816326530612 0.040948275862068964
1 0.7509003601440576 0.36530172413793105 0.030012004801920768 0.07974137931034483
1 0.8235294117647058 0.2661637931034483 0.021608643457382955 0.05387931034482758
1 0.8109243697478992 0.4073275862068966 0.030012004801920768 0.07758620689655173
1 0.9081632653061225 0.39762931034482757 0.03241296518607443 0.07112068965517242