1 0.8461538461538461 0.10821643286573146 0.013574660633484163 0.028056112224448898
1 0.870475113122172 0.12024048096192384 0.014705882352941176 0.03206412825651302
1 0.8817873303167421 0.10220440881763528 0.010180995475113122 0.028056112224448898
1 0.9360859728506787 0.10721442885771543 0.010180995475113122 0.026052104208416832
1 0.9123303167420814 0.14829659318637275 0.010180995475113122 0.02004008016032064
1 0.876131221719457 0.1903807615230461 0.014705882352941176 0.036072144288577156
1 0.915158371040724 0.19438877755511022 0.02262443438914027 0.04809619238476954
1 0.8093891402714932 0.16332665330661322 0.019230769230769232 0.050100200400801605
1 0.8195701357466063 0.13527054108216433 0.012443438914027148 0.026052104208416832
1 0.7997737556561086 0.12124248496993988 0.011312217194570135 0.026052104208416832
1 0.8642533936651584 0.2154308617234469 0.01583710407239819 0.03807615230460922
1 0.7822398190045249 0.11923847695390781 0.010180995475113122 0.026052104208416832
1 0.7601809954751131 0.1342685370741483 0.011312217194570135 0.03206412825651302
1 0.7748868778280543 0.13627254509018036 0.013574660633484163 0.03206412825651302
1 0.7256787330316742 0.125250501002004 0.014705882352941176 0.03406813627254509
1 0.7347285067873304 0.1432865731462926 0.014705882352941176 0.03807615230460922
1 0.751131221719457 0.17535070140280562 0.01809954751131222 0.03807615230460922
1 0.7709276018099548 0.2715430861723447 0.023755656108597284 0.05410821643286573
1 0.7290723981900452 0.18637274549098196 0.016968325791855202 0.04008016032064128
1 0.7324660633484162 0.22344689378757515 0.023755656108597284 0.05410821643286573
1 0.7030542986425339 0.21943887775551102 0.021493212669683258 0.05410821643286573
1 0.7081447963800905 0.2925851703406814 0.02262443438914027 0.06012024048096192
1 0.627262443438914 0.07014028056112225 0.010180995475113122 0.028056112224448898
1 0.6538461538461539 0.06012024048096192 0.013574660633484163 0.02404809619238477
1 0.6798642533936652 0.061122244488977955 0.011312217194570135 0.026052104208416832
1 0.6679864253393665 0.11523046092184369 0.010180995475113122 0.026052104208416832
1 0.6402714932126696 0.11422845691382766 0.011312217194570135 0.028056112224448898
1 0.6600678733031674 0.17334669338677355 0.014705882352941176 0.03406813627254509
1 0.6855203619909502 0.14128256513026052 0.013574660633484163 0.03406813627254509
1 0.7121040723981901 0.16633266533066132 0.012443438914027148 0.03206412825651302
1 0.6549773755656109 0.20340681362725452 0.020361990950226245 0.04609218436873747
1 0.623868778280543 0.2094188376753507 0.016968325791855202 0.04609218436873747
1 0.6713800904977375 0.3366733466933868 0.026018099547511313 0.06412825651302605
1 0.6052036199095022 0.250501002004008 0.020361990950226245 0.04408817635270541
1 0.5650452488687783 0.24348697394789579 0.021493212669683258 0.04609218436873747
1 0.619343891402715 0.1342685370741483 0.014705882352941176 0.03206412825651302
1 0.6035067873303167 0.07314629258517034 0.012443438914027148 0.03006012024048096
1 0.5520361990950227 0.08316633266533066 0.011312217194570135 0.022044088176352707
1 0.5729638009049773 0.1462925851703407 0.014705882352941176 0.036072144288577156
1 0.5723981900452488 0.17234468937875752 0.01583710407239819 0.036072144288577156
1 0.5288461538461539 0.13326653306613226 0.010180995475113122 0.026052104208416832
1 0.5475113122171946 0.1402805611222445 0.01583710407239819 0.03206412825651302
1 0.544683257918552 0.16332665330661322 0.012443438914027148 0.03406813627254509
1 0.4309954751131222 0.13827655310621242 0.013574660633484163 0.028056112224448898
1 0.4507918552036199 0.14228456913827656 0.012443438914027148 0.028056112224448898
1 0.4660633484162896 0.15130260521042085 0.013574660633484163 0.026052104208416832
1 0.3829185520361991 0.20040080160320642 0.010180995475113122 0.02404809619238477
1 0.4083710407239819 0.22144288577154309 0.013574660633484163 0.03406813627254509
1 0.4411764705882353 0.23547094188376755 0.01583710407239819 0.03807615230460922
1 0.41289592760180993 0.2655310621242485 0.01809954751131222 0.050100200400801605
1 0.34671945701357465 0.23346693386773548 0.016968325791855202 0.04208416833667335
1 0.3563348416289593 0.21442885771543085 0.013574660633484163 0.036072144288577156
1 0.2641402714932127 0.26152304609218435 0.012443438914027148 0.03006012024048096
1 0.2330316742081448 0.23847695390781562 0.01583710407239819 0.04008016032064128
1 0.3054298642533937 0.2575150300601202 0.020361990950226245 0.03807615230460922
1 0.48981900452488686 0.29759519038076154 0.02262443438914027 0.05811623246492986
1 0.5339366515837104 0.3106212424849699 0.02262443438914027 0.056112224448897796
1 0.5684389140271493 0.33867735470941884 0.023755656108597284 0.06412825651302605
1 0.19739819004524886 0.375751503006012 0.04411764705882353 0.09418837675350701