1 0.30606995884773663 0.2116788321167883 0.027777777777777776 0.04744525547445255
1 0.32613168724279834 0.19434306569343066 0.01646090534979424 0.03832116788321168
1 0.3420781893004115 0.19616788321167883 0.01954732510288066 0.03102189781021898
1 0.5344650205761317 0.15784671532846714 0.01748971193415638 0.041970802919708027
1 0.565843621399177 0.2965328467153285 0.043209876543209874 0.09306569343065693
1 0.6147119341563786 0.2363138686131387 0.021604938271604937 0.04927007299270073
1 0.6111111111111112 0.20985401459854014 0.018518518518518517 0.040145985401459854
1 0.6815843621399177 0.17791970802919707 0.01748971193415638 0.041970802919708027
1 0.6702674897119342 0.21806569343065693 0.021604938271604937 0.04562043795620438
1 0.6702674897119342 0.25547445255474455 0.0257201646090535 0.058394160583941604
1 0.7263374485596708 0.28375912408759124 0.02263374485596708 0.060218978102189784
1 0.7505144032921811 0.28193430656934304 0.029835390946502057 0.08211678832116788
1 0.7824074074074074 0.35492700729927007 0.050411522633744855 0.11496350364963503
1 0.7160493827160493 0.19525547445255476 0.018518518518518517 0.0364963503649635
1 0.8374485596707819 0.26916058394160586 0.02263374485596708 0.05656934306569343