1 0.3313840155945419 0.19156414762741653 0.021442495126705652 0.03163444639718805
1 0.34454191033138404 0.1678383128295255 0.02046783625730994 0.040421792618629174
1 0.48635477582846004 0.19156414762741653 0.03313840155945419 0.0632688927943761
1 0.5560428849902534 0.18892794376098418 0.02046783625730994 0.050966608084358524
1 0.577485380116959 0.22934973637961337 0.028265107212475632 0.054481546572934976
1 0.6174463937621832 0.18629173989455183 0.024366471734892786 0.0492091388400703
1 0.6447368421052632 0.22671353251318102 0.024366471734892786 0.0492091388400703
1 0.6890838206627681 0.23198594024604569 0.025341130604288498 0.05272407732864675
1 0.7514619883040936 0.27943760984182775 0.025341130604288498 0.056239015817223195
1 0.7694931773879142 0.2478031634446397 0.024366471734892786 0.056239015817223195
1 0.8299220272904484 0.15289982425307558 0.022417153996101363 0.0492091388400703
1 0.8260233918128655 0.2478031634446397 0.022417153996101363 0.05975395430579965
1 0.8226120857699805 0.3101933216168717 0.029239766081871343 0.07557117750439367
1 0.9117933723196882 0.3286467486818981 0.0341130604288499 0.08787346221441125
1 0.9317738791423001 0.28383128295254834 0.03508771929824561 0.07557117750439367