1 0.34210526315789475 0.07634730538922156 0.03313840155945419 0.06287425149700598
1 0.5233918128654971 0.27994011976047906 0.03313840155945419 0.0688622754491018
1 0.5467836257309941 0.30538922155688625 0.04873294346978557 0.0658682634730539
1 0.6072124756335283 0.31137724550898205 0.04093567251461988 0.059880239520958084
1 0.6481481481481481 0.3143712574850299 0.04093567251461988 0.0658682634730539
1 0.7202729044834308 0.31736526946107785 0.04483430799220273 0.0718562874251497
1 0.7982456140350878 0.3278443113772455 0.04093567251461988 0.08083832335329341
1 0.8411306042884991 0.3338323353293413 0.04873294346978557 0.08682634730538923
1 0.928849902534113 0.38772455089820357 0.06042884990253411 0.09880239520958084
1 0.8908382066276803 0.5449101796407185 0.10136452241715399 0.16766467065868262
1 0.6998050682261209 0.5449101796407185 0.08966861598440545 0.1497005988023952
1 0.601364522417154 0.6452095808383234 0.1111111111111111 0.18862275449101795
1 0.38499025341130605 0.75 0.13840155945419103 0.218562874251497
1 0.18226120857699804 0.6511976047904192 0.1189083820662768 0.15868263473053892
1 0.1354775828460039 0.5389221556886228 0.08771929824561403 0.1377245508982036
1 0.06140350877192982 0.5404191616766467 0.08382066276803118 0.1407185628742515