0 0.4302477183833116 0.34572490706319703 0.1303780964797914 0.483271375464684
0 0.49282920469361147 0.37732342007434944 0.028683181225554105 0.21189591078066913
0 0.711864406779661 0.45353159851301117 0.08344198174706649 0.3048327137546468
0 0.8539765319426337 0.5743494423791822 0.03650586701434159 0.1524163568773234
0 0.9035202086049544 0.4033457249070632 0.05215123859191656 0.1895910780669145
0 0.9758800521512386 0.4163568773234201 0.03780964797913951 0.16356877323420074
0 0.8402868318122555 0.379182156133829 0.048239895697522815 0.13382899628252787
0 0.29465449804432853 0.4795539033457249 0.05736636245110821 0.2527881040892193
0 0.23989569752281617 0.45724907063197023 0.07822685788787484 0.26022304832713755
0 0.046284224250325946 0.48698884758364314 0.07431551499348109 0.26765799256505574
1 0.6147327249022164 0.4256505576208178 0.07170795306388526 0.21933085501858737
1 0.7933507170795306 0.4591078066914498 0.027379400260756193 0.10037174721189591