1 0.06171548117154812 0.706989247311828 0.07740585774058577 0.10752688172043011
1 0.07426778242677824 0.6303763440860215 0.027196652719665274 0.0456989247311828
1 0.1108786610878661 0.6223118279569892 0.04184100418410042 0.056451612903225805
1 0.13807531380753138 0.6330645161290323 0.029288702928870293 0.051075268817204304
1 0.02092050209205021 0.635752688172043 0.03765690376569038 0.06182795698924731
1 0.02092050209205021 0.6854838709677419 0.03765690376569038 0.08064516129032258
1 0.13179916317991633 0.706989247311828 0.06694560669456066 0.10215053763440861
1 0.18828451882845187 0.7956989247311828 0.1506276150627615 0.1989247311827957
1 0.1799163179916318 0.6693548387096774 0.04184100418410042 0.06989247311827956
1 0.20397489539748953 0.6424731182795699 0.0397489539748954 0.05913978494623656
1 0.2102510460251046 0.6102150537634409 0.03556485355648536 0.053763440860215055
1 0.2803347280334728 0.7217741935483871 0.08368200836820083 0.12634408602150538
1 0.2918410041841004 0.6424731182795699 0.043933054393305436 0.06451612903225806
1 0.2719665271966527 0.6155913978494624 0.029288702928870293 0.04838709677419355
1 0.3054393305439331 0.6048387096774194 0.029288702928870293 0.04838709677419355
1 0.2719665271966527 0.5900537634408602 0.02510460251046025 0.03494623655913978
1 0.3043933054393305 0.581989247311828 0.027196652719665274 0.0456989247311828
1 0.3713389121338912 0.5188172043010753 0.027196652719665274 0.03763440860215054
1 0.3608786610878661 0.7043010752688172 0.05230125523012552 0.0913978494623656
1 0.3702928870292887 0.6559139784946236 0.03347280334728033 0.05913978494623656
1 0.41841004184100417 0.6922043010752689 0.05439330543933055 0.09408602150537634
1 0.39539748953974896 0.6397849462365591 0.02092050209205021 0.043010752688172046
1 0.41527196652719667 0.6209677419354839 0.027196652719665274 0.04838709677419355
1 0.42677824267782427 0.6478494623655914 0.029288702928870293 0.043010752688172046
1 0.45083682008368203 0.635752688172043 0.03138075313807531 0.051075268817204304
1 0.4497907949790795 0.6021505376344086 0.02510460251046025 0.04838709677419355
1 0.47384937238493724 0.6115591397849462 0.02301255230125523 0.04032258064516129
1 0.5083682008368201 0.6048387096774194 0.02510460251046025 0.04838709677419355
1 0.5010460251046025 0.6559139784946236 0.03138075313807531 0.04838709677419355
1 0.4811715481171548 0.706989247311828 0.11297071129707113 0.11290322580645161
1 0.5387029288702929 0.8266129032258065 0.16527196652719664 0.2553763440860215
1 0.5826359832635983 0.6895161290322581 0.060669456066945605 0.07795698924731183
1 0.5418410041841004 0.6129032258064516 0.03347280334728033 0.04838709677419355
1 0.5721757322175732 0.614247311827957 0.027196652719665274 0.051075268817204304
1 0.608786610878661 0.6223118279569892 0.029288702928870293 0.0456989247311828
1 0.6244769874476988 0.6653225806451613 0.0397489539748954 0.06182795698924731
1 0.6548117154811716 0.7110215053763441 0.06276150627615062 0.11559139784946236
1 0.7280334728033473 0.7526881720430108 0.12133891213389121 0.15591397849462366
1 0.7228033472803347 0.6505376344086021 0.04811715481171548 0.06989247311827956
1 0.6652719665271967 0.6491935483870968 0.02510460251046025 0.0456989247311828
1 0.6841004184100419 0.6330645161290323 0.029288702928870293 0.0456989247311828
1 0.6893305439330544 0.668010752688172 0.03556485355648536 0.056451612903225805
1 0.6359832635983264 0.603494623655914 0.029288702928870293 0.0456989247311828
1 0.7269874476987448 0.6061827956989247 0.03138075313807531 0.051075268817204304
1 0.7615062761506276 0.6276881720430108 0.029288702928870293 0.051075268817204304
1 0.7897489539748954 0.6008064516129032 0.03138075313807531 0.03494623655913978
1 0.8410041841004184 0.7002688172043011 0.07112970711297072 0.10483870967741936
1 0.8169456066945606 0.6559139784946236 0.03556485355648536 0.053763440860215055
1 0.8420502092050209 0.6330645161290323 0.03138075313807531 0.051075268817204304
1 0.8692468619246861 0.6075268817204301 0.03556485355648536 0.04838709677419355
1 0.9267782426778243 0.7688172043010753 0.10460251046025104 0.15591397849462366
1 0.9236401673640168 0.7016129032258065 0.06485355648535565 0.08602150537634409
1 0.9257322175732218 0.6612903225806451 0.0397489539748954 0.053763440860215055
1 0.9257322175732218 0.6276881720430108 0.03556485355648536 0.051075268817204304
1 0.946652719665272 0.6129032258064516 0.03556485355648536 0.06451612903225806