1 0.04375 0.4921875 0.0421875 0.059375
1 0.21796875 0.5604166666666667 0.0546875 0.06666666666666667
1 0.19375 0.5213541666666667 0.04375 0.053125
1 0.226171875 0.46458333333333335 0.03984375 0.04791666666666667
1 0.278515625 0.4901041666666667 0.03984375 0.053125
1 0.2578125 0.5151041666666667 0.05 0.06145833333333333
1 0.32578125 0.5072916666666667 0.0484375 0.058333333333333334
1 0.361328125 0.47760416666666666 0.03203125 0.051041666666666666
1 0.44765625 0.48072916666666665 0.0390625 0.053125
1 0.43828125 0.45677083333333335 0.0296875 0.03854166666666667
1 0.4875 0.4088541666666667 0.0328125 0.051041666666666666
1 0.52421875 0.484375 0.0328125 0.04375
1 0.5453125 0.5057291666666667 0.0390625 0.05520833333333333
1 0.48828125 0.5411458333333333 0.04375 0.06770833333333333
1 0.509765625 0.5817708333333333 0.04765625 0.06770833333333333
1 0.606640625 0.55625 0.04609375 0.075
1 0.60234375 0.49375 0.0359375 0.05416666666666667
1 0.667578125 0.503125 0.04453125 0.07291666666666667
1 0.749609375 0.4317708333333333 0.03515625 0.06145833333333333
1 0.818359375 0.4432291666666667 0.03359375 0.059375
1 0.72109375 0.6375 0.08125 0.11041666666666666
1 0.833984375 0.6296875 0.06328125 0.10729166666666666
1 0.884765625 0.5557291666666667 0.06015625 0.078125
1 0.946484375 0.5276041666666667 0.05078125 0.07395833333333333