1 0.11234329797492767 0.27796901893287435 0.01832208293153327 0.03614457831325301
1 0.3404050144648023 0.21428571428571427 0.015429122468659595 0.03270223752151463
1 0.4026036644165863 0.2469879518072289 0.01832208293153327 0.043029259896729774
1 0.4185149469623915 0.21600688468158347 0.015429122468659595 0.03270223752151463
1 0.44214079074252655 0.2117039586919105 0.020250723240115717 0.04475043029259897
1 0.502410800385728 0.21600688468158347 0.02507232401157184 0.039586919104991396
1 0.5125361620057859 0.1884681583476764 0.01832208293153327 0.039586919104991396
1 0.5366441658630665 0.193631669535284 0.01832208293153327 0.039586919104991396
1 0.5877531340405014 0.16609294320137694 0.022179363548698167 0.03614457831325301
1 0.6272902603664416 0.12392426850258176 0.01253616200578592 0.03098106712564544
1 0.6374156219864995 0.25645438898450945 0.02507232401157184 0.04819277108433735
1 0.662970106075217 0.1901893287435456 0.01832208293153327 0.04647160068846816
1 0.7025072324011572 0.1927710843373494 0.01832208293153327 0.0378657487091222
1 0.7193828351012537 0.29604130808950085 0.03085824493731919 0.06884681583476764
1 0.8404050144648023 0.33218588640275387 0.022179363548698167 0.06884681583476764
1 0.8654773384763742 0.2857142857142857 0.020250723240115717 0.055077452667814115
1 0.8336547733847638 0.22805507745266781 0.01832208293153327 0.04991394148020654
1 0.8413693346190936 0.20137693631669534 0.01832208293153327 0.03442340791738382
1 0.8871745419479267 0.22547332185886404 0.019286403085824494 0.04475043029259897
1 0.9411764705882353 0.24010327022375216 0.017357762777242044 0.039586919104991396
1 0.9271938283510125 0.2908777969018933 0.01832208293153327 0.04130808950086059