1 0.08306188925081433 0.37136929460580914 0.02768729641693811 0.06224066390041494
1 0.08428338762214983 0.4170124481327801 0.03013029315960912 0.06500691562932227
1 0.15757328990228012 0.3450899031811895 0.021986970684039087 0.056708160442600276
1 0.16327361563517914 0.37828492392807744 0.03013029315960912 0.0677731673582296
1 0.19340390879478828 0.3852005532503458 0.038273615635179156 0.08160442600276625
1 0.19543973941368079 0.31742738589211617 0.024429967426710098 0.05394190871369295
1 0.24633550488599348 0.2946058091286307 0.02687296416938111 0.05255878284923928
1 0.30822475570032576 0.2579529737206086 0.021986970684039087 0.05394190871369295
1 0.30456026058631924 0.3188105117565698 0.030944625407166124 0.0677731673582296
1 0.3326547231270358 0.25311203319502074 0.028501628664495113 0.06639004149377593
1 0.3330618892508143 0.3630705394190871 0.03420195439739414 0.07883817427385892
1 0.377442996742671 0.39349930843706776 0.039902280130293157 0.07883817427385892
1 0.38436482084690554 0.4633471645919779 0.04560260586319218 0.0912863070539419