1 0.19198312236286919 0.4424860853432282 0.04219409282700422 0.08348794063079777
1 0.3069620253164557 0.23654916512059368 0.02109704641350211 0.03525046382189239
1 0.34335443037974683 0.20686456400742115 0.020042194092827006 0.03153988868274583
1 0.40822784810126583 0.21799628942486085 0.016877637130801686 0.027829313543599257
1 0.44251054852320676 0.23747680890538034 0.020042194092827006 0.03339517625231911
1 0.4831223628691983 0.22912801484230055 0.02109704641350211 0.04267161410018553
1 0.41455696202531644 0.18460111317254174 0.016877637130801686 0.027829313543599257
1 0.4419831223628692 0.19294990723562153 0.016877637130801686 0.03339517625231911
1 0.42035864978902954 0.15398886827458255 0.017932489451476793 0.029684601113172542
1 0.4240506329113924 0.11410018552875696 0.016877637130801686 0.027829313543599257
1 0.46835443037974683 0.14285714285714285 0.012658227848101266 0.025974025974025976
1 0.479957805907173 0.17717996289424862 0.014767932489451477 0.03153988868274583
1 0.4873417721518987 0.14842300556586271 0.012658227848101266 0.022263450834879406
1 0.5068565400843882 0.14935064935064934 0.013713080168776372 0.027829313543599257
1 0.5158227848101266 0.1456400742115028 0.008438818565400843 0.02411873840445269
1 0.5253164556962026 0.14842300556586271 0.014767932489451477 0.03339517625231911
1 0.5432489451476793 0.14007421150278293 0.014767932489451477 0.027829313543599257
1 0.5622362869198312 0.15213358070500926 0.014767932489451477 0.029684601113172542
1 0.5453586497890295 0.17346938775510204 0.016877637130801686 0.03153988868274583
1 0.5580168776371308 0.19294990723562153 0.014767932489451477 0.03339517625231911
1 0.564873417721519 0.2560296846011132 0.026371308016877638 0.04823747680890538
1 0.49841772151898733 0.2782931354359926 0.026371308016877638 0.04452690166975881
1 0.5986286919831224 0.14656771799628943 0.017932489451476793 0.03339517625231911
1 0.6260548523206751 0.13358070500927643 0.015822784810126583 0.029684601113172542
1 0.5743670886075949 0.29035250463821893 0.028481012658227847 0.06493506493506493
1 0.635548523206751 0.20315398886827457 0.022151898734177215 0.05009276437847866
1 0.614451476793249 0.2782931354359926 0.024261603375527425 0.06307977736549165
1 0.6260548523206751 0.2987012987012987 0.028481012658227847 0.07050092764378478
1 0.6714135021097046 0.2912801484230056 0.026371308016877638 0.05194805194805195
1 0.6740506329113924 0.3320964749536178 0.03164556962025317 0.06679035250463822
1 0.6635021097046413 0.18923933209647495 0.0189873417721519 0.04081632653061224
1 0.6729957805907173 0.21428571428571427 0.016877637130801686 0.04638218923933209
1 0.7078059071729957 0.20037105751391465 0.0189873417721519 0.04081632653061224
1 0.7046413502109705 0.17439703153988867 0.0189873417721519 0.03710575139146568
1 0.7246835443037974 0.15862708719851576 0.014767932489451477 0.03525046382189239
1 0.7389240506329114 0.1901669758812616 0.015822784810126583 0.03153988868274583
1 0.7231012658227848 0.23098330241187384 0.022151898734177215 0.05009276437847866
1 0.8080168776371308 0.2077922077922078 0.0189873417721519 0.04823747680890538
1 0.8370253164556962 0.22727272727272727 0.017932489451476793 0.04267161410018553
1 0.814873417721519 0.25510204081632654 0.017932489451476793 0.05009276437847866
1 0.8027426160337553 0.2949907235621521 0.02109704641350211 0.06307977736549165
1 0.8713080168776371 0.29684601113172543 0.016877637130801686 0.04823747680890538
1 0.8686708860759493 0.3228200371057514 0.020042194092827006 0.055658627087198514
1 0.9024261603375527 0.3320964749536178 0.024261603375527425 0.07050092764378478
1 0.8960970464135021 0.41929499072356213 0.03059071729957806 0.08534322820037106
1 0.9309071729957806 0.24582560296846012 0.017932489451476793 0.04638218923933209
1 0.9040084388185654 0.10667903525046382 0.012658227848101266 0.027829313543599257
1 0.9219409282700421 0.11966604823747681 0.016877637130801686 0.03525046382189239
1 0.9725738396624473 0.11781076066790352 0.012658227848101266 0.03153988868274583
1 0.9731012658227848 0.15769944341372913 0.015822784810126583 0.03339517625231911