1 0.06552044609665428 0.41735537190082644 0.03438661710037175 0.06776859504132231
1 0.25743494423791824 0.2834710743801653 0.01486988847583643 0.02809917355371901
1 0.27927509293680297 0.28512396694214875 0.015799256505576207 0.02809917355371901
1 0.3066914498141264 0.2611570247933884 0.01858736059479554 0.03305785123966942
1 0.3447955390334573 0.271900826446281 0.016728624535315983 0.03801652892561983
1 0.3150557620817844 0.21983471074380165 0.011152416356877323 0.023140495867768594
1 0.3336431226765799 0.228099173553719 0.016728624535315983 0.026446280991735537
1 0.36105947955390333 0.21818181818181817 0.012081784386617101 0.026446280991735537
1 0.3745353159851301 0.21983471074380165 0.01486988847583643 0.026446280991735537
1 0.3828996282527881 0.2049586776859504 0.016728624535315983 0.03305785123966942
1 0.4065985130111524 0.23471074380165288 0.019516728624535316 0.03966942148760331
1 0.4275092936802974 0.26776859504132233 0.01858736059479554 0.03636363636363636
1 0.4423791821561338 0.23636363636363636 0.01858736059479554 0.03636363636363636
1 0.4632899628252788 0.228099173553719 0.017657992565055763 0.03636363636363636
1 0.4103159851301115 0.171900826446281 0.015799256505576207 0.026446280991735537
1 0.4395910780669145 0.19834710743801653 0.01486988847583643 0.026446280991735537
1 0.4697955390334573 0.1859504132231405 0.012081784386617101 0.02809917355371901
1 0.45260223048327136 0.18264462809917356 0.011152416356877323 0.01818181818181818
1 0.4298327137546468 0.18677685950413223 0.012081784386617101 0.023140495867768594
1 0.44842007434944237 0.14628099173553719 0.013940520446096654 0.024793388429752067
1 0.46886617100371747 0.15206611570247933 0.012081784386617101 0.026446280991735537
1 0.48280669144981414 0.16446280991735537 0.012081784386617101 0.02809917355371901
1 0.48559479553903345 0.1305785123966942 0.012081784386617101 0.026446280991735537
1 0.508364312267658 0.1859504132231405 0.016728624535315983 0.03140495867768595
1 0.5357806691449815 0.1884297520661157 0.017657992565055763 0.02975206611570248
1 0.5385687732342007 0.15702479338842976 0.013940520446096654 0.026446280991735537
1 0.5246282527881041 0.13884297520661157 0.012081784386617101 0.02975206611570248
1 0.5492565055762082 0.14214876033057852 0.013011152416356878 0.03636363636363636
1 0.5724907063197026 0.16033057851239668 0.01486988847583643 0.02975206611570248
1 0.5785315985130112 0.14049586776859505 0.013940520446096654 0.02975206611570248
1 0.5673791821561338 0.11074380165289256 0.010223048327137546 0.019834710743801654
1 0.5822490706319703 0.10330578512396695 0.012081784386617101 0.021487603305785124
1 0.591542750929368 0.11983471074380166 0.012081784386617101 0.02809917355371901
1 0.6101301115241635 0.13636363636363635 0.013940520446096654 0.024793388429752067
1 0.6259293680297398 0.11900826446280992 0.010223048327137546 0.023140495867768594
1 0.6245353159851301 0.1 0.00929368029739777 0.021487603305785124
1 0.6473048327137546 0.09586776859504133 0.012081784386617101 0.026446280991735537
1 0.66682156133829 0.11652892561983472 0.012081784386617101 0.024793388429752067
1 0.6844795539033457 0.10165289256198347 0.012081784386617101 0.02809917355371901
1 0.5381040892193308 0.31322314049586775 0.024163568773234202 0.047933884297520664
1 0.4809479553903346 0.2884297520661157 0.02137546468401487 0.04462809917355372
1 0.5683085501858736 0.24297520661157024 0.019516728624535316 0.04297520661157025
1 0.6036245353159851 0.2545454545454545 0.02137546468401487 0.04628099173553719
1 0.6143122676579925 0.2066115702479339 0.01858736059479554 0.03305785123966942
1 0.6561338289962825 0.21322314049586777 0.01858736059479554 0.04297520661157025
1 0.6473048327137546 0.17355371900826447 0.015799256505576207 0.03305785123966942
1 0.679368029739777 0.15867768595041323 0.016728624535315983 0.03636363636363636
1 0.7007434944237918 0.19917355371900827 0.020446096654275093 0.04462809917355372
1 0.70817843866171 0.17355371900826447 0.01486988847583643 0.02975206611570248
1 0.7216542750929368 0.15950413223140497 0.015799256505576207 0.03140495867768595
1 0.6640334572490706 0.25702479338842976 0.017657992565055763 0.04132231404958678
1 0.6658921933085502 0.3446280991735537 0.023234200743494422 0.0512396694214876
1 0.5938661710037175 0.34545454545454546 0.026022304832713755 0.049586776859504134
1 0.7077137546468402 0.2801652892561983 0.02137546468401487 0.04462809917355372
1 0.7774163568773235 0.2900826446280992 0.023234200743494422 0.04462809917355372
1 0.770910780669145 0.22644628099173553 0.019516728624535316 0.04297520661157025
1 0.7369888475836431 0.1925619834710744 0.016728624535315983 0.03140495867768595
1 0.7704460966542751 0.16115702479338842 0.011152416356877323 0.021487603305785124
1 0.7355947955390335 0.14545454545454545 0.010223048327137546 0.019834710743801654
1 0.7318773234200744 0.128099173553719 0.010223048327137546 0.024793388429752067
1 0.7537174721189591 0.10578512396694215 0.011152416356877323 0.026446280991735537
1 0.7760223048327137 0.1256198347107438 0.011152416356877323 0.023140495867768594
1 0.7662639405204461 0.12975206611570247 0.010223048327137546 0.024793388429752067
1 0.7908921933085502 0.13305785123966943 0.011152416356877323 0.024793388429752067
1 0.804368029739777 0.1231404958677686 0.012081784386617101 0.02809917355371901
1 0.8252788104089219 0.14132231404958678 0.013011152416356878 0.02809917355371901
1 0.7941449814126395 0.16198347107438016 0.015799256505576207 0.02975206611570248
1 0.8336431226765799 0.16859504132231404 0.013011152416356878 0.02975206611570248
1 0.841542750929368 0.1859504132231405 0.012081784386617101 0.03140495867768595
1 0.8169144981412639 0.2528925619834711 0.01486988847583643 0.03636363636363636
1 0.8652416356877324 0.23140495867768596 0.013011152416356878 0.03966942148760331
1 0.8861524163568774 0.19421487603305784 0.012081784386617101 0.03140495867768595
1 0.8736059479553904 0.17107438016528925 0.01486988847583643 0.03140495867768595
1 0.8605947955390335 0.1305785123966942 0.011152416356877323 0.023140495867768594
1 0.8615241635687733 0.16033057851239668 0.011152416356877323 0.026446280991735537
1 0.8884758364312267 0.12975206611570247 0.00929368029739777 0.02809917355371901
1 0.8945167286245354 0.16115702479338842 0.012081784386617101 0.024793388429752067
1 0.9233271375464684 0.20743801652892563 0.013940520446096654 0.03140495867768595
1 0.9182156133828996 0.17768595041322313 0.011152416356877323 0.024793388429752067
1 0.921003717472119 0.15537190082644628 0.011152416356877323 0.023140495867768594
1 0.9256505576208178 0.2702479338842975 0.01858736059479554 0.047933884297520664