1 0.5186839967506093 0.2165021156558533 0.023558082859463852 0.0465444287729196
1 0.5475223395613322 0.20310296191819463 0.022745735174654752 0.039492242595204514
1 0.5357432981316004 0.17983074753173484 0.01868399675060926 0.03244005641748942
1 0.5800162469536961 0.10437235543018336 0.022745735174654752 0.036671368124118475
1 0.6015434606011373 0.09026798307475317 0.015434606011372868 0.028208744710860368
1 0.45491470349309504 0.1008462623413258 0.016246953696181964 0.03526093088857546
1 0.3785540211210398 0.11777150916784203 0.01462225832656377 0.03526093088857546
1 0.33265637692932576 0.1530324400564175 0.01868399675060926 0.03244005641748942
1 0.26157595450852966 0.19605077574047955 0.022745735174654752 0.036671368124118475
1 0.11129163281884646 0.2997179125528914 0.024370430544272948 0.04090267983074753
1 0.10194963444354184 0.34132581100141046 0.023558082859463852 0.039492242595204514
1 0.1636880584890333 0.304654442877292 0.020308692120227456 0.04231311706629055
1 0.23923639317627945 0.4203102961918195 0.04467912266450041 0.07334273624823695
1 0.21283509341998375 0.22849083215796898 0.016246953696181964 0.036671368124118475