1 0.18250539956803455 0.45703125 0.038876889848812095 0.08203125
1 0.2705183585313175 0.22265625 0.024838012958963283 0.046875
1 0.3072354211663067 0.220703125 0.0183585313174946 0.04296875
1 0.33369330453563717 0.1826171875 0.01511879049676026 0.037109375
1 0.3482721382289417 0.1845703125 0.016198704103671708 0.033203125
1 0.3488120950323974 0.2158203125 0.02159827213822894 0.041015625
1 0.38444924406047515 0.2724609375 0.02591792656587473 0.056640625
1 0.36825053995680346 0.2421875 0.019438444924406047 0.0390625
1 0.38660907127429806 0.2001953125 0.02159827213822894 0.044921875
1 0.3963282937365011 0.2294921875 0.02591792656587473 0.033203125
1 0.40982721382289417 0.1982421875 0.016198704103671708 0.041015625
1 0.39092872570194387 0.154296875 0.012958963282937365 0.02734375
1 0.4136069114470842 0.1572265625 0.01511879049676026 0.029296875
1 0.43844492440604754 0.14453125 0.012958963282937365 0.03515625
1 0.43952483801295894 0.185546875 0.017278617710583154 0.0390625
1 0.4605831533477322 0.2001953125 0.0183585313174946 0.037109375
1 0.47354211663066953 0.126953125 0.016198704103671708 0.02734375
1 0.47840172786177104 0.1416015625 0.012958963282937365 0.029296875
1 0.48812095032397407 0.15234375 0.012958963282937365 0.02734375
1 0.4978401727861771 0.1748046875 0.017278617710583154 0.037109375
1 0.519438444924406 0.1796875 0.017278617710583154 0.0390625
1 0.5070194384449244 0.1484375 0.014038876889848811 0.02734375
1 0.4924406047516199 0.109375 0.012958963282937365 0.0234375
1 0.5134989200863931 0.123046875 0.014038876889848811 0.03515625
1 0.5610151187904968 0.181640625 0.016198704103671708 0.0390625
1 0.5534557235421166 0.1689453125 0.0183585313174946 0.037109375
1 0.5437365010799136 0.142578125 0.016198704103671708 0.02734375
1 0.5599352051835853 0.146484375 0.016198704103671708 0.03125
1 0.5518358531317494 0.1201171875 0.012958963282937365 0.025390625
1 0.5890928725701944 0.1552734375 0.0183585313174946 0.033203125
1 0.5896328293736501 0.1025390625 0.012958963282937365 0.025390625
1 0.6225701943844493 0.134765625 0.011879049676025918 0.03125
1 0.6403887688984882 0.1533203125 0.012958963282937365 0.033203125
1 0.6641468682505399 0.1123046875 0.01511879049676026 0.041015625
1 0.6771058315334774 0.1015625 0.01511879049676026 0.03515625
1 0.6900647948164147 0.12109375 0.017278617710583154 0.03515625
1 0.6981641468682506 0.1015625 0.0183585313174946 0.03515625
1 0.6706263498920086 0.1728515625 0.019438444924406047 0.033203125
1 0.6484881209503239 0.142578125 0.014038876889848811 0.03515625
1 0.5912526997840173 0.2236328125 0.026997840172786176 0.044921875
1 0.6333693304535637 0.2294921875 0.02267818574514039 0.044921875
1 0.642548596112311 0.1923828125 0.02159827213822894 0.041015625
1 0.6781857451403888 0.2109375 0.019438444924406047 0.0390625
1 0.6830453563714903 0.251953125 0.03131749460043196 0.05078125
1 0.6960043196544277 0.3115234375 0.03779697624190065 0.076171875
1 0.7613390928725702 0.3505859375 0.03023758099352052 0.068359375
1 0.7899568034557235 0.2890625 0.026997840172786176 0.05859375
1 0.759719222462203 0.2421875 0.03131749460043196 0.05859375
1 0.7311015118790497 0.22265625 0.023758099352051837 0.05078125
1 0.7154427645788337 0.181640625 0.02267818574514039 0.046875
1 0.7267818574514039 0.140625 0.017278617710583154 0.0390625
1 0.7273218142548596 0.1748046875 0.0183585313174946 0.033203125
1 0.7489200863930886 0.1875 0.0183585313174946 0.0390625
1 0.744060475161987 0.1298828125 0.01511879049676026 0.029296875
1 0.7618790496760259 0.1220703125 0.011879049676025918 0.037109375
1 0.7759179265658748 0.140625 0.014038876889848811 0.03515625
1 0.7834773218142549 0.15625 0.014038876889848811 0.03125
1 0.7980561555075594 0.1240234375 0.01511879049676026 0.033203125
1 0.8088552915766739 0.1298828125 0.01511879049676026 0.037109375
1 0.8390928725701944 0.1572265625 0.01511879049676026 0.037109375
1 0.8212742980561555 0.17578125 0.016198704103671708 0.0390625
1 0.7937365010799136 0.203125 0.017278617710583154 0.0390625
1 0.8088552915766739 0.2001953125 0.023758099352051837 0.041015625
1 0.8250539956803455 0.2490234375 0.019438444924406047 0.044921875
1 0.8412526997840173 0.2236328125 0.02159827213822894 0.041015625
1 0.9146868250539957 0.3427734375 0.03455723542116631 0.076171875
1 0.8909287257019438 0.228515625 0.019438444924406047 0.046875
1 0.9244060475161987 0.2578125 0.02159827213822894 0.0546875
1 0.9400647948164147 0.220703125 0.0183585313174946 0.04296875
1 0.9292656587473002 0.1953125 0.016198704103671708 0.04296875
1 0.9422246220302376 0.18359375 0.0183585313174946 0.04296875
1 0.9044276457883369 0.18359375 0.020518358531317494 0.046875
1 0.8644708423326134 0.1708984375 0.016198704103671708 0.037109375