1 0.25273865414710484 0.27230046948356806 0.1298904538341158 0.22065727699530516
1 0.6275430359937402 0.4096244131455399 0.15023474178403756 0.2652582159624413
1 0.8341158059467919 0.49413145539906106 0.20970266040688576 0.3028169014084507
1 0.9342723004694836 0.6185446009389671 0.12832550860719874 0.4014084507042254
1 0.905320813771518 0.24178403755868544 0.14241001564945227 0.24882629107981222
1 0.9264475743348983 0.08098591549295775 0.06885758998435054 0.12441314553990611
1 0.8317683881064163 0.10446009389671361 0.08294209702660407 0.13849765258215962
1 0.7762128325508607 0.07042253521126761 0.0594679186228482 0.107981220657277
1 0.729264475743349 0.11737089201877934 0.07198748043818466 0.11737089201877934
1 0.6604068857589984 0.07042253521126761 0.0594679186228482 0.09389671361502347
1 0.6251956181533647 0.06103286384976526 0.054773082942097026 0.107981220657277
1 0.46322378716744916 0.1431924882629108 0.06572769953051644 0.107981220657277
1 0.5164319248826291 0.357981220657277 0.17214397496087636 0.31690140845070425
1 0.35602503912363065 0.11267605633802817 0.06103286384976526 0.09389671361502347
1 0.4397496087636933 0.05868544600938967 0.0594679186228482 0.07042253521126761
1 0.2918622848200313 0.09389671361502347 0.051643192488262914 0.09389671361502347
1 0.2237871674491393 0.15023474178403756 0.081377151799687 0.13615023474178403
1 0.07120500782472614 0.21830985915492956 0.10172143974960876 0.12206572769953052
1 0.07668231611893583 0.5363849765258216 0.14084507042253522 0.3215962441314554
1 0.20970266040688576 0.04812206572769953 0.0594679186228482 0.07746478873239436
1 0.16118935837245696 0.05516431924882629 0.046948356807511735 0.08685446009389672