1 0.050347222222222224 0.48032407407407407 0.04513888888888889 0.06117724867724868
1 0.08978174603174603 0.5403439153439153 0.05505952380952381 0.06944444444444445
1 0.3152281746031746 0.5302579365079365 0.05952380952380952 0.08300264550264551
1 0.29055059523809523 0.4837962962962963 0.04141865079365079 0.06613756613756613
1 0.42237103174603174 0.5924272486772487 0.10218253968253968 0.14715608465608465
1 0.4871031746031746 0.5548941798941799 0.04811507936507937 0.09193121693121693
1 0.45882936507936506 0.4636243386243386 0.03670634920634921 0.062169312169312166
1 0.5610119047619048 0.49718915343915343 0.032242063492063495 0.055224867724867725
1 0.6297123015873016 0.49520502645502645 0.0496031746031746 0.08498677248677249
1 0.6997767857142857 0.5734126984126984 0.078125 0.13558201058201058
1 0.8373015873015873 0.5257936507936508 0.04811507936507937 0.082010582010582