1 0.07109375 0.7340425531914894 0.0796875 0.1347517730496454
1 0.13359375 0.6583924349881797 0.0578125 0.1016548463356974
1 0.20546875 0.6773049645390071 0.0546875 0.1016548463356974
1 0.2578125 0.7115839243498818 0.071875 0.11347517730496454
1 0.3390625 0.7907801418439716 0.184375 0.29550827423167847
1 0.47421875 0.7245862884160756 0.1203125 0.19148936170212766
1 0.5890625 0.6985815602836879 0.0875 0.16312056737588654
1 0.64453125 0.6524822695035462 0.0734375 0.1182033096926714
1 0.6109375 0.5260047281323877 0.05 0.07801418439716312
1 0.81953125 0.8191489361702128 0.1734375 0.2293144208037825
1 0.8765625 0.7056737588652482 0.090625 0.13002364066193853