1 0.04616477272727273 0.7064950980392157 0.08745941558441558 0.15747549019607843
1 0.07234172077922078 0.5654105392156863 0.05864448051948052 0.09283088235294118
1 0.030336850649350648 0.5505514705882353 0.060267857142857144 0.08884803921568628
1 0.208299512987013 0.5626531862745098 0.05458603896103896 0.10447303921568628
1 0.28601866883116883 0.5494791666666666 0.046875 0.06954656862745098
1 0.2825689935064935 0.7185968137254902 0.09598214285714286 0.18596813725490197
1 0.1773538961038961 0.9105392156862745 0.1680194805194805 0.17892156862745098
1 0.372463474025974 0.5669424019607843 0.060267857142857144 0.09589460784313726
1 0.4173092532467532 0.5805759803921569 0.044845779220779224 0.07720588235294118
1 0.3952922077922078 0.5045955882352942 0.032873376623376624 0.06433823529411764
1 0.6226663961038961 0.5373774509803921 0.03835227272727273 0.06433823529411764
1 0.7059659090909091 0.5500919117647058 0.05397727272727273 0.0940563725490196
1 0.8038758116883117 0.7639399509803921 0.10004058441558442 0.1878063725490196
1 0.8224431818181818 0.5514705882352942 0.06290584415584416 0.10355392156862746
1 0.9643871753246753 0.6344975490196079 0.07122564935064934 0.13174019607843138
1 0.9543425324675324 0.5742953431372549 0.07061688311688312 0.10263480392156862