1 0.0665 0.8443333333333334 0.128 0.196
1 0.120625 0.5876666666666667 0.07425 0.11133333333333334
1 0.1775 0.58 0.059 0.096
1 0.322625 0.6513333333333333 0.08875 0.12733333333333333
1 0.301125 0.5896666666666667 0.07575 0.10933333333333334
1 0.340875 0.5431666666666667 0.05525 0.097
1 0.444625 0.5376666666666666 0.06275 0.1
1 0.516125 0.5228333333333334 0.06825 0.097
1 0.512375 0.6011666666666666 0.09225 0.12033333333333333
1 0.57675 0.36483333333333334 0.0635 0.08566666666666667
1 0.63925 0.5486666666666666 0.0705 0.104
1 0.5965 0.6866666666666666 0.115 0.15333333333333332
1 0.514375 0.9215 0.19625 0.15633333333333332
1 0.701 0.57 0.0515 0.082
1 0.784 0.5118333333333334 0.0615 0.095
1 0.805125 0.6468333333333334 0.10675 0.14233333333333334
1 0.854875 0.568 0.07125 0.102
1 0.886375 0.5138333333333334 0.05075 0.085
1 0.948375 0.5053333333333333 0.08275 0.122