1 0.04050464807436919 0.5636132315521628 0.05444887118193891 0.10941475826972011
1 0.18791500664010624 0.6717557251908397 0.0199203187250996 0.04071246819338423
1 0.21248339973439576 0.6666666666666666 0.02390438247011952 0.04580152671755725
1 0.19654714475431606 0.7035623409669212 0.02656042496679947 0.04834605597964377
1 0.24236387782204516 0.7150127226463104 0.027888446215139442 0.061068702290076333
1 0.3041168658698539 0.6946564885496184 0.0398406374501992 0.07124681933842239
1 0.3386454183266932 0.6641221374045801 0.02656042496679947 0.07124681933842239
1 0.3598937583001328 0.6539440203562341 0.021248339973439574 0.05089058524173028
1 0.3844621513944223 0.6921119592875318 0.03054448871181939 0.08142493638676845
1 0.4243027888446215 0.6424936386768448 0.02257636122177955 0.05343511450381679
1 0.45086321381142097 0.6323155216284987 0.0199203187250996 0.05343511450381679
1 0.5053120849933599 0.6793893129770993 0.03851261620185923 0.06615776081424936
1 0.5411686586985391 0.638676844783715 0.03054448871181939 0.05597964376590331
1 0.6195219123505976 0.6755725190839694 0.05179282868525897 0.10941475826972011
1 0.6434262948207171 0.6106870229007634 0.027888446215139442 0.06615776081424936
1 0.7549800796812749 0.7442748091603053 0.05444887118193891 0.1297709923664122
1 0.7795484727755644 0.6692111959287532 0.04249667994687915 0.09669211195928754
1 0.9468791500664011 0.6424936386768448 0.04780876494023904 0.10941475826972011
1 0.9867197875166003 0.6208651399491094 0.02656042496679947 0.08651399491094147
1 0.6115537848605578 0.6399491094147582 0.03054448871181939 0.0737913486005089