1 0.06076555023923445 0.49831932773109244 0.03923444976076555 0.07899159663865546
1 0.2885167464114832 0.23361344537815126 0.01818181818181818 0.03361344537815126
1 0.2885167464114832 0.2638655462184874 0.016267942583732056 0.03697478991596639
1 0.3033492822966507 0.2647058823529412 0.019138755980861243 0.03865546218487395
1 0.35454545454545455 0.26134453781512607 0.023923444976076555 0.03865546218487395
1 0.34258373205741627 0.21008403361344538 0.015311004784688996 0.03361344537815126
1 0.35645933014354064 0.2092436974789916 0.016267942583732056 0.03865546218487395
1 0.369377990430622 0.2218487394957983 0.01722488038277512 0.03697478991596639
1 0.40047846889952154 0.27983193277310925 0.02200956937799043 0.04201680672268908
1 0.38995215311004783 0.2747899159663866 0.020095693779904306 0.052100840336134456
1 0.41291866028708135 0.2134453781512605 0.01818181818181818 0.03697478991596639
1 0.39952153110047844 0.17983193277310924 0.016267942583732056 0.03361344537815126
1 0.38708133971291864 0.18487394957983194 0.016267942583732056 0.03697478991596639
1 0.42392344497607654 0.18907563025210083 0.01722488038277512 0.03529411764705882
1 0.45550239234449763 0.1773109243697479 0.015311004784688996 0.03529411764705882
1 0.46842105263157896 0.22268907563025211 0.020095693779904306 0.0453781512605042
1 0.49521531100478466 0.2218487394957983 0.023923444976076555 0.040336134453781515
1 0.4717703349282297 0.15714285714285714 0.01722488038277512 0.03529411764705882
1 0.47607655502392343 0.1361344537815126 0.014354066985645933 0.02689075630252101
1 0.5033492822966508 0.15714285714285714 0.01722488038277512 0.031932773109243695
1 0.4942583732057416 0.126890756302521 0.012440191387559809 0.021848739495798318
1 0.48708133971291867 0.17983193277310924 0.01722488038277512 0.03697478991596639
1 0.523444976076555 0.18067226890756302 0.01722488038277512 0.03529411764705882
1 0.539712918660287 0.19411764705882353 0.024880382775119617 0.04201680672268908
1 0.5497607655502392 0.15714285714285714 0.016267942583732056 0.031932773109243695
1 0.5741626794258373 0.13949579831932774 0.013397129186602871 0.030252100840336135
1 0.5755980861244019 0.11092436974789915 0.016267942583732056 0.030252100840336135
1 0.5808612440191387 0.16302521008403362 0.01722488038277512 0.030252100840336135
1 0.6004784688995215 0.11680672268907563 0.014354066985645933 0.031932773109243695
1 0.6071770334928229 0.13361344537815126 0.016267942583732056 0.025210084033613446
1 0.6272727272727273 0.11596638655462185 0.012440191387559809 0.030252100840336135
1 0.6330143540669857 0.1361344537815126 0.016267942583732056 0.030252100840336135
1 0.6593301435406699 0.11932773109243698 0.015311004784688996 0.03697478991596639
1 0.6966507177033493 0.11512605042016806 0.013397129186602871 0.02857142857142857
1 0.7033492822966507 0.1411764705882353 0.01722488038277512 0.03697478991596639
1 0.724401913875598 0.13949579831932774 0.01722488038277512 0.03697478991596639
1 0.6856459330143541 0.16974789915966387 0.01818181818181818 0.030252100840336135
1 0.6717703349282297 0.2008403361344538 0.019138755980861243 0.03865546218487395
1 0.6382775119617224 0.1991596638655462 0.022966507177033493 0.04873949579831933
1 0.5909090909090909 0.22016806722689075 0.02583732057416268 0.05378151260504202
1 0.591866028708134 0.28319327731092436 0.027751196172248804 0.05546218487394958
1 0.5229665071770335 0.2915966386554622 0.02583732057416268 0.04873949579831933
1 0.6215311004784689 0.25630252100840334 0.027751196172248804 0.05546218487394958
1 0.6497607655502392 0.3 0.03636363636363636 0.058823529411764705
1 0.6961722488038278 0.24789915966386555 0.02966507177033493 0.05546218487394958
1 0.7200956937799043 0.21176470588235294 0.02200956937799043 0.043697478991596636
1 0.7220095693779904 0.17563025210084032 0.016267942583732056 0.03529411764705882
1 0.738755980861244 0.1689075630252101 0.01722488038277512 0.03529411764705882
1 0.7631578947368421 0.18571428571428572 0.020095693779904306 0.04201680672268908
1 0.7870813397129187 0.19747899159663865 0.02200956937799043 0.0453781512605042
1 0.7803827751196172 0.15798319327731092 0.016267942583732056 0.030252100840336135
1 0.7660287081339713 0.1411764705882353 0.014354066985645933 0.02689075630252101
1 0.7669856459330143 0.11176470588235295 0.014354066985645933 0.02857142857142857
1 0.7813397129186603 0.12184873949579832 0.014354066985645933 0.031932773109243695
1 0.7913875598086124 0.1369747899159664 0.015311004784688996 0.03529411764705882
1 0.8129186602870814 0.15966386554621848 0.02200956937799043 0.03361344537815126
1 0.8291866028708134 0.1226890756302521 0.01818181818181818 0.030252100840336135
1 0.8315789473684211 0.14453781512605043 0.015311004784688996 0.030252100840336135
1 0.8483253588516746 0.14453781512605043 0.016267942583732056 0.030252100840336135
1 0.8588516746411483 0.17478991596638654 0.016267942583732056 0.03361344537815126
1 0.8650717703349282 0.15546218487394958 0.015311004784688996 0.03529411764705882
1 0.8497607655502393 0.20756302521008405 0.019138755980861243 0.04201680672268908
1 0.7717703349282297 0.2529411764705882 0.02583732057416268 0.04873949579831933
1 0.7411483253588517 0.28319327731092436 0.027751196172248804 0.06218487394957983
1 0.7885167464114833 0.29831932773109243 0.03062200956937799 0.052100840336134456
1 0.8631578947368421 0.28907563025210087 0.028708133971291867 0.05378151260504202
1 0.8822966507177034 0.22857142857142856 0.024880382775119617 0.05042016806722689
1 0.9119617224880383 0.20756302521008405 0.022966507177033493 0.04201680672268908
1 0.9095693779904306 0.1672268907563025 0.014354066985645933 0.03529411764705882
1 0.9138755980861244 0.1495798319327731 0.015311004784688996 0.02689075630252101
1 0.9473684210526315 0.23361344537815126 0.022966507177033493 0.040336134453781515
1 0.9411483253588516 0.2773109243697479 0.023923444976076555 0.05378151260504202