1 0.0804552590266876 0.504950495049505 0.044740973312401885 0.07637906647807638
1 0.20839874411302983 0.3564356435643564 0.019623233908948195 0.02545968882602546
1 0.24646781789638933 0.36704384724186706 0.023547880690737835 0.03253182461103253
1 0.28492935635792777 0.36916548797736914 0.02197802197802198 0.033946251768033946
1 0.3284929356357928 0.36916548797736914 0.025902668759811617 0.039603960396039604
1 0.282574568288854 0.314002828854314 0.01726844583987441 0.028288543140028287
1 0.35282574568288855 0.30056577086280056 0.027472527472527472 0.03253182461103253
1 0.3449764521193093 0.33946251768033947 0.02433281004709576 0.033946251768033946
1 0.38069073783359497 0.33097595473833097 0.01726844583987441 0.031117397454031116
1 0.4010989010989011 0.355021216407355 0.01726844583987441 0.039603960396039604
1 0.3983516483516483 0.30905233380480907 0.019623233908948195 0.0297029702970297
1 0.4317111459968603 0.35148514851485146 0.02040816326530612 0.03253182461103253
1 0.45015698587127156 0.41937765205091937 0.01805337519623234 0.055162659123055166
1 0.5255102040816326 0.40806223479490805 0.025902668759811617 0.04667609618104668
1 0.5604395604395604 0.4434229137199434 0.02197802197802198 0.055162659123055166
1 0.6138147566718996 0.458981612446959 0.029827315541601257 0.05799151343705799
1 0.6781789638932496 0.5261669024045261 0.023547880690737835 0.07355021216407355
1 0.7759026687598116 0.5452616690240453 0.033751962323390894 0.06647807637906648
1 0.5404238618524333 0.35148514851485146 0.022762951334379906 0.03253182461103253
1 0.489403453689168 0.33804809052333806 0.01805337519623234 0.036775106082036775
1 0.4595761381475667 0.30975954738330974 0.016483516483516484 0.02263083451202263
1 0.4305337519623234 0.30975954738330974 0.01805337519623234 0.033946251768033946
1 0.5781004709576139 0.3274398868458274 0.022762951334379906 0.0297029702970297
1 0.6495290423861853 0.3783592644978784 0.029042386185243328 0.04101838755304102
1 0.6357927786499215 0.34016973125884015 0.02197802197802198 0.03253182461103253
1 0.6707221350078493 0.35007072135785006 0.025902668759811617 0.03536067892503536
1 0.7158555729984302 0.4115983026874116 0.02511773940345369 0.056577086280056574
1 0.7645211930926217 0.42503536067892506 0.026687598116169546 0.05233380480905234
1 0.771978021978022 0.3642149929278642 0.022762951334379906 0.04384724186704385
1 0.8139717425431711 0.4448373408769448 0.02511773940345369 0.05799151343705799
1 0.8771585557299842 0.47736916548797736 0.016483516483516484 0.055162659123055166
1 0.8897174254317112 0.4024045261669024 0.025902668759811617 0.04667609618104668
1 0.8316326530612245 0.3811881188118812 0.02119309262166405 0.04950495049504951
1 0.8492935635792779 0.3578500707213578 0.02040816326530612 0.036775106082036775
1 0.8171114599686028 0.3175388967468175 0.02197802197802198 0.03536067892503536
1 0.7959183673469388 0.3465346534653465 0.018838304552590265 0.042432814710042434
1 0.7743328100470958 0.3118811881188119 0.025902668759811617 0.04101838755304102
1 0.7339089481946625 0.297029702970297 0.02511773940345369 0.039603960396039604
1 0.7009419152276295 0.29207920792079206 0.018838304552590265 0.03253182461103253
1 0.706436420722135 0.26308345120226306 0.01726844583987441 0.028288543140028287
1 0.6824960753532182 0.26308345120226306 0.016483516483516484 0.031117397454031116
1 0.6546310832025117 0.2722772277227723 0.01726844583987441 0.026874115983026876
1 0.6142072213500785 0.25035360678925034 0.016483516483516484 0.02263083451202263
1 0.6134222919937206 0.3026874115983027 0.016483516483516484 0.036775106082036775
1 0.5459183673469388 0.28005657708628007 0.01805337519623234 0.02263083451202263
1 0.5596546310832025 0.2581329561527581 0.012558869701726845 0.026874115983026876
1 0.542386185243328 0.22065063649222066 0.015698587127158554 0.033946251768033946
1 0.5133437990580848 0.27934936350777934 0.01726844583987441 0.03253182461103253
1 0.48194662480376765 0.2694483734087694 0.01726844583987441 0.0297029702970297
1 0.46153846153846156 0.2708628005657709 0.02040816326530612 0.03253182461103253
1 0.42700156985871274 0.2743988684582744 0.02040816326530612 0.036775106082036775
1 0.4030612244897959 0.268033946251768 0.011773940345368918 0.026874115983026876
1 0.3881475667189953 0.256011315417256 0.01805337519623234 0.039603960396039604
1 0.44191522762951335 0.256011315417256 0.015698587127158554 0.028288543140028287
1 0.5930141287284144 0.21074964639321075 0.011773940345368918 0.028288543140028287
1 0.6071428571428571 0.21994342291371993 0.01020408163265306 0.024045261669024046
1 0.6514913657770801 0.2362093352192362 0.012558869701726845 0.031117397454031116
1 0.6632653061224489 0.22913719943422914 0.012558869701726845 0.031117397454031116
1 0.7551020408163265 0.24328147100424327 0.012558869701726845 0.031117397454031116
1 0.826138147566719 0.2694483734087694 0.01805337519623234 0.03536067892503536
1 0.8084772370486656 0.2652050919377652 0.0141287284144427 0.03536067892503536
1 0.5796703296703297 0.25884016973125884 0.016483516483516484 0.02545968882602546
1 0.49411302982731553 0.25954738330975957 0.01020408163265306 0.026874115983026876
1 0.8634222919937206 0.33663366336633666 0.0141287284144427 0.031117397454031116
1 0.8967817896389325 0.36704384724186706 0.016483516483516484 0.03536067892503536
1 0.8999215070643642 0.31824611032531824 0.014913657770800628 0.031117397454031116
1 0.8657770800627943 0.30622347949080625 0.015698587127158554 0.024045261669024046
1 0.8449764521193093 0.26449787835926447 0.013343799058084773 0.031117397454031116
1 0.9003139717425431 0.28642149929278643 0.01726844583987441 0.03253182461103253
1 0.7221350078492935 0.24186704384724186 0.015698587127158554 0.036775106082036775
1 0.6318681318681318 0.22347949080622348 0.01098901098901099 0.028288543140028287
1 0.5180533751962323 0.2581329561527581 0.015698587127158554 0.03536067892503536
1 0.45839874411302983 0.24328147100424327 0.0141287284144427 0.031117397454031116
1 0.6671899529042387 0.32885431400282883 0.018838304552590265 0.03818953323903819
1 0.7892464678178964 0.28076379066478074 0.013343799058084773 0.03818953323903819
1 0.7480376766091051 0.27015558698727016 0.015698587127158554 0.042432814710042434