1 0.38703339882121807 0.2681034482758621 0.019646365422396856 0.039655172413793106
1 0.34970530451866405 0.24051724137931035 0.021611001964636542 0.039655172413793106
1 0.44351669941060906 0.22413793103448276 0.018664047151277015 0.04482758620689655
1 0.3993123772102161 0.12931034482758622 0.014734774066797643 0.034482758620689655
1 0.49214145383104124 0.3086206896551724 0.0275049115913556 0.05862068965517241
1 0.5466601178781926 0.32413793103448274 0.02848722986247544 0.05862068965517241
1 0.587426326129666 0.38448275862068965 0.029469548133595286 0.04827586206896552
1 0.631139489194499 0.24224137931034484 0.022593320235756387 0.04310344827586207
1 0.6586444007858546 0.2189655172413793 0.022593320235756387 0.04827586206896552
1 0.5609037328094303 0.12413793103448276 0.0137524557956778 0.02413793103448276
1 0.5722003929273084 0.12931034482758622 0.012770137524557957 0.027586206896551724
1 0.5987229862475442 0.1103448275862069 0.010805500982318271 0.027586206896551724
1 0.7833988212180747 0.2836206896551724 0.02848722986247544 0.06724137931034482
1 0.8487229862475442 0.3103448275862069 0.029469548133595286 0.06551724137931035
1 0.9101178781925344 0.14741379310344827 0.014734774066797643 0.02586206896551724
1 0.93713163064833 0.15258620689655172 0.0137524557956778 0.029310344827586206