1 0.0586046511627907 0.412106135986733 0.035348837209302326 0.0812603648424544
1 0.2534883720930233 0.2827529021558872 0.021395348837209303 0.03150912106135987
1 0.287906976744186 0.2678275290215589 0.017674418604651163 0.03150912106135987
1 0.30930232558139537 0.2835820895522388 0.017674418604651163 0.03980099502487562
1 0.31534883720930235 0.25456053067993367 0.018604651162790697 0.03814262023217247
1 0.30883720930232555 0.22553897180762852 0.01674418604651163 0.026533996683250415
1 0.34232558139534885 0.22470978441127695 0.018604651162790697 0.03150912106135987
1 0.34232558139534885 0.2752902155887231 0.022325581395348838 0.03648424543946932
1 0.37069767441860463 0.21393034825870647 0.01581395348837209 0.03316749585406302
1 0.3818604651162791 0.19900497512437812 0.017674418604651163 0.02321724709784411
1 0.38372093023255816 0.21227197346600332 0.01581395348837209 0.03316749585406302
1 0.39813953488372095 0.296849087893864 0.020465116279069766 0.04311774461028192
1 0.42511627906976746 0.21890547263681592 0.018604651162790697 0.029850746268656716
1 0.42372093023255814 0.1857379767827529 0.01581395348837209 0.03648424543946932
1 0.42790697674418604 0.16832504145936983 0.014883720930232559 0.024875621890547265
1 0.45069767441860464 0.14925373134328357 0.01581395348837209 0.029850746268656716
1 0.45348837209302323 0.1691542288557214 0.013953488372093023 0.03648424543946932
1 0.4553488372093023 0.2197346600331675 0.01581395348837209 0.03814262023217247
1 0.44 0.19402985074626866 0.018604651162790697 0.029850746268656716
1 0.4720930232558139 0.14925373134328357 0.012093023255813953 0.02321724709784411
1 0.47674418604651164 0.16500829187396351 0.017674418604651163 0.028192371475953566
1 0.47767441860465115 0.19402985074626866 0.01581395348837209 0.029850746268656716
1 0.493953488372093 0.2023217247097844 0.020465116279069766 0.03648424543946932
1 0.4823255813953488 0.22719734660033167 0.017674418604651163 0.03980099502487562
1 0.48186046511627906 0.29850746268656714 0.026046511627906978 0.04311774461028192
1 0.48511627906976745 0.13266998341625208 0.012093023255813953 0.026533996683250415
1 0.5162790697674419 0.15671641791044777 0.01674418604651163 0.024875621890547265
1 0.5065116279069768 0.17661691542288557 0.021395348837209303 0.03814262023217247
1 0.5213953488372093 0.1384742951907131 0.017674418604651163 0.03150912106135987
1 0.5362790697674419 0.1625207296849088 0.01581395348837209 0.03648424543946932
1 0.5432558139534883 0.1956882255389718 0.014883720930232559 0.03980099502487562
1 0.5474418604651162 0.14013266998341625 0.012093023255813953 0.028192371475953566
1 0.5553488372093023 0.14676616915422885 0.011162790697674419 0.028192371475953566
1 0.564186046511628 0.16998341625207297 0.01581395348837209 0.03814262023217247
1 0.5720930232558139 0.15754560530679934 0.014883720930232559 0.029850746268656716
1 0.5609302325581396 0.11359867330016583 0.014883720930232559 0.024875621890547265
1 0.5804651162790697 0.1310116086235489 0.014883720930232559 0.026533996683250415
1 0.6023255813953489 0.10033167495854063 0.01581395348837209 0.028192371475953566
1 0.6065116279069768 0.11359867330016583 0.014883720930232559 0.024875621890547265
1 0.6190697674418605 0.10033167495854063 0.010232558139534883 0.02155887230514096
1 0.6353488372093024 0.10530679933665009 0.013023255813953489 0.028192371475953566
1 0.6437209302325582 0.11608623548922056 0.011162790697674419 0.026533996683250415
1 0.6683720930232558 0.12271973466003316 0.01581395348837209 0.026533996683250415
1 0.6981395348837209 0.09867330016583747 0.012093023255813953 0.03150912106135987
1 0.6204651162790698 0.14262023217247097 0.01674418604651163 0.029850746268656716
1 0.6483720930232558 0.1791044776119403 0.018604651162790697 0.03648424543946932
1 0.6576744186046511 0.2064676616915423 0.018604651162790697 0.03814262023217247
1 0.6027906976744186 0.20812603648424544 0.020465116279069766 0.03814262023217247
1 0.6018604651162791 0.25538971807628524 0.024186046511627906 0.04311774461028192
1 0.5725581395348838 0.24543946932006633 0.025116279069767444 0.03980099502487562
1 0.5586046511627907 0.2943615257048093 0.025116279069767444 0.05140961857379768
1 0.5762790697674418 0.3681592039800995 0.02883720930232558 0.05306799336650083
1 0.6734883720930233 0.32918739635157546 0.03162790697674418 0.05804311774461028
1 0.6544186046511627 0.25538971807628524 0.025116279069767444 0.04975124378109453
1 0.7018604651162791 0.28524046434494194 0.02883720930232558 0.05638474295190713
1 0.6967441860465117 0.21393034825870647 0.022325581395348838 0.04975124378109453
1 0.6767441860465117 0.15339966832504145 0.01953488372093023 0.03814262023217247
1 0.7004651162790698 0.1451077943615257 0.01674418604651163 0.028192371475953566
1 0.7018604651162791 0.1791044776119403 0.01953488372093023 0.03980099502487562
1 0.7241860465116279 0.16666666666666666 0.01581395348837209 0.03482587064676617
1 0.7306976744186047 0.12354892205638475 0.013953488372093023 0.03150912106135987
1 0.7423255813953489 0.12023217247097844 0.014883720930232559 0.024875621890547265
1 0.7418604651162791 0.1417910447761194 0.01581395348837209 0.03150912106135987
1 0.7451162790697674 0.1857379767827529 0.01674418604651163 0.03648424543946932
1 0.7544186046511628 0.2512437810945274 0.020465116279069766 0.04809286898839138
1 0.7716279069767442 0.2943615257048093 0.025116279069767444 0.05804311774461028
1 0.7613953488372093 0.12769485903814262 0.013953488372093023 0.026533996683250415
1 0.7637209302325582 0.1583747927031509 0.01674418604651163 0.028192371475953566
1 0.7781395348837209 0.12106135986733002 0.012093023255813953 0.029850746268656716
1 0.792093023255814 0.13598673300165837 0.01581395348837209 0.03316749585406302
1 0.815813953488372 0.12603648424543948 0.013023255813953489 0.03316749585406302
1 0.8274418604651163 0.13930348258706468 0.013953488372093023 0.03648424543946932
1 0.8134883720930233 0.16334991708126037 0.012093023255813953 0.03482587064676617
1 0.7916279069767442 0.1865671641791045 0.01674418604651163 0.03482587064676617
1 0.8404651162790697 0.1865671641791045 0.01953488372093023 0.03482587064676617
1 0.846046511627907 0.1558872305140962 0.013953488372093023 0.03316749585406302
1 0.8655813953488372 0.1285240464344942 0.01581395348837209 0.03150912106135987
1 0.8627906976744186 0.16334991708126037 0.01581395348837209 0.03482587064676617
1 0.8651162790697674 0.21393034825870647 0.020465116279069766 0.03980099502487562
1 0.8767441860465116 0.19734660033167495 0.01581395348837209 0.03648424543946932
1 0.8846511627906977 0.175787728026534 0.014883720930232559 0.03316749585406302
1 0.893953488372093 0.13681592039800994 0.013023255813953489 0.03150912106135987
1 0.9232558139534883 0.15754560530679934 0.012093023255813953 0.02321724709784411
1 0.9311627906976744 0.16417910447761194 0.014883720930232559 0.03648424543946932
1 0.913953488372093 0.19237147595356552 0.017674418604651163 0.03980099502487562
1 0.9144186046511628 0.2885572139303483 0.024186046511627906 0.05306799336650083