1 0.06439393939393939 0.4483333333333333 0.043560606060606064 0.08
1 0.25142045454545453 0.28833333333333333 0.014204545454545454 0.02666666666666667
1 0.2897727272727273 0.2733333333333333 0.015151515151515152 0.03666666666666667
1 0.3072916666666667 0.2625 0.016098484848484848 0.03833333333333333
1 0.3328598484848485 0.2633333333333333 0.016098484848484848 0.03
1 0.3475378787878788 0.29583333333333334 0.017045454545454544 0.03166666666666667
1 0.33428030303030304 0.22083333333333333 0.015151515151515152 0.03166666666666667
1 0.3494318181818182 0.21833333333333332 0.00946969696969697 0.02666666666666667
1 0.359375 0.2175 0.01231060606060606 0.028333333333333332
1 0.3759469696969697 0.20583333333333334 0.013257575757575758 0.025
1 0.4010416666666667 0.21166666666666667 0.017992424242424244 0.03
1 0.4322916666666667 0.2708333333333333 0.019886363636363636 0.041666666666666664
1 0.4318181818181818 0.2175 0.013257575757575758 0.028333333333333332
1 0.4275568181818182 0.18666666666666668 0.01231060606060606 0.023333333333333334
1 0.4119318181818182 0.18 0.013257575757575758 0.02666666666666667
1 0.4616477272727273 0.22166666666666668 0.016098484848484848 0.03666666666666667
1 0.4422348484848485 0.20416666666666666 0.013257575757575758 0.028333333333333332
1 0.46875 0.19416666666666665 0.015151515151515152 0.028333333333333332
1 0.46259469696969696 0.17333333333333334 0.01231060606060606 0.02666666666666667
1 0.4559659090909091 0.14583333333333334 0.01231060606060606 0.021666666666666667
1 0.4739583333333333 0.15916666666666668 0.008522727272727272 0.025
1 0.48484848484848486 0.165 0.011363636363636364 0.023333333333333334
1 0.4891098484848485 0.13666666666666666 0.008522727272727272 0.02
1 0.5198863636363636 0.16166666666666665 0.013257575757575758 0.02666666666666667
1 0.521780303030303 0.21166666666666667 0.01893939393939394 0.03333333333333333
1 0.49384469696969696 0.22416666666666665 0.017992424242424244 0.03166666666666667
1 0.5071022727272727 0.19666666666666666 0.01231060606060606 0.02666666666666667
1 0.5558712121212122 0.1575 0.011363636363636364 0.025
1 0.537405303030303 0.13666666666666666 0.01231060606060606 0.023333333333333334
1 0.5625 0.11833333333333333 0.013257575757575758 0.02666666666666667
1 0.5743371212121212 0.18083333333333335 0.016098484848484848 0.028333333333333332
1 0.5833333333333334 0.15333333333333332 0.013257575757575758 0.023333333333333334
1 0.5932765151515151 0.1275 0.010416666666666666 0.021666666666666667
1 0.5928030303030303 0.10583333333333333 0.011363636363636364 0.021666666666666667
1 0.6245265151515151 0.14083333333333334 0.016098484848484848 0.03166666666666667
1 0.6278409090909091 0.10083333333333333 0.011363636363636364 0.025
1 0.6444128787878788 0.1175 0.014204545454545454 0.025
1 0.6444128787878788 0.10166666666666667 0.010416666666666666 0.02
1 0.6794507575757576 0.11916666666666667 0.014204545454545454 0.025
1 0.6993371212121212 0.1 0.014204545454545454 0.03
1 0.4910037878787879 0.2991666666666667 0.019886363636363636 0.045
1 0.5459280303030303 0.31166666666666665 0.021780303030303032 0.04666666666666667
1 0.5681818181818182 0.25666666666666665 0.015151515151515152 0.03666666666666667
1 0.6131628787878788 0.22 0.016098484848484848 0.03333333333333333
1 0.6160037878787878 0.265 0.019886363636363636 0.03666666666666667
1 0.6084280303030303 0.3383333333333333 0.023674242424242424 0.05
1 0.6766098484848485 0.33916666666666667 0.023674242424242424 0.04833333333333333
1 0.6642992424242424 0.255 0.021780303030303032 0.05
1 0.6567234848484849 0.20416666666666666 0.019886363636363636 0.041666666666666664
1 0.6638257575757576 0.1775 0.015151515151515152 0.03833333333333333
1 0.6946022727272727 0.17916666666666667 0.017992424242424244 0.035
1 0.696969696969697 0.14583333333333334 0.015151515151515152 0.028333333333333332
1 0.712594696969697 0.14583333333333334 0.01231060606060606 0.03166666666666667
1 0.7419507575757576 0.12166666666666667 0.014204545454545454 0.03
1 0.75 0.1375 0.013257575757575758 0.028333333333333332
1 0.7149621212121212 0.2808333333333333 0.022727272727272728 0.041666666666666664
1 0.7035984848484849 0.23083333333333333 0.020833333333333332 0.03833333333333333
1 0.7495265151515151 0.19916666666666666 0.014204545454545454 0.03166666666666667
1 0.759469696969697 0.17416666666666666 0.013257575757575758 0.03166666666666667
1 0.7741477272727273 0.13666666666666666 0.014204545454545454 0.023333333333333334
1 0.756155303030303 0.12333333333333334 0.014204545454545454 0.023333333333333334
1 0.7888257575757576 0.12416666666666666 0.011363636363636364 0.028333333333333332
1 0.803030303030303 0.1425 0.013257575757575758 0.028333333333333332
1 0.8210227272727273 0.125 0.013257575757575758 0.03
1 0.8271780303030303 0.165 0.014204545454545454 0.03333333333333333
1 0.8039772727272727 0.18 0.01893939393939394 0.03333333333333333
1 0.8366477272727273 0.13916666666666666 0.01231060606060606 0.021666666666666667
1 0.8541666666666666 0.15416666666666667 0.013257575757575758 0.028333333333333332
1 0.8740530303030303 0.13583333333333333 0.013257575757575758 0.028333333333333332
1 0.8645833333333334 0.18666666666666668 0.015151515151515152 0.03333333333333333
1 0.8754734848484849 0.23583333333333334 0.014204545454545454 0.03833333333333333
1 0.8920454545454546 0.19916666666666666 0.013257575757575758 0.03166666666666667
1 0.8996212121212122 0.17333333333333334 0.011363636363636364 0.02666666666666667
1 0.9029356060606061 0.145 0.010416666666666666 0.02
1 0.9370265151515151 0.16083333333333333 0.010416666666666666 0.025
1 0.9341856060606061 0.20333333333333334 0.016098484848484848 0.03
1 0.9071969696969697 0.16916666666666666 0.007575757575757576 0.021666666666666667
1 0.8148674242424242 0.24916666666666668 0.017992424242424244 0.045
1 0.7916666666666666 0.2941666666666667 0.020833333333333332 0.051666666666666666
1 0.7741477272727273 0.22916666666666666 0.021780303030303032 0.04833333333333333