1 0.11913357400722022 0.2564935064935065 0.01444043321299639 0.02922077922077922
1 0.26398916967509023 0.4074675324675325 0.04963898916967509 0.11363636363636363
1 0.28745487364620936 0.2353896103896104 0.013537906137184115 0.02922077922077922
1 0.29873646209386284 0.2418831168831169 0.016245487364620937 0.02922077922077922
1 0.36597472924187724 0.16233766233766234 0.017148014440433214 0.03896103896103896
1 0.38041516245487367 0.19155844155844157 0.013537906137184115 0.02922077922077922
1 0.41425992779783394 0.21022727272727273 0.01263537906137184 0.037337662337662336
1 0.4043321299638989 0.20941558441558442 0.01444043321299639 0.03896103896103896
1 0.47653429602888087 0.14366883116883117 0.019855595667870037 0.040584415584415584
1 0.6340252707581228 0.14042207792207792 0.015342960288808664 0.021103896103896104
1 0.6457581227436823 0.11444805194805195 0.011732851985559567 0.027597402597402596
1 0.6475631768953068 0.14366883116883117 0.013537906137184115 0.027597402597402596
1 0.726985559566787 0.0625 0.013537906137184115 0.03409090909090909
1 0.7495487364620939 0.13068181818181818 0.011732851985559567 0.027597402597402596
1 0.7644404332129964 0.1396103896103896 0.01444043321299639 0.02922077922077922
1 0.8194945848375451 0.2597402597402597 0.019855595667870037 0.05194805194805195
1 0.8619133574007221 0.1875 0.01444043321299639 0.03409090909090909
1 0.8840252707581228 0.2564935064935065 0.02075812274368231 0.045454545454545456
1 0.9129061371841155 0.2573051948051948 0.02075812274368231 0.04383116883116883
1 0.9323104693140795 0.18262987012987014 0.01263537906137184 0.03409090909090909