1 0.28732106339468305 0.2370304114490161 0.016359918200409 0.03398926654740608
1 0.294478527607362 0.2110912343470483 0.014314928425357873 0.028622540250447227
1 0.3113496932515337 0.22450805008944544 0.015337423312883436 0.03398926654740608
1 0.32975460122699385 0.18604651162790697 0.017382413087934562 0.03577817531305903
1 0.34713701431492844 0.19051878354203935 0.013292433537832311 0.03398926654740608
1 0.35429447852760737 0.22003577817531306 0.017382413087934562 0.04293381037567084
1 0.3675869120654397 0.21198568872987478 0.013292433537832311 0.03041144901610018
1 0.37883435582822084 0.2298747763864043 0.017382413087934562 0.03756708407871199
1 0.4069529652351738 0.23881932021466906 0.016359918200409 0.03756708407871199
1 0.39723926380368096 0.20840787119856888 0.015337423312883436 0.03756708407871199
1 0.3936605316973415 0.16189624329159213 0.012269938650306749 0.026833631484794274
1 0.40899795501022496 0.16905187835420393 0.012269938650306749 0.026833631484794274
1 0.4187116564417178 0.18694096601073346 0.015337423312883436 0.03756708407871199
1 0.4442740286298569 0.24150268336314848 0.023517382413087935 0.03935599284436494
1 0.4386503067484663 0.20125223613595708 0.016359918200409 0.03041144901610018
1 0.4621676891615542 0.20661896243291591 0.02044989775051125 0.03756708407871199
1 0.4493865030674847 0.19051878354203935 0.015337423312883436 0.03398926654740608
1 0.4376278118609407 0.16636851520572452 0.014314928425357873 0.028622540250447227
1 0.42433537832310836 0.1556350626118068 0.014314928425357873 0.02146690518783542
1 0.4815950920245399 0.14937388193202147 0.014314928425357873 0.026833631484794274
1 0.495398773006135 0.18336314847942756 0.015337423312883436 0.03041144901610018
1 0.5209611451942741 0.17978533094812166 0.015337423312883436 0.03041144901610018
1 0.5107361963190185 0.1511627906976744 0.011247443762781187 0.026833631484794274
1 0.49693251533742333 0.12701252236135957 0.010224948875255624 0.025044722719141325
1 0.5158486707566462 0.13148479427549195 0.011247443762781187 0.016100178890876567
1 0.5347648261758691 0.16100178890876565 0.014314928425357873 0.03220035778175313
1 0.5501022494887525 0.14221824686940965 0.014314928425357873 0.03041144901610018
1 0.5572597137014315 0.18694096601073346 0.014314928425357873 0.03756708407871199
1 0.5613496932515337 0.16457960644007155 0.012269938650306749 0.028622540250447227
1 0.5756646216768916 0.13864042933810375 0.014314928425357873 0.03041144901610018
1 0.5920245398773006 0.12432915921288014 0.010224948875255624 0.026833631484794274
1 0.5986707566462167 0.13416815742397137 0.013292433537832311 0.02146690518783542
1 0.5925357873210634 0.1547406082289803 0.013292433537832311 0.03398926654740608
1 0.602760736196319 0.16815742397137745 0.017382413087934562 0.03577817531305903
1 0.621676891615542 0.13774597495527727 0.014314928425357873 0.03220035778175313
1 0.6365030674846626 0.12254025044722719 0.011247443762781187 0.026833631484794274
1 0.6508179959100204 0.11806797853309481 0.011247443762781187 0.025044722719141325
1 0.6400817995910021 0.1547406082289803 0.014314928425357873 0.03041144901610018
1 0.651840490797546 0.1449016100178891 0.011247443762781187 0.03220035778175313
1 0.661042944785276 0.13416815742397137 0.009202453987730062 0.02146690518783542
1 0.6758691206543967 0.13327370304114491 0.014314928425357873 0.026833631484794274
1 0.6840490797546013 0.11717352415026834 0.014314928425357873 0.026833631484794274
1 0.7065439672801636 0.11359570661896243 0.014314928425357873 0.026833631484794274
1 0.5884458077709611 0.23434704830053668 0.023517382413087935 0.05008944543828265
1 0.6155419222903885 0.22093023255813954 0.022494887525562373 0.044722719141323794
1 0.6339468302658486 0.24865831842576028 0.026584867075664622 0.057245080500894455
1 0.6523517382413088 0.2182468694096601 0.02044989775051125 0.04293381037567084
1 0.6579754601226994 0.1806797853309481 0.017382413087934562 0.03935599284436494
1 0.6866053169734151 0.25313059033989266 0.019427402862985686 0.0518783542039356
1 0.6942740286298569 0.31663685152057247 0.032719836400818 0.07155635062611806
1 0.43098159509202455 0.3881932021466905 0.050102249488752554 0.09302325581395349
1 0.7597137014314929 0.3470483005366726 0.034764826175869123 0.06440071556350627
1 0.7300613496932515 0.23434704830053668 0.018404907975460124 0.04293381037567084
1 0.7116564417177914 0.18694096601073346 0.018404907975460124 0.044722719141323794
1 0.6983640081799591 0.17978533094812166 0.014314928425357873 0.03756708407871199
1 0.726482617586912 0.17262969588550983 0.017382413087934562 0.03398926654740608
1 0.7331288343558282 0.1475849731663685 0.018404907975460124 0.03398926654740608
1 0.7494887525562373 0.13416815742397137 0.014314928425357873 0.028622540250447227
1 0.7796523517382413 0.13237924865831843 0.013292433537832311 0.028622540250447227
1 0.7832310838445807 0.1547406082289803 0.012269938650306749 0.03041144901610018
1 0.7929447852760736 0.16905187835420393 0.013292433537832311 0.03041144901610018
1 0.7995910020449898 0.20304114490161002 0.016359918200409 0.04114490161001789
1 0.7934560327198364 0.29338103756708406 0.028629856850715747 0.057245080500894455
1 0.7622699386503068 0.24508050089445438 0.02556237218813906 0.05366726296958855
1 0.7489775051124744 0.19499105545617174 0.019427402862985686 0.04293381037567084
1 0.8169734151329243 0.2513416815742397 0.022494887525562373 0.04830053667262969
1 0.83640081799591 0.21735241502683364 0.014314928425357873 0.04114490161001789
1 0.8502044989775052 0.21735241502683364 0.013292433537832311 0.03398926654740608
1 0.8169734151329243 0.2039355992844365 0.016359918200409 0.03220035778175313
1 0.8292433537832311 0.1735241502683363 0.014314928425357873 0.03577817531305903
1 0.8394683026584867 0.16457960644007155 0.014314928425357873 0.03577817531305903
1 0.8205521472392638 0.13059033989266547 0.015337423312883436 0.03577817531305903
1 0.8047034764826176 0.1368515205724508 0.012269938650306749 0.03041144901610018
1 0.8517382413087935 0.15384615384615385 0.012269938650306749 0.028622540250447227
1 0.8634969325153374 0.18246869409660108 0.015337423312883436 0.03220035778175313
1 0.871676891615542 0.16994633273703041 0.013292433537832311 0.03577817531305903
1 0.8885480572597138 0.2182468694096601 0.014314928425357873 0.03935599284436494
1 0.8773006134969326 0.23792486583184258 0.018404907975460124 0.046511627906976744
1 0.9309815950920245 0.2522361359570662 0.019427402862985686 0.03935599284436494
1 0.918200408997955 0.2298747763864043 0.016359918200409 0.03756708407871199
1 0.8936605316973415 0.18962432915921287 0.012269938650306749 0.03577817531305903
1 0.9059304703476483 0.1779964221824687 0.012269938650306749 0.03041144901610018
1 0.9079754601226994 0.1556350626118068 0.014314928425357873 0.03220035778175313
1 0.9350715746421268 0.20840787119856888 0.015337423312883436 0.03756708407871199
1 0.9442740286298569 0.19230769230769232 0.013292433537832311 0.03041144901610018