1 0.09291187739463602 0.5331412103746398 0.032567049808429116 0.06340057636887608
1 0.08141762452107279 0.4956772334293948 0.028735632183908046 0.05187319884726225
1 0.1417624521072797 0.5273775216138329 0.02681992337164751 0.04610951008645533
1 0.16475095785440613 0.5331412103746398 0.038314176245210725 0.069164265129683
1 0.19827586206896552 0.5778097982708934 0.05172413793103448 0.08357348703170028
1 0.2614942528735632 0.6455331412103746 0.06704980842911877 0.1037463976945245
1 0.27011494252873564 0.5100864553314121 0.022988505747126436 0.040345821325648415
1 0.2614942528735632 0.49279538904899134 0.0210727969348659 0.0345821325648415
1 0.2883141762452107 0.49135446685878964 0.02490421455938697 0.04899135446685879
1 0.32471264367816094 0.5 0.028735632183908046 0.04899135446685879
1 0.34195402298850575 0.4769452449567723 0.0210727969348659 0.043227665706051875
1 0.3563218390804598 0.5288184438040345 0.038314176245210725 0.06051873198847262
1 0.407088122605364 0.5417867435158501 0.040229885057471264 0.06340057636887608
1 0.41475095785440613 0.48559077809798273 0.02490421455938697 0.043227665706051875
1 0.4425287356321839 0.4322766570605187 0.019157088122605363 0.040345821325648415
1 0.46360153256704983 0.49855907780979825 0.02681992337164751 0.05187319884726225
1 0.4779693486590038 0.5489913544668588 0.04789272030651341 0.08357348703170028
1 0.5067049808429118 0.5115273775216138 0.032567049808429116 0.06051873198847262
1 0.48659003831417624 0.4755043227665706 0.02681992337164751 0.05187319884726225
1 0.5105363984674329 0.4711815561959654 0.0210727969348659 0.037463976945244955
1 0.5354406130268199 0.49711815561959655 0.028735632183908046 0.05475504322766571
1 0.5574712643678161 0.4711815561959654 0.022988505747126436 0.04899135446685879
1 0.5996168582375478 0.4956772334293948 0.034482758620689655 0.06340057636887608
1 0.617816091954023 0.46829971181556196 0.032567049808429116 0.04899135446685879
1 0.6513409961685823 0.521613832853026 0.04980842911877394 0.08069164265129683
1 0.7183908045977011 0.4812680115273775 0.034482758620689655 0.05763688760806916
1 0.774904214559387 0.48559077809798273 0.032567049808429116 0.05475504322766571
1 0.8438697318007663 0.49135446685878964 0.040229885057471264 0.07780979827089338
1 0.975095785440613 0.4769452449567723 0.04597701149425287 0.08357348703170028