1 0.2435 0.5886666666666667 0.101 0.12666666666666668
1 0.476 0.56 0.12 0.15733333333333333
1 0.7135 0.7006666666666667 0.179 0.23866666666666667
1 0.6675 0.506 0.065 0.10533333333333333
1 0.778 0.4573333333333333 0.052 0.072
1 0.8925 0.518 0.085 0.11866666666666667
1 0.8145 0.41733333333333333 0.033 0.05333333333333334
1 0.845 0.3993333333333333 0.026 0.04133333333333333
1 0.8545 0.38066666666666665 0.021 0.030666666666666665
1 0.8805 0.386 0.019 0.028
1 0.8985 0.362 0.017 0.028
1 0.9325 0.45466666666666666 0.053 0.06933333333333333
1 0.9505 0.422 0.037 0.044
1 0.936 0.4046666666666667 0.028 0.030666666666666665
1 0.926 0.3993333333333333 0.022 0.030666666666666665
1 0.9385 0.37 0.017 0.025333333333333333
1 0.9525 0.38666666666666666 0.025 0.029333333333333333
1 0.9595 0.3606666666666667 0.021 0.030666666666666665
1 0.8365 0.37133333333333335 0.019 0.025333333333333333
1 0.8235 0.384 0.025 0.032
1 0.794 0.38866666666666666 0.02 0.036
1 0.7985 0.36533333333333334 0.019 0.02666666666666667
1 0.7655 0.3953333333333333 0.021 0.03333333333333333
1 0.7675 0.37866666666666665 0.017 0.024
1 0.7675 0.3453333333333333 0.017 0.02666666666666667
1 0.7435 0.3446666666666667 0.015 0.02
1 0.737 0.40066666666666667 0.028 0.04133333333333333
1 0.7095 0.42333333333333334 0.033 0.04666666666666667
1 0.651 0.426 0.044 0.05466666666666667
1 0.6335 0.4026666666666667 0.025 0.037333333333333336
1 0.6865 0.38866666666666666 0.023 0.036
1 0.7125 0.374 0.015 0.02266666666666667
1 0.68 0.37066666666666664 0.012 0.018666666666666668
1 0.6735 0.37066666666666664 0.013 0.018666666666666668
1 0.629 0.382 0.012 0.017333333333333333
1 0.6075 0.37733333333333335 0.015 0.021333333333333333
1 0.6155 0.37266666666666665 0.011 0.017333333333333333
1 0.5855 0.382 0.015 0.02266666666666667
1 0.575 0.376 0.016 0.018666666666666668
1 0.101 0.4666666666666667 0.054 0.058666666666666666
1 0.083 0.44133333333333336 0.038 0.050666666666666665
1 0.044 0.43733333333333335 0.04 0.048
1 0.05 0.4026666666666667 0.026 0.032
1 0.0795 0.4033333333333333 0.025 0.030666666666666665
1 0.13 0.3933333333333333 0.024 0.032
1 0.186 0.402 0.032 0.03866666666666667
1 0.2255 0.402 0.019 0.03333333333333333
1 0.2465 0.47933333333333333 0.067 0.084
1 0.25 0.41533333333333333 0.028 0.04133333333333333
1 0.246 0.386 0.022 0.028
1 0.303 0.4266666666666667 0.034 0.050666666666666665
1 0.285 0.4226666666666667 0.024 0.04
1 0.293 0.38866666666666666 0.018 0.025333333333333333
1 0.3085 0.394 0.023 0.030666666666666665
1 0.333 0.4013333333333333 0.026 0.032
1 0.3245 0.382 0.015 0.02266666666666667
1 0.3585 0.386 0.015 0.02266666666666667
1 0.3755 0.3973333333333333 0.025 0.032
1 0.412 0.436 0.052 0.07733333333333334
1 0.4085 0.38533333333333336 0.023 0.029333333333333333
1 0.3845 0.38066666666666665 0.015 0.02
1 0.4225 0.38 0.013 0.021333333333333333
1 0.437 0.39666666666666667 0.026 0.03866666666666667
1 0.462 0.39666666666666667 0.02 0.030666666666666665
1 0.479 0.388 0.018 0.029333333333333333
1 0.474 0.3506666666666667 0.016 0.018666666666666668
1 0.5155 0.40066666666666667 0.021 0.030666666666666665
1 0.5035 0.4593333333333333 0.051 0.07333333333333333
1 0.556 0.4206666666666667 0.032 0.04933333333333333
1 0.542 0.38466666666666666 0.012 0.02266666666666667
1 0.564 0.3933333333333333 0.018 0.024
1 0.548 0.372 0.014 0.021333333333333333
1 0.514 0.38533333333333336 0.016 0.018666666666666668
1 0.502 0.37933333333333336 0.014 0.02266666666666667
1 0.517 0.376 0.01 0.018666666666666668