1 0.05920281359906213 0.75 0.10902696365767878 0.2125
1 0.32004689331770225 0.5171875 0.053927315357561546 0.090625
1 0.37631887456037516 0.58515625 0.07502930832356389 0.0859375
1 0.46658851113716293 0.5203125 0.04689331770222743 0.075
1 0.5123094958968347 0.5984375 0.07268464243845252 0.103125
1 0.5685814771395076 0.51328125 0.04689331770222743 0.0703125
1 0.5691676436107854 0.46953125 0.04572098475967175 0.0578125
1 0.671746776084408 0.525 0.0492379835873388 0.075
1 0.671746776084408 0.4640625 0.04220398593200469 0.06875
1 0.6746776084407972 0.6078125 0.07620164126611957 0.121875
1 0.7485345838218054 0.49921875 0.04337631887456037 0.0671875
1 0.8106682297772567 0.575 0.0668229777256741 0.09375
1 0.9073856975381008 0.51796875 0.04220398593200469 0.0671875
1 0.9712778429073857 0.35 0.05275498241500586 0.096875