1 0.22741116751269036 0.40467625899280574 0.07106598984771574 0.12589928057553956
1 0.38629441624365485 0.4748201438848921 0.07411167512690356 0.1366906474820144
1 0.3614213197969543 0.15557553956834533 0.030456852791878174 0.044964028776978415
1 0.41065989847715734 0.1960431654676259 0.025380710659898477 0.046762589928057555
1 0.44111675126903555 0.20953237410071943 0.02131979695431472 0.044964028776978415
1 0.4467005076142132 0.256294964028777 0.028426395939086295 0.044964028776978415
1 0.4883248730964467 0.2185251798561151 0.026395939086294416 0.044964028776978415
1 0.601015228426396 0.2068345323741007 0.02030456852791878 0.04316546762589928
1 0.6532994923857868 0.23381294964028776 0.03553299492385787 0.046762589928057555
1 0.5959390862944163 0.1052158273381295 0.018274111675126905 0.02697841726618705
1 0.615736040609137 0.1079136690647482 0.013197969543147208 0.025179856115107913
1 0.6487309644670051 0.11061151079136691 0.012182741116751269 0.02697841726618705
1 0.6807106598984771 0.09892086330935251 0.015228426395939087 0.02877697841726619