1 0.061862678450033994 0.3392857142857143 0.08837525492861999 0.1377551020408163
1 0.15805574439157036 0.23112244897959183 0.06594153636981645 0.09489795918367347
1 0.24983004758667574 0.26071428571428573 0.05778382053025153 0.08877551020408163
1 0.3864717878993882 0.5219387755102041 0.18966689326988442 0.35408163265306125
1 0.4476546566961251 0.055612244897959184 0.045547246770904146 0.09081632653061225
1 0.4935418082936778 0.26479591836734695 0.06526172671651938 0.09285714285714286
1 0.6342624065261727 0.2066326530612245 0.04894629503738953 0.08469387755102041
1 0.6804894629503739 0.3535714285714286 0.10876954452753229 0.17857142857142858
1 0.7845003399048266 0.27755102040816326 0.06662134602311352 0.12448979591836734
1 0.8779741672331747 0.2571428571428571 0.05642420122365738 0.1
1 0.9157036029911625 0.21683673469387754 0.04078857919782461 0.07653061224489796