1 0.97890625 0.6821266968325792 0.0421875 0.1334841628959276
1 0.8734375 0.7692307692307693 0.065625 0.09954751131221719
1 0.921875 0.6527149321266968 0.04375 0.06561085972850679
1 0.9109375 0.6097285067873304 0.046875 0.07013574660633484
1 0.79609375 0.6255656108597285 0.0390625 0.06108597285067873
1 0.61171875 0.5214932126696833 0.0515625 0.0746606334841629
1 0.57109375 0.6131221719457014 0.0296875 0.04524886877828054
1 0.49609375 0.666289592760181 0.0265625 0.042986425339366516
1 0.46796875 0.7002262443438914 0.0265625 0.038461538461538464
1 0.39765625 0.7036199095022625 0.0328125 0.05429864253393665
1 0.346875 0.7420814479638009 0.040625 0.06787330316742081
1 0.2625 0.7624434389140271 0.046875 0.07239819004524888
1 0.234375 0.670814479638009 0.025 0.042986425339366516
1 0.33828125 0.6572398190045249 0.0265625 0.04751131221719457
1 0.37265625 0.6357466063348416 0.0265625 0.03619909502262444
1 0.234375 0.6153846153846154 0.021875 0.03619909502262444
1 0.2140625 0.5599547511312217 0.01875 0.033936651583710405
1 0.18671875 0.6425339366515838 0.0265625 0.04524886877828054
1 0.18359375 0.5633484162895928 0.0234375 0.03619909502262444
1 0.12421875 0.5667420814479638 0.0265625 0.033936651583710405
1 0.09375 0.5667420814479638 0.021875 0.033936651583710405
1 0.07734375 0.5486425339366516 0.0140625 0.024886877828054297
1 0.0671875 0.5882352941176471 0.025 0.04072398190045249
1 0.03828125 0.580316742081448 0.0234375 0.033936651583710405
1 0.0375 0.6809954751131222 0.034375 0.04524886877828054
1 0.103125 0.6640271493212669 0.028125 0.042986425339366516