1 0.44613821138211385 0.2531194295900178 0.028455284552845527 0.053475935828877004
1 0.5330284552845529 0.20677361853832443 0.019308943089430895 0.035650623885918005
1 0.5909552845528455 0.17825311942959002 0.013211382113821139 0.0285204991087344
1 0.6138211382113821 0.20766488413547238 0.018292682926829267 0.040998217468805706
1 0.6534552845528455 0.2638146167557932 0.018292682926829267 0.04634581105169341
1 0.6641260162601627 0.22905525846702318 0.017276422764227643 0.0374331550802139
1 0.6783536585365854 0.2103386809269162 0.01524390243902439 0.0285204991087344
1 0.7184959349593496 0.21479500891265596 0.018292682926829267 0.0374331550802139
1 0.7347560975609756 0.21479500891265596 0.018292682926829267 0.030303030303030304
1 0.7652439024390244 0.23885918003565063 0.02032520325203252 0.0392156862745098
1 0.8058943089430894 0.25935828877005346 0.018292682926829267 0.0374331550802139
1 0.7347560975609756 0.2807486631016043 0.018292682926829267 0.044563279857397504
1 0.7322154471544715 0.34759358288770054 0.021341463414634148 0.06060606060606061
1 0.8155487804878049 0.38859180035650626 0.023373983739837397 0.06060606060606061
1 0.9080284552845529 0.4563279857397504 0.02540650406504065 0.06060606060606061