1 0.141796875 0.6640625 0.17890625 0.26145833333333335
1 0.471875 0.628125 0.1 0.13541666666666666
1 0.139453125 0.4322916666666667 0.09140625 0.13333333333333333
1 0.240234375 0.27395833333333336 0.06484375 0.10208333333333333
1 0.0421875 0.28541666666666665 0.0765625 0.20416666666666666
1 0.20078125 0.140625 0.084375 0.15416666666666667
1 0.476171875 0.22604166666666667 0.07109375 0.12291666666666666
1 0.42890625 0.3338541666666667 0.05 0.09270833333333334
1 0.758203125 0.53125 0.13046875 0.19375
1 0.924609375 0.4078125 0.09765625 0.115625
1 0.812109375 0.3921875 0.07421875 0.128125
1 0.655859375 0.3927083333333333 0.06171875 0.09583333333333334
1 0.687109375 0.284375 0.07265625 0.11458333333333333