1 0.097581317764804 0.5393835616438356 0.04670558798999166 0.11986301369863013
1 0.1651376146788991 0.2910958904109589 0.021684737281067557 0.05136986301369863
1 0.19224353628023352 0.2876712328767123 0.02585487906588824 0.0547945205479452
1 0.23978315262718933 0.24143835616438356 0.019182652210175146 0.04452054794520548
1 0.2827356130108424 0.23886986301369864 0.021684737281067557 0.04965753424657534
1 0.30233527939949956 0.22517123287671234 0.01751459549624687 0.04965753424657534
1 0.2785654712260217 0.2089041095890411 0.020016680567139282 0.04452054794520548
1 0.3248540450375313 0.20976027397260275 0.01751459549624687 0.04280821917808219
1 0.34445371142618847 0.2568493150684932 0.01834862385321101 0.04794520547945205
1 0.371976647206005 0.2422945205479452 0.01834862385321101 0.046232876712328765
1 0.4103419516263553 0.324486301369863 0.026688907422852376 0.059931506849315065
1 0.36447039199332776 0.1952054794520548 0.01834862385321101 0.0410958904109589
1 0.34111759799833197 0.199486301369863 0.016680567139282735 0.03595890410958904
1 0.41117597998331945 0.19006849315068494 0.016680567139282735 0.04452054794520548
1 0.408673894912427 0.16267123287671234 0.016680567139282735 0.03767123287671233
1 0.44662218515429525 0.24743150684931506 0.022518765638031693 0.059931506849315065
1 0.4316096747289408 0.16352739726027396 0.014178482068390326 0.03595890410958904
1 0.44495412844036697 0.1695205479452055 0.0158465387823186 0.03767123287671233
1 0.45954962468723937 0.1703767123287671 0.01834862385321101 0.04965753424657534
1 0.4733110925771476 0.20376712328767124 0.0158465387823186 0.04452054794520548
1 0.4733110925771476 0.1481164383561644 0.01751459549624687 0.04965753424657534
1 0.4987489574645538 0.1678082191780822 0.016680567139282735 0.04452054794520548
1 0.5296080066722268 0.2183219178082192 0.01834862385321101 0.039383561643835614
1 0.5446205170975813 0.16267123287671234 0.016680567139282735 0.03767123287671233
1 0.5504587155963303 0.21232876712328766 0.01834862385321101 0.04794520547945205
1 0.5341951626355296 0.136986301369863 0.014178482068390326 0.03767123287671233
1 0.5583819849874896 0.13013698630136986 0.0158465387823186 0.0410958904109589
1 0.5800667222685572 0.125 0.0158465387823186 0.0410958904109589
1 0.5909090909090909 0.15154109589041095 0.0158465387823186 0.039383561643835614
1 0.5842368640533778 0.18664383561643835 0.0158465387823186 0.0410958904109589
1 0.5667222685571309 0.1738013698630137 0.01751459549624687 0.039383561643835614
1 0.6059216013344454 0.1969178082191781 0.01751459549624687 0.04452054794520548
1 0.6142618849040867 0.1284246575342466 0.0158465387823186 0.03767123287671233
1 0.6396997497914929 0.18236301369863014 0.01834862385321101 0.039383561643835614
1 0.6371976647206005 0.1446917808219178 0.015012510425354461 0.039383561643835614
1 0.6517931609674729 0.136986301369863 0.014178482068390326 0.0410958904109589
1 0.6743119266055045 0.15924657534246575 0.01751459549624687 0.0410958904109589
1 0.6759799833194329 0.1344178082191781 0.014178482068390326 0.032534246575342464
1 0.701000834028357 0.1506849315068493 0.01751459549624687 0.04452054794520548
1 0.6834862385321101 0.21575342465753425 0.019182652210175146 0.05136986301369863
1 0.6488740617180984 0.2525684931506849 0.025020850708924104 0.06335616438356165
1 0.6025854879065888 0.2868150684931507 0.022518765638031693 0.04965753424657534
1 0.5567139282735613 0.3356164383561644 0.027522935779816515 0.0547945205479452
1 0.5921601334445371 0.3809931506849315 0.026688907422852376 0.06678082191780822
1 0.6438698915763136 0.401541095890411 0.0316930775646372 0.0702054794520548
1 0.7097581317764804 0.4058219178082192 0.030025020850708923 0.07876712328767123
1 0.7197664720600501 0.2679794520547945 0.02335279399499583 0.05650684931506849
1 0.7406171809841534 0.288527397260274 0.02335279399499583 0.053082191780821915
1 0.7297748123436196 0.2328767123287671 0.020016680567139282 0.04794520547945205
1 0.7351959966638866 0.18493150684931506 0.0158465387823186 0.0410958904109589
1 0.768557130942452 0.2046232876712329 0.01751459549624687 0.04280821917808219
1 0.7597998331943286 0.18065068493150685 0.015012510425354461 0.04280821917808219
1 0.8006672226855713 0.1917808219178082 0.01834862385321101 0.0410958904109589
1 0.8110925771476231 0.2226027397260274 0.019182652210175146 0.0410958904109589
1 0.8336113427856547 0.21575342465753425 0.0158465387823186 0.04452054794520548
1 0.7860717264386989 0.2542808219178082 0.019182652210175146 0.05650684931506849
1 0.8019182652210175 0.2953767123287671 0.02418682235195997 0.059931506849315065
1 0.780650542118432 0.4520547945205479 0.0316930775646372 0.09246575342465753
1 0.8586321934945789 0.4940068493150685 0.03419516263552961 0.09075342465753425
1 0.8761467889908257 0.4186643835616438 0.02585487906588824 0.06678082191780822
1 0.9562135112593828 0.4460616438356164 0.027522935779816515 0.07363013698630137
1 0.8402835696413679 0.3792808219178082 0.027522935779816515 0.06678082191780822
1 0.8615512927439533 0.3227739726027397 0.025020850708924104 0.053082191780821915
1 0.8840700583819849 0.2773972602739726 0.020016680567139282 0.04794520547945205
1 0.914095079232694 0.3458904109589041 0.020016680567139282 0.05136986301369863
1 0.9424520433694745 0.3844178082191781 0.02335279399499583 0.06335616438356165
1 0.9683069224353628 0.3655821917808219 0.016680567139282735 0.059931506849315065
1 0.8636363636363636 0.23116438356164384 0.014178482068390326 0.0410958904109589
1 0.8732276897414513 0.2285958904109589 0.013344453711426188 0.032534246575342464
1 0.8982485404503753 0.2268835616438356 0.015012510425354461 0.04280821917808219
1 0.8953294412010009 0.2602739726027397 0.0158465387823186 0.0410958904109589
1 0.9241034195162635 0.2696917808219178 0.015012510425354461 0.053082191780821915
1 0.9428690575479566 0.2440068493150685 0.012510425354462052 0.039383561643835614
1 0.9683069224353628 0.3202054794520548 0.016680567139282735 0.0410958904109589
1 0.9845704753961635 0.2611301369863014 0.01751459549624687 0.046232876712328765