1 0.26 0.751779359430605 0.14133333333333334 0.1797153024911032
1 0.538 0.847864768683274 0.17733333333333334 0.24733096085409254
1 0.6546666666666666 0.2793594306049822 0.08266666666666667 0.12811387900355872
1 0.36866666666666664 0.25622775800711745 0.05466666666666667 0.06761565836298933
1 0.298 0.24555160142348753 0.05466666666666667 0.07473309608540925
1 0.23466666666666666 0.2624555160142349 0.06666666666666667 0.0800711743772242
1 0.168 0.28113879003558717 0.058666666666666666 0.08185053380782918
1 0.11933333333333333 0.31494661921708184 0.07066666666666667 0.08896797153024912
1 0.07266666666666667 0.35498220640569395 0.076 0.08362989323843416
1 0.074 0.39412811387900354 0.07066666666666667 0.08362989323843416
1 0.04533333333333334 0.4199288256227758 0.08 0.09252669039145907
1 0.05266666666666667 0.4902135231316726 0.09733333333333333 0.12277580071174377
1 0.05266666666666667 0.5738434163701067 0.09466666666666666 0.1583629893238434
1 0.098 0.7179715302491103 0.14 0.19750889679715303