1 0.16746221161495625 0.4902370990237099 0.042163882259347654 0.07670850767085077
1 0.2903739061256961 0.27615062761506276 0.020684168655529037 0.04741980474198047
1 0.32100238663484487 0.28312412831241285 0.024661893396976928 0.044630404463040445
1 0.322593476531424 0.2210599721059972 0.013524264120922832 0.029288702928870293
1 0.33969769291964996 0.22524407252440726 0.01909307875894988 0.03486750348675035
1 0.3631662688941925 0.22524407252440726 0.01988862370723946 0.04602510460251046
1 0.3747016706443914 0.23361227336122734 0.017501988862370723 0.03765690376569038
1 0.3635640413683373 0.2914923291492329 0.02386634844868735 0.05299860529986053
1 0.41408114558472553 0.2691771269177127 0.024661893396976928 0.04741980474198047
1 0.42720763723150357 0.22733612273361228 0.02386634844868735 0.04184100418410042
1 0.4041368337311058 0.200836820083682 0.01909307875894988 0.03626220362622036
1 0.4299920445505171 0.1792189679218968 0.01988862370723946 0.03207810320781032
1 0.45425616547334924 0.1708507670850767 0.014319809069212411 0.029288702928870293
1 0.4494828957836118 0.1499302649930265 0.015910898965791568 0.023709902370990237
1 0.4928400954653938 0.21827057182705717 0.015115354017501989 0.040446304044630406
1 0.48369132856006364 0.20223152022315202 0.017501988862370723 0.03347280334728033
1 0.4737470167064439 0.1492329149232915 0.015115354017501989 0.02789400278940028
1 0.49840891010342087 0.15760111576011157 0.013524264120922832 0.030683403068340307
1 0.49443118536197295 0.13389121338912133 0.013524264120922832 0.02789400278940028
1 0.5103420843277645 0.13249651324965134 0.016706443914081145 0.030683403068340307
1 0.5214797136038186 0.15690376569037656 0.016706443914081145 0.03765690376569038
1 0.5369928400954654 0.17852161785216178 0.01909307875894988 0.04184100418410042
1 0.5437549721559268 0.13110181311018132 0.013524264120922832 0.030683403068340307
1 0.55648369132856 0.1492329149232915 0.015115354017501989 0.03347280334728033
1 0.5612569610182976 0.12552301255230125 0.013524264120922832 0.02510460251046025
1 0.5763723150357996 0.17712691771269176 0.016706443914081145 0.03347280334728033
1 0.5835322195704057 0.12412831241283125 0.018297533810660304 0.03347280334728033
1 0.6066030230708035 0.15620641562064155 0.016706443914081145 0.03347280334728033
1 0.5938743038981702 0.11157601115760112 0.011933174224343675 0.02789400278940028
1 0.6137629276054097 0.10251046025104603 0.013524264120922832 0.026499302649930265
1 0.6237072394590294 0.12273361227336123 0.014319809069212411 0.02789400278940028
1 0.6368337311058074 0.13249651324965134 0.015115354017501989 0.02789400278940028
1 0.6459824980111376 0.14225941422594143 0.015910898965791568 0.02510460251046025
1 0.6431980906921241 0.100418410041841 0.013524264120922832 0.030683403068340307
1 0.6618933969769292 0.11436541143654114 0.014319809069212411 0.019525801952580194
1 0.6630867143993636 0.13458856345885634 0.013524264120922832 0.023709902370990237
1 0.692521877486078 0.11366806136680614 0.011933174224343675 0.029288702928870293
1 0.535799522673031 0.28451882845188287 0.02784407319013524 0.05578800557880056
1 0.5572792362768496 0.25662482566248257 0.021479713603818614 0.04184100418410042
1 0.609387430389817 0.2601115760111576 0.027048528241845664 0.05439330543933055
1 0.6173428798727129 0.21199442119944212 0.01909307875894988 0.04184100418410042
1 0.6535401750198886 0.2705718270571827 0.02784407319013524 0.058577405857740586
1 0.6551312649164678 0.22594142259414227 0.023070803500397773 0.044630404463040445
1 0.6137629276054097 0.3277545327754533 0.031026252983293555 0.06415620641562064
1 0.6984884645982498 0.23291492329149233 0.022275258552108195 0.0502092050209205
1 0.6929196499602227 0.18619246861924685 0.01909307875894988 0.040446304044630406
1 0.7128082736674622 0.1387726638772664 0.012728719172633254 0.03207810320781032
1 0.7299124900556881 0.1903765690376569 0.01988862370723946 0.040446304044630406
1 0.7199681782020684 0.16457461645746166 0.01909307875894988 0.02789400278940028
1 0.7386634844868735 0.1401673640167364 0.018297533810660304 0.03765690376569038
1 0.749005568814638 0.12412831241283125 0.018297533810660304 0.03905160390516039
1 0.7617342879872713 0.17852161785216178 0.013524264120922832 0.03347280334728033
1 0.7720763723150358 0.20362622036262204 0.016706443914081145 0.03626220362622036
1 0.7549721559268099 0.2503486750348675 0.020684168655529037 0.05439330543933055
1 0.7692919649960223 0.27684797768479774 0.02386634844868735 0.05160390516039052
1 0.8194112967382657 0.24476987447698745 0.01909307875894988 0.040446304044630406
1 0.8241845664280032 0.20781032078103207 0.017501988862370723 0.04184100418410042
1 0.8023070803500397 0.18758716875871687 0.018297533810660304 0.040446304044630406
1 0.7844073190135242 0.16387726638772665 0.011137629276054098 0.03486750348675035
1 0.7836117740652346 0.12133891213389121 0.015910898965791568 0.022315202231520222
1 0.8102625298329356 0.1297071129707113 0.015115354017501989 0.03347280334728033
1 0.8221957040572793 0.1589958158995816 0.013524264120922832 0.030683403068340307
1 0.8313444709626094 0.14295676429567644 0.012728719172633254 0.026499302649930265
1 0.8544152744630071 0.1596931659693166 0.014319809069212411 0.026499302649930265
1 0.8631662688941926 0.15202231520223153 0.012728719172633254 0.02789400278940028
1 0.8762927605409706 0.2580195258019526 0.023070803500397773 0.044630404463040445
1 0.86793953858393 0.2280334728033473 0.01909307875894988 0.040446304044630406
1 0.8703261734287987 0.13528591352859135 0.014319809069212411 0.02789400278940028
1 0.8926014319809069 0.18898186889818688 0.014319809069212411 0.029288702928870293
1 0.8985680190930787 0.1603905160390516 0.015115354017501989 0.030683403068340307
1 0.9049323786793954 0.14365411436541142 0.011933174224343675 0.02789400278940028
1 0.9403341288782816 0.17573221757322174 0.014319809069212411 0.03626220362622036
1 0.9287987271280828 0.2112970711297071 0.015115354017501989 0.029288702928870293
1 0.9287987271280828 0.18479776847977686 0.016706443914081145 0.040446304044630406
1 0.9208432776451869 0.23500697350069735 0.021479713603818614 0.040446304044630406
1 0.9069212410501193 0.33542538354253837 0.027048528241845664 0.06555090655509066
1 0.8643595863166269 0.3207810320781032 0.03579952267303103 0.058577405857740586
1 0.8265712012728719 0.39330543933054396 0.031821797931583136 0.07252440725244072
1 0.8874303898170247 0.4393305439330544 0.03261734287987271 0.0697350069735007