1 0.16084425036390101 0.38354700854700857 0.027656477438136828 0.0405982905982906
1 0.1950509461426492 0.3803418803418803 0.02911208151382824 0.05128205128205128
1 0.25181950509461426 0.36752136752136755 0.023289665211062592 0.038461538461538464
1 0.27583697234352256 0.38354700854700857 0.036390101892285295 0.06196581196581197
1 0.32096069868995636 0.3920940170940171 0.033478893740902474 0.053418803418803416
1 0.3457059679767103 0.3888888888888889 0.027656477438136828 0.05128205128205128
1 0.41848617176128095 0.391025641025641 0.039301310043668124 0.06837606837606838
1 0.43740902474526927 0.36752136752136755 0.024745269286754003 0.04700854700854701
1 0.46652110625909754 0.39636752136752135 0.027656477438136828 0.049145299145299144
1 0.5145560407569141 0.38461538461538464 0.021834061135371178 0.03418803418803419
1 0.5320232896652111 0.391025641025641 0.024745269286754003 0.042735042735042736
1 0.5844250363901019 0.4081196581196581 0.027656477438136828 0.04700854700854701
1 0.611353711790393 0.42414529914529914 0.046579330422125184 0.07905982905982906
1 0.6542940320232896 0.38247863247863245 0.021834061135371178 0.05128205128205128
1 0.7183406113537117 0.37927350427350426 0.033478893740902474 0.057692307692307696
1 0.7459970887918487 0.391025641025641 0.03056768558951965 0.04700854700854701
1 0.7663755458515283 0.39636752136752135 0.039301310043668124 0.06196581196581197
1 0.784570596797671 0.4049145299145299 0.026200873362445413 0.0405982905982906
1 0.8493449781659389 0.42948717948717946 0.056768558951965066 0.09401709401709402
1 0.8842794759825328 0.4017094017094017 0.039301310043668124 0.07692307692307693
1 0.9068413391557496 0.41346153846153844 0.026200873362445413 0.053418803418803416
1 0.9439592430858806 0.39850427350427353 0.021834061135371178 0.03632478632478633