1 0.27235772357723576 0.22054140127388536 0.015356820234869015 0.03343949044585987
1 0.3193315266485998 0.21178343949044587 0.017163504968383016 0.03821656050955414
1 0.34191508581752483 0.24203821656050956 0.017163504968383016 0.03821656050955414
1 0.36946702800361336 0.19187898089171976 0.02168021680216802 0.03980891719745223
1 0.3794037940379404 0.17436305732484075 0.012646793134598013 0.027070063694267517
1 0.3866305329719964 0.20222929936305734 0.016260162601626018 0.03184713375796178
1 0.3956639566395664 0.1839171974522293 0.016260162601626018 0.030254777070063694
1 0.41553748870822044 0.2213375796178344 0.016260162601626018 0.03503184713375796
1 0.4006323396567299 0.24522292993630573 0.024390243902439025 0.04777070063694268
1 0.43766937669376693 0.2531847133757962 0.022583559168925023 0.04777070063694268
1 0.4363143631436314 0.17436305732484075 0.014453477868112014 0.027070063694267517
1 0.4232158988256549 0.14888535031847133 0.013550135501355014 0.027070063694267517
1 0.46025293586269195 0.14171974522292993 0.011743450767841012 0.025477707006369428
1 0.4760614272809395 0.15843949044585987 0.012646793134598013 0.02388535031847134
1 0.47244805781391147 0.18869426751592358 0.016260162601626018 0.030254777070063694
1 0.46386630532971995 0.2085987261146497 0.015356820234869015 0.03821656050955414
1 0.49096657633243 0.2157643312101911 0.02077687443541102 0.042993630573248405
1 0.506323396567299 0.19745222929936307 0.017163504968383016 0.03821656050955414
1 0.5031616982836495 0.16401273885350318 0.01084010840108401 0.025477707006369428
1 0.484643179765131 0.14251592356687898 0.013550135501355014 0.027070063694267517
1 0.4941282746160795 0.1337579617834395 0.012646793134598013 0.028662420382165606
1 0.5153568202348691 0.13136942675159236 0.013550135501355014 0.020700636942675158
1 0.530713640469738 0.1664012738853503 0.013550135501355014 0.027070063694267517
1 0.5370370370370371 0.1377388535031847 0.011743450767841012 0.020700636942675158
1 0.5415537488708221 0.125 0.013550135501355014 0.03343949044585987
1 0.5627822944896116 0.1393312101910828 0.014453477868112014 0.027070063694267517
1 0.5704607046070461 0.12977707006369427 0.013550135501355014 0.02388535031847134
1 0.5808491418247516 0.1695859872611465 0.018066847335140017 0.04617834394904458
1 0.5505871725383921 0.19745222929936307 0.022583559168925023 0.041401273885350316
1 0.498193315266486 0.28821656050955413 0.04245709123757904 0.07643312101910828
1 0.5609756097560976 0.28662420382165604 0.028906955736224028 0.07006369426751592
1 0.5727190605239386 0.2531847133757962 0.023486901535682024 0.03821656050955414
1 0.6084010840108401 0.267515923566879 0.028003613369467027 0.05732484076433121
1 0.6318879855465221 0.21098726114649682 0.024390243902439025 0.04617834394904458
1 0.5989159891598916 0.1106687898089172 0.01084010840108401 0.02388535031847134
1 0.6047877145438121 0.13853503184713375 0.011743450767841012 0.025477707006369428
1 0.6133694670280037 0.1321656050955414 0.012646793134598013 0.022292993630573247
1 0.6233062330623306 0.1449044585987261 0.014453477868112014 0.028662420382165606
1 0.6214995483288166 0.12261146496815287 0.012646793134598013 0.022292993630573247
1 0.6300813008130082 0.11305732484076433 0.00993676603432701 0.022292993630573247
1 0.6562782294489612 0.11544585987261147 0.013550135501355014 0.027070063694267517
1 0.6698283649503162 0.11146496815286625 0.011743450767841012 0.028662420382165606
1 0.6775067750677507 0.1321656050955414 0.014453477868112014 0.028662420382165606
1 0.7104787714543812 0.11544585987261147 0.013550135501355014 0.030254777070063694
1 0.6996386630532972 0.16878980891719744 0.013550135501355014 0.025477707006369428
1 0.7082204155374887 0.17993630573248406 0.014453477868112014 0.03503184713375796
1 0.6987353206865402 0.22611464968152867 0.02077687443541102 0.041401273885350316
1 0.6824751580849142 0.267515923566879 0.022583559168925023 0.044585987261146494
1 0.6707317073170732 0.21894904458598727 0.02077687443541102 0.03662420382165605
1 0.6630532971996387 0.18710191082802546 0.01987353206865402 0.04617834394904458
1 0.7384823848238482 0.2635350318471338 0.026196928635953028 0.052547770700636945
1 0.7570009033423668 0.2571656050955414 0.02168021680216802 0.042993630573248405
1 0.7457091237579042 0.2125796178343949 0.017163504968383016 0.042993630573248405
1 0.7348690153568203 0.17754777070063693 0.017163504968383016 0.03662420382165605
1 0.7308039747064138 0.14729299363057324 0.014453477868112014 0.03343949044585987
1 0.7633242999096658 0.15286624203821655 0.014453477868112014 0.03821656050955414
1 0.7895212285456188 0.15445859872611464 0.016260162601626018 0.03821656050955414
1 0.7877145438121048 0.12818471337579618 0.018066847335140017 0.03662420382165605
1 0.7886178861788617 0.2197452229299363 0.02168021680216802 0.03821656050955414
1 0.7845528455284553 0.2818471337579618 0.024390243902439025 0.05732484076433121
1 0.8337850045167118 0.3248407643312102 0.03071364046973803 0.06050955414012739
1 0.8057813911472448 0.1592356687898089 0.014453477868112014 0.03503184713375796
1 0.8116531165311653 0.14410828025477707 0.011743450767841012 0.027070063694267517
1 0.8211382113821138 0.17436305732484075 0.014453477868112014 0.030254777070063694
1 0.8360433604336044 0.160828025477707 0.015356820234869015 0.03184713375796178
1 0.8473351400180669 0.1520700636942675 0.01084010840108401 0.03343949044585987
1 0.8644986449864499 0.17834394904458598 0.012646793134598013 0.03821656050955414
1 0.8825654923215899 0.1735668789808917 0.012646793134598013 0.03184713375796178
1 0.8414634146341463 0.20461783439490447 0.015356820234869015 0.030254777070063694
1 0.8563685636856369 0.20063694267515925 0.016260162601626018 0.03184713375796178
1 0.8360433604336044 0.23885350318471338 0.022583559168925023 0.041401273885350316
1 0.8617886178861789 0.25636942675159236 0.025293586269196026 0.054140127388535034
1 0.8775971093044264 0.23328025477707007 0.013550135501355014 0.03662420382165605
1 0.8852755194218609 0.20939490445859874 0.016260162601626018 0.03343949044585987
1 0.9065040650406504 0.160828025477707 0.013550135501355014 0.03503184713375796
1 0.934056007226739 0.1839171974522293 0.012646793134598013 0.03343949044585987
1 0.9426377597109304 0.21178343949044587 0.015356820234869015 0.044585987261146494
1 0.9214092140921409 0.21656050955414013 0.014453477868112014 0.03184713375796178
1 0.924119241192412 0.24681528662420382 0.018066847335140017 0.03503184713375796
1 0.9164408310749774 0.2961783439490446 0.022583559168925023 0.044585987261146494
1 0.9186991869918699 0.3495222929936306 0.02710027100271003 0.0589171974522293