1 0.03038674033149171 0.402 0.055248618784530384 0.076
1 0.13674033149171272 0.404 0.058011049723756904 0.072
1 0.2223756906077348 0.396 0.052486187845303865 0.064
1 0.19751381215469613 0.34 0.03591160220994475 0.048
1 0.27348066298342544 0.348 0.03314917127071823 0.056
1 0.31215469613259667 0.406 0.049723756906077346 0.076
1 0.3494475138121547 0.368 0.03038674033149171 0.048
1 0.3411602209944751 0.328 0.03038674033149171 0.04
1 0.35497237569060774 0.316 0.024861878453038673 0.04
1 0.393646408839779 0.312 0.024861878453038673 0.048
1 0.4171270718232044 0.34 0.027624309392265192 0.048
1 0.4157458563535912 0.398 0.04696132596685083 0.076
1 0.4958563535911602 0.364 0.04143646408839779 0.064
1 0.47651933701657456 0.338 0.024861878453038673 0.044
1 0.4419889502762431 0.314 0.022099447513812154 0.036
1 0.44613259668508287 0.224 0.019337016574585635 0.032
1 0.4903314917127072 0.292 0.024861878453038673 0.04
1 0.5207182320441989 0.348 0.03038674033149171 0.048
1 0.5096685082872928 0.316 0.019337016574585635 0.032
1 0.5276243093922652 0.296 0.022099447513812154 0.032
1 0.5511049723756906 0.316 0.019337016574585635 0.04
1 0.5013812154696132 0.246 0.019337016574585635 0.028
1 0.6878453038674033 0.326 0.022099447513812154 0.044
1 0.6947513812154696 0.304 0.019337016574585635 0.024
1 0.8121546961325967 0.432 0.049723756906077346 0.072