1 0.20251937984496124 0.3555363321799308 0.046511627906976744 0.0847750865051903
1 0.2921511627906977 0.22491349480968859 0.022286821705426358 0.03806228373702422
1 0.32994186046511625 0.23529411764705882 0.020348837209302327 0.04152249134948097
1 0.3328488372093023 0.21280276816608998 0.016472868217054265 0.031141868512110725
1 0.35222868217054265 0.1972318339100346 0.014534883720930232 0.031141868512110725
1 0.3478682170542636 0.1773356401384083 0.013565891472868217 0.029411764705882353
1 0.37742248062015504 0.1980968858131488 0.016472868217054265 0.03633217993079585
1 0.35852713178294576 0.24567474048442905 0.02131782945736434 0.04152249134948097
1 0.3798449612403101 0.24826989619377163 0.01937984496124031 0.03633217993079585
1 0.4161821705426357 0.24134948096885814 0.02422480620155039 0.04325259515570934
1 0.4118217054263566 0.2179930795847751 0.01937984496124031 0.031141868512110725
1 0.39825581395348836 0.19117647058823528 0.01744186046511628 0.0328719723183391
1 0.4249031007751938 0.1453287197231834 0.01065891472868217 0.02422145328719723
1 0.436531007751938 0.16695501730103807 0.016472868217054265 0.025951557093425604
1 0.4481589147286822 0.14792387543252594 0.014534883720930232 0.029411764705882353
1 0.46608527131782945 0.1643598615916955 0.01744186046511628 0.03460207612456748
1 0.4694767441860465 0.13667820069204153 0.01065891472868217 0.02422145328719723
1 0.48158914728682173 0.17560553633217993 0.015503875968992248 0.0328719723183391
1 0.45155038759689925 0.2179930795847751 0.02131782945736434 0.03806228373702422
1 0.4796511627906977 0.22664359861591696 0.01937984496124031 0.04152249134948097
1 0.49224806201550386 0.14965397923875431 0.01744186046511628 0.0328719723183391
1 0.49224806201550386 0.13062283737024222 0.013565891472868217 0.02249134948096886
1 0.501937984496124 0.11591695501730104 0.015503875968992248 0.031141868512110725
1 0.5101744186046512 0.14013840830449828 0.014534883720930232 0.031141868512110725
1 0.5242248062015504 0.1245674740484429 0.013565891472868217 0.031141868512110725
1 0.5329457364341085 0.1782006920415225 0.015503875968992248 0.03460207612456748
1 0.49612403100775193 0.2828719723183391 0.027131782945736434 0.06055363321799308
1 0.5479651162790697 0.29411764705882354 0.03197674418604651 0.0657439446366782
1 0.5663759689922481 0.23356401384083045 0.02422480620155039 0.04498269896193772
1 0.5566860465116279 0.17647058823529413 0.016472868217054265 0.031141868512110725
1 0.5528100775193798 0.15570934256055363 0.014534883720930232 0.031141868512110725
1 0.565406976744186 0.15051903114186851 0.012596899224806201 0.03460207612456748
1 0.5838178294573644 0.16608996539792387 0.018410852713178296 0.03806228373702422
1 0.5469961240310077 0.1453287197231834 0.01065891472868217 0.02422145328719723
1 0.5489341085271318 0.1254325259515571 0.014534883720930232 0.025951557093425604
1 0.5833333333333334 0.11678200692041522 0.011627906976744186 0.0328719723183391
1 0.5949612403100775 0.13321799307958476 0.013565891472868217 0.031141868512110725
1 0.6182170542635659 0.16349480968858132 0.01744186046511628 0.0328719723183391
1 0.623546511627907 0.1254325259515571 0.012596899224806201 0.029411764705882353
1 0.6065891472868217 0.11332179930795848 0.013565891472868217 0.029411764705882353
1 0.6375968992248062 0.1046712802768166 0.011627906976744186 0.025951557093425604
1 0.6463178294573644 0.1323529411764706 0.013565891472868217 0.0328719723183391
1 0.6521317829457365 0.1185121107266436 0.013565891472868217 0.02249134948096886
1 0.6642441860465116 0.10380622837370242 0.00872093023255814 0.02422145328719723
1 0.6821705426356589 0.11764705882352941 0.011627906976744186 0.02422145328719723
1 0.687984496124031 0.10034602076124567 0.013565891472868217 0.020761245674740483
1 0.6124031007751938 0.2422145328719723 0.023255813953488372 0.04844290657439446
1 0.6182170542635659 0.22491349480968859 0.01937984496124031 0.03460207612456748
1 0.6114341085271318 0.3209342560553633 0.029069767441860465 0.05709342560553633
1 0.7034883720930233 0.3140138408304498 0.029069767441860465 0.06055363321799308
1 0.686531007751938 0.24567474048442905 0.022286821705426358 0.05536332179930796
1 0.6705426356589147 0.17993079584775087 0.01937984496124031 0.04152249134948097
1 0.6967054263565892 0.157439446366782 0.015503875968992248 0.031141868512110725
1 0.7136627906976745 0.1782006920415225 0.018410852713178296 0.04152249134948097
1 0.7175387596899225 0.11072664359861592 0.01065891472868217 0.02768166089965398
1 0.747093023255814 0.13494809688581316 0.015503875968992248 0.03460207612456748
1 0.7698643410852714 0.15657439446366783 0.014534883720930232 0.0328719723183391
1 0.7577519379844961 0.185121107266436 0.01744186046511628 0.03806228373702422
1 0.7175387596899225 0.23183391003460208 0.02422480620155039 0.04844290657439446
1 0.7281976744186046 0.19463667820069205 0.016472868217054265 0.039792387543252594
1 0.7592054263565892 0.27249134948096887 0.022286821705426358 0.050173010380622836
1 0.7315891472868217 0.28633217993079585 0.025193798449612403 0.05363321799307959
1 0.751453488372093 0.3685121107266436 0.03391472868217054 0.0657439446366782
1 0.7776162790697675 0.31055363321799306 0.02616279069767442 0.05363321799307959
1 0.812015503875969 0.2828719723183391 0.023255813953488372 0.06055363321799308
1 0.8328488372093024 0.3070934256055363 0.02616279069767442 0.06401384083044982
1 0.8008720930232558 0.21885813148788927 0.018410852713178296 0.04325259515570934
1 0.7916666666666666 0.17214532871972318 0.01744186046511628 0.03633217993079585
1 0.873062015503876 0.26038062283737023 0.01937984496124031 0.050173010380622836
1 0.876453488372093 0.22491349480968859 0.018410852713178296 0.04844290657439446
1 0.9176356589147286 0.3304498269896194 0.023255813953488372 0.058823529411764705
1 0.9195736434108527 0.2880622837370242 0.02131782945736434 0.050173010380622836
1 0.8948643410852714 0.4143598615916955 0.0377906976744186 0.07785467128027682
1 0.8158914728682171 0.3944636678200692 0.03875968992248062 0.07612456747404844
1 0.9292635658914729 0.21107266435986158 0.013565891472868217 0.03806228373702422