1 0.07770582793709528 0.35528455284552846 0.04625346901017576 0.06991869918699187
1 0.27567067530064754 0.1878048780487805 0.022201665124884366 0.03739837398373984
1 0.29833487511563367 0.1975609756097561 0.01757631822386679 0.04715447154471545
1 0.3135985198889917 0.1796747967479675 0.024051803885291396 0.04390243902439024
1 0.4070305272895467 0.16422764227642275 0.027752081406105456 0.05853658536585366
1 0.45004625346901017 0.17886178861788618 0.034227567067530065 0.06829268292682927
1 0.4925994449583719 0.16260162601626016 0.036077705827937095 0.061788617886178863
1 0.5494912118408881 0.17154471544715447 0.025901942645698426 0.05365853658536585
1 0.5420906567992599 0.14634146341463414 0.025901942645698426 0.05203252032520325
1 0.5490286771507863 0.2845528455284553 0.032377428307123035 0.06504065040650407
1 0.6003700277520814 0.1772357723577236 0.03145235892691952 0.061788617886178863
1 0.6318223866790009 0.24065040650406505 0.03700277520814061 0.05853658536585366
1 0.6803885291396855 0.2804878048780488 0.04717853839037928 0.1024390243902439
1 0.7641073080481036 0.2073170731707317 0.03515263644773358 0.06666666666666667