1 0.04746835443037975 0.5323854660347551 0.08438818565400844 0.12954186413902052
1 0.20411392405063292 0.4731437598736177 0.06434599156118144 0.09320695102685624
1 0.24578059071729957 0.6232227488151659 0.10970464135021098 0.17535545023696683
1 0.3517932489451477 0.4154818325434439 0.04746835443037975 0.07582938388625593
1 0.3744725738396624 0.4794628751974723 0.06329113924050633 0.10268562401263823
1 0.4045358649789029 0.4154818325434439 0.04535864978902954 0.07898894154818326
1 0.39451476793248946 0.330173775671406 0.035864978902953586 0.06951026856240126
1 0.4393459915611814 0.28988941548183256 0.05590717299578059 0.09636650868878358
1 0.604957805907173 0.358609794628752 0.049578059071729956 0.11058451816745656
1 0.6228902953586498 0.3009478672985782 0.043248945147679324 0.07424960505529225
1 0.6513713080168776 0.296998420221169 0.024261603375527425 0.04107424960505529
1 0.6861814345991561 0.3056872037914692 0.020042194092827006 0.036334913112164295
1 0.6977848101265823 0.29936808846761453 0.017932489451476793 0.036334913112164295
1 0.7315400843881856 0.30252764612954186 0.022151898734177215 0.03317535545023697
1 0.6962025316455697 0.3767772511848341 0.029535864978902954 0.06477093206951026
1 0.7120253164556962 0.3657187993680885 0.023206751054852322 0.045813586097946286
1 0.6387130801687764 0.5458135860979463 0.07489451476793249 0.11532385466034756
1 0.8180379746835443 0.5521327014218009 0.09599156118143459 0.14375987361769352
1 0.9477848101265823 0.495260663507109 0.0580168776371308 0.10268562401263823
1 0.9156118143459916 0.40916271721958924 0.052742616033755275 0.07582938388625593
1 0.9546413502109705 0.3933649289099526 0.035864978902953586 0.06003159557661927
1 0.9667721518987342 0.31911532385466035 0.028481012658227847 0.05687203791469194
1 0.9393459915611815 0.35624012638230645 0.026371308016877638 0.03949447077409163
1 0.8997890295358649 0.33175355450236965 0.02109704641350211 0.037914691943127965
1 0.8665611814345991 0.334913112164297 0.03481012658227848 0.053712480252764615
1 0.8333333333333334 0.36729857819905215 0.03164556962025317 0.061611374407582936
1 0.7937763713080169 0.31990521327014215 0.028481012658227847 0.03949447077409163
1 0.8064345991561181 0.2914691943127962 0.020042194092827006 0.030015797788309637