1 0.225 0.3453292496171516 0.16020408163265307 0.3016845329249617
1 0.3198979591836735 0.1110260336906585 0.1357142857142857 0.21286370597243492
1 0.5183673469387755 0.5267993874425727 0.1469387755102041 0.3614088820826952
1 0.5933673469387755 0.3215926493108729 0.1357142857142857 0.26952526799387444
1 0.6438775510204081 0.2572741194486983 0.10816326530612246 0.2450229709035222
1 0.7433673469387755 0.10643185298621746 0.12551020408163266 0.20980091883614088
1 0.9510204081632653 0.5160796324655437 0.09387755102040816 0.35222052067381315
1 0.8346938775510204 0.7871362940275651 0.25918367346938775 0.3889739663093415
1 0.9551020408163265 0.2542113323124043 0.08979591836734693 0.22358346094946402
1 0.9239795918367347 0.12098009188361408 0.09897959183673469 0.1776416539050536
1 0.4607142857142857 0.08192955589586524 0.10510204081632653 0.14241960183767227