1 0.19296875 0.7780269058295964 0.1421875 0.21524663677130046
1 0.103125 0.5269058295964125 0.034375 0.04484304932735426
1 0.14921875 0.5257847533632287 0.0296875 0.03811659192825112
1 0.2609375 0.4798206278026906 0.040625 0.06278026905829596
1 0.3421875 0.5459641255605381 0.05 0.06053811659192825
1 0.40703125 0.5515695067264574 0.0453125 0.053811659192825115
1 0.4328125 0.5179372197309418 0.021875 0.03139013452914798
1 0.3703125 0.5123318385650224 0.01875 0.02466367713004484
1 0.49609375 0.5919282511210763 0.0546875 0.07174887892376682
1 0.515625 0.5224215246636771 0.025 0.03139013452914798
1 0.49921875 0.515695067264574 0.0171875 0.03139013452914798
1 0.5671875 0.5201793721973094 0.025 0.03139013452914798
1 0.63359375 0.7365470852017937 0.1140625 0.15022421524663676
1 0.92265625 0.8789237668161435 0.1453125 0.21076233183856502
1 0.68203125 0.594170403587444 0.0546875 0.08071748878923767
1 0.646875 0.5661434977578476 0.03125 0.06502242152466367
1 0.7078125 0.515695067264574 0.040625 0.06278026905829596
1 0.01796875 0.5538116591928252 0.0265625 0.04484304932735426
1 0.03515625 0.5403587443946188 0.0234375 0.04035874439461883