1 0.028455284552845527 0.3483009708737864 0.013550135501355014 0.03155339805825243
1 0.17750677506775067 0.47936893203883496 0.03523035230352303 0.0703883495145631
1 0.268970189701897 0.2512135922330097 0.014905149051490514 0.03155339805825243
1 0.2899728997289973 0.24514563106796117 0.016260162601626018 0.03398058252427184
1 0.30962059620596205 0.2536407766990291 0.017615176151761516 0.0412621359223301
1 0.38279132791327913 0.2645631067961165 0.017615176151761516 0.03398058252427184
1 0.3888888888888889 0.22330097087378642 0.018970189701897018 0.03398058252427184
1 0.38346883468834686 0.1783980582524272 0.013550135501355014 0.03155339805825243
1 0.39227642276422764 0.1929611650485437 0.014905149051490514 0.02669902912621359
1 0.41395663956639567 0.13106796116504854 0.014905149051490514 0.03398058252427184
1 0.4234417344173442 0.17597087378640777 0.017615176151761516 0.03155339805825243
1 0.4444444444444444 0.22451456310679613 0.016260162601626018 0.03640776699029126
1 0.4654471544715447 0.21844660194174756 0.017615176151761516 0.03398058252427184
1 0.4478319783197832 0.14927184466019416 0.012195121951219513 0.02669902912621359
1 0.494579945799458 0.18567961165048544 0.018970189701897018 0.03155339805825243
1 0.5149051490514905 0.20752427184466019 0.018970189701897018 0.03640776699029126
1 0.5182926829268293 0.16990291262135923 0.017615176151761516 0.03398058252427184
1 0.5413279132791328 0.16262135922330098 0.017615176151761516 0.02912621359223301
1 0.5155826558265583 0.1395631067961165 0.014905149051490514 0.02669902912621359
1 0.4905149051490515 0.09101941747572816 0.016260162601626018 0.02669902912621359
1 0.524390243902439 0.08131067961165049 0.013550135501355014 0.03155339805825243
1 0.559620596205962 0.07281553398058252 0.016260162601626018 0.024271844660194174
1 0.5711382113821138 0.12985436893203883 0.014905149051490514 0.02669902912621359
1 0.592140921409214 0.13470873786407767 0.016260162601626018 0.02669902912621359
1 0.6117886178861789 0.14563106796116504 0.012195121951219513 0.024271844660194174
1 0.6314363143631436 0.05825242718446602 0.013550135501355014 0.024271844660194174
1 0.551490514905149 0.2536407766990291 0.02168021680216802 0.0412621359223301
1 0.494579945799458 0.3118932038834951 0.024390243902439025 0.050970873786407765
1 0.537940379403794 0.32038834951456313 0.02168021680216802 0.04854368932038835
1 0.6185636856368564 0.2961165048543689 0.023035230352303523 0.04854368932038835
1 0.6869918699186992 0.2961165048543689 0.02710027100271003 0.05825242718446602
1 0.7323848238482384 0.3143203883495146 0.03116531165311653 0.06553398058252427
1 0.8157181571815718 0.41262135922330095 0.032520325203252036 0.06796116504854369
1 0.774390243902439 0.2766990291262136 0.025745257452574527 0.05825242718446602
1 0.8143631436314364 0.28640776699029125 0.024390243902439025 0.05339805825242718
1 0.7262872628726287 0.2487864077669903 0.02168021680216802 0.050970873786407765
1 0.7533875338753387 0.220873786407767 0.018970189701897018 0.043689320388349516
1 0.7710027100271003 0.21723300970873785 0.016260162601626018 0.03155339805825243
1 0.6998644986449865 0.2196601941747573 0.02032520325203252 0.03155339805825243
1 0.6619241192411924 0.21844660194174756 0.014905149051490514 0.02912621359223301
1 0.6199186991869918 0.2087378640776699 0.017615176151761516 0.03398058252427184
1 0.6429539295392954 0.1650485436893204 0.017615176151761516 0.03398058252427184
1 0.6510840108401084 0.13349514563106796 0.014905149051490514 0.02912621359223301
1 0.6646341463414634 0.09951456310679611 0.014905149051490514 0.024271844660194174
1 0.6937669376693767 0.09951456310679611 0.016260162601626018 0.02912621359223301
1 0.7330623306233063 0.18446601941747573 0.02168021680216802 0.043689320388349516
1 0.7737127371273713 0.17718446601941748 0.018970189701897018 0.038834951456310676
1 0.736449864498645 0.14320388349514562 0.017615176151761516 0.03398058252427184
1 0.7466124661246613 0.11771844660194175 0.013550135501355014 0.02669902912621359
1 0.7615176151761518 0.11893203883495146 0.01084010840108401 0.024271844660194174
1 0.771680216802168 0.13713592233009708 0.02032520325203252 0.0412621359223301
1 0.7953929539295393 0.09587378640776699 0.018970189701897018 0.03640776699029126
1 0.8184281842818428 0.09951456310679611 0.016260162601626018 0.038834951456310676
1 0.8340108401084011 0.11650485436893204 0.012195121951219513 0.019417475728155338
1 0.8489159891598916 0.1553398058252427 0.017615176151761516 0.038834951456310676
1 0.8279132791327913 0.18932038834951456 0.018970189701897018 0.043689320388349516
1 0.8590785907859079 0.07402912621359223 0.016260162601626018 0.03155339805825243
1 0.8902439024390244 0.10800970873786407 0.013550135501355014 0.03155339805825243
1 0.9017615176151762 0.19902912621359223 0.023035230352303523 0.05339805825242718
1 0.8787262872628726 0.2087378640776699 0.017615176151761516 0.043689320388349516
1 0.8658536585365854 0.25849514563106796 0.018970189701897018 0.04611650485436893
1 0.8868563685636857 0.375 0.03387533875338753 0.07524271844660194
1 0.9132791327913279 0.21844660194174756 0.016260162601626018 0.038834951456310676
1 0.940379403794038 0.10436893203883495 0.013550135501355014 0.02912621359223301
1 0.69579945799458 0.14805825242718446 0.017615176151761516 0.03398058252427184