1 0.20031545741324921 0.4007042253521127 0.03943217665615142 0.08028169014084507
1 0.26774447949526814 0.2711267605633803 0.016561514195583597 0.035211267605633804
1 0.29219242902208203 0.25 0.01498422712933754 0.035211267605633804
1 0.3099369085173502 0.22042253521126762 0.012618296529968454 0.0323943661971831
1 0.33241324921135645 0.21619718309859154 0.018138801261829655 0.0323943661971831
1 0.32373817034700314 0.27887323943661974 0.021293375394321766 0.04225352112676056
1 0.3907728706624606 0.24859154929577465 0.01971608832807571 0.04084507042253521
1 0.415615141955836 0.2577464788732394 0.02050473186119874 0.03943661971830986
1 0.39037854889589907 0.18661971830985916 0.014195583596214511 0.0323943661971831
1 0.40063091482649843 0.17535211267605633 0.014195583596214511 0.0323943661971831
1 0.4246845425867508 0.16126760563380282 0.018138801261829655 0.04084507042253521
1 0.42665615141955837 0.19507042253521126 0.01892744479495268 0.04084507042253521
1 0.4436119873817035 0.15704225352112677 0.013406940063091483 0.0323943661971831
1 0.46490536277602523 0.1563380281690141 0.01498422712933754 0.036619718309859155
1 0.443217665615142 0.22816901408450704 0.01892744479495268 0.03380281690140845
1 0.48974763406940064 0.1267605633802817 0.012618296529968454 0.028169014084507043
1 0.4964511041009464 0.1880281690140845 0.013406940063091483 0.0323943661971831
1 0.47791798107255523 0.2084507042253521 0.022082018927444796 0.04225352112676056
1 0.5078864353312302 0.12816901408450704 0.011041009463722398 0.022535211267605635
1 0.5500788643533123 0.1528169014084507 0.018138801261829655 0.029577464788732393
1 0.5792586750788643 0.14507042253521127 0.018138801261829655 0.036619718309859155
1 0.5899053627760252 0.10352112676056338 0.015772870662460567 0.029577464788732393
1 0.6470820189274448 0.10845070422535211 0.013406940063091483 0.028169014084507043
1 0.623422712933754 0.12746478873239436 0.018138801261829655 0.023943661971830985
1 0.5347003154574133 0.18943661971830986 0.022082018927444796 0.038028169014084505
1 0.4877760252365931 0.3028169014084507 0.021293375394321766 0.03943661971830986
1 0.5347003154574133 0.30352112676056336 0.026813880126182965 0.04647887323943662
1 0.5694006309148265 0.24295774647887325 0.017350157728706624 0.038028169014084505
1 0.6190851735015773 0.20140845070422536 0.025236593059936908 0.04507042253521127
1 0.6620662460567823 0.11619718309859155 0.013406940063091483 0.029577464788732393
1 0.6470820189274448 0.16549295774647887 0.018138801261829655 0.035211267605633804
1 0.6474763406940063 0.2063380281690141 0.022082018927444796 0.04647887323943662
1 0.6293375394321766 0.25 0.02365930599369085 0.04929577464788732
1 0.6533911671924291 0.26267605633802815 0.022870662460567823 0.04366197183098591
1 0.6821766561514195 0.30985915492957744 0.028391167192429023 0.059154929577464786
1 0.6821766561514195 0.16126760563380282 0.014195583596214511 0.02676056338028169
1 0.6880914826498423 0.19436619718309858 0.021293375394321766 0.030985915492957747
1 0.7105678233438486 0.15492957746478872 0.015772870662460567 0.03943661971830986
1 0.7452681388012619 0.14507042253521127 0.017350157728706624 0.03943661971830986
1 0.7594637223974764 0.1267605633802817 0.02050473186119874 0.03380281690140845
1 0.7417192429022083 0.1823943661971831 0.01971608832807571 0.0323943661971831
1 0.706230283911672 0.21267605633802816 0.016561514195583597 0.04225352112676056
1 0.7066246056782335 0.2859154929577465 0.02050473186119874 0.05070422535211268
1 0.7432965299684543 0.21830985915492956 0.01971608832807571 0.036619718309859155
1 0.7689274447949527 0.34507042253521125 0.026813880126182965 0.0647887323943662
1 0.7890378548895899 0.14084507042253522 0.013406940063091483 0.030985915492957747
1 0.7779968454258676 0.16901408450704225 0.011829652996845425 0.036619718309859155
1 0.7748422712933754 0.2140845070422535 0.02444794952681388 0.04507042253521127
1 0.807570977917981 0.22464788732394367 0.022082018927444796 0.05211267605633803
1 0.792981072555205 0.2669014084507042 0.021293375394321766 0.04929577464788732
1 0.7969242902208202 0.17464788732394365 0.01498422712933754 0.030985915492957747
1 0.8264984227129337 0.1352112676056338 0.012618296529968454 0.03380281690140845
1 0.8631703470031545 0.14507042253521127 0.013406940063091483 0.03380281690140845
1 0.8797318611987381 0.19154929577464788 0.013406940063091483 0.03380281690140845
1 0.832018927444795 0.19507042253521126 0.017350157728706624 0.035211267605633804
1 0.8537066246056783 0.25422535211267605 0.021293375394321766 0.057746478873239436
1 0.8387223974763407 0.3211267605633803 0.021293375394321766 0.03943661971830986
1 0.9077287066246057 0.2605633802816901 0.02050473186119874 0.05352112676056338
1 0.8746056782334385 0.23450704225352112 0.02050473186119874 0.04929577464788732
1 0.5780757097791798 0.17464788732394365 0.02050473186119874 0.03380281690140845
1 0.6281545741324921 0.1443661971830986 0.01498422712933754 0.0323943661971831