1 0.114453125 0.5146036161335188 0.13203125 0.2809457579972184
1 0.202734375 0.6133518776077886 0.04453125 0.09735744089012517
1 0.25078125 0.5904033379694019 0.0375 0.07927677329624479
1 0.241015625 0.5347705146036161 0.03203125 0.048678720445062586
1 0.270703125 0.5465924895688457 0.02734375 0.06397774687065369
1 0.279296875 0.5180806675938804 0.02265625 0.05146036161335188
1 0.320703125 0.5222531293463143 0.01640625 0.04033379694019471
1 0.333203125 0.5445062586926287 0.02578125 0.06258692628650904
1 0.358984375 0.5180806675938804 0.02890625 0.06815020862308763
1 0.39609375 0.5292072322670376 0.021875 0.048678720445062586
1 0.4359375 0.5285118219749653 0.0171875 0.04172461752433936
1 0.4390625 0.5611961057023644 0.021875 0.048678720445062586
1 0.389453125 0.633518776077886 0.03828125 0.08484005563282336
1 0.456640625 0.6210013908205841 0.03671875 0.07093184979137691
1 0.47265625 0.5514603616133519 0.0203125 0.048678720445062586
1 0.508203125 0.5674547983310153 0.01796875 0.04172461752433936
1 0.52734375 0.5653685674547984 0.028125 0.06536856745479833
1 0.529296875 0.6905424200278164 0.04609375 0.09040333796940195
1 0.591796875 0.5945757997218358 0.09140625 0.18219749652294853
1 0.662109375 0.5744089012517385 0.03359375 0.06397774687065369
1 0.7375 0.6182197496522949 0.034375 0.06258692628650904
1 0.7640625 0.631432545201669 0.0234375 0.05285118219749652
1 0.85390625 0.4965229485396384 0.08125 0.15577190542420027