1 0.059666975023126734 0.4251644736842105 0.037927844588344126 0.09046052631578948
1 0.08788159111933395 0.43338815789473684 0.04810360777058279 0.09375
1 0.31591119333950046 0.21217105263157895 0.01942645698427382 0.02631578947368421
1 0.34736355226641996 0.24259868421052633 0.01757631822386679 0.03125
1 0.38390379278445885 0.22286184210526316 0.020351526364477335 0.044407894736842105
1 0.39916743755781686 0.19407894736842105 0.01572617946345976 0.03289473684210526
1 0.46392229417206293 0.17269736842105263 0.02127659574468085 0.04276315789473684
1 0.4967622571692877 0.09210526315789473 0.009250693802035153 0.023026315789473683
1 0.5245143385753932 0.25082236842105265 0.02960222016651249 0.054276315789473686
1 0.5666049953746531 0.14884868421052633 0.02497687326549491 0.04111842105263158
1 0.5864939870490287 0.18174342105263158 0.024051803885291396 0.047697368421052634
1 0.6022201665124884 0.13322368421052633 0.022201665124884366 0.039473684210526314
1 0.6313598519888992 0.19901315789473684 0.02497687326549491 0.046052631578947366
1 0.5874190564292322 0.3067434210526316 0.03330249768732655 0.05756578947368421
1 0.6443108233117484 0.1299342105263158 0.01757631822386679 0.046052631578947366
1 0.6563367252543941 0.14144736842105263 0.01757631822386679 0.049342105263157895
1 0.6822386679000925 0.13651315789473684 0.01942645698427382 0.04276315789473684