1 0.23005640612409348 0.3363384188626907 0.016921837228041903 0.03467406380027739
1 0.14585012087026591 0.5402219140083218 0.038678485092667206 0.08183079056865465
1 0.25906526994359386 0.35991678224687934 0.020145044319097503 0.04576976421636616
1 0.2961321514907333 0.361997226074896 0.020145044319097503 0.04160887656033287
1 0.290088638195004 0.2961165048543689 0.017727639000805803 0.03744798890429958
1 0.3170829975825947 0.38072122052704577 0.021756647864625302 0.04022191400832178
1 0.3460918614020951 0.3363384188626907 0.023368251410153102 0.04299583911234397
1 0.34971796937953264 0.29819694868238555 0.020950846091861403 0.030513176144244106
1 0.37872683319903305 0.3342579750346741 0.020950846091861403 0.038834951456310676
1 0.4057211925866237 0.3287101248266297 0.021756647864625302 0.038834951456310676
1 0.4041095890410959 0.30235783633841884 0.016921837228041903 0.033287101248266296
1 0.3887993553585818 0.2635228848821082 0.016921837228041903 0.033287101248266296
1 0.4161966156325544 0.27739251040221913 0.020145044319097503 0.033287101248266296
1 0.4331184528605963 0.3106796116504854 0.018533440773569703 0.038834951456310676
1 0.4657534246575342 0.3183079056865465 0.022562449637389202 0.03467406380027739
1 0.459709911361805 0.27184466019417475 0.018533440773569703 0.033287101248266296
1 0.45608380338436744 0.2434119278779473 0.017727639000805803 0.0319001386962552
1 0.4254633360193392 0.2552011095700416 0.016116035455278 0.030513176144244106
1 0.4649476228847704 0.23439667128987518 0.0128928283642224 0.024965325936199722
1 0.5012087026591459 0.26282940360610263 0.016116035455278 0.02912621359223301
1 0.5177276390008058 0.2725381414701803 0.015310233682514102 0.0319001386962552
1 0.515713134568896 0.25312066574202496 0.014504431909750202 0.026352288488210817
1 0.5463336019339242 0.2447988904299584 0.014504431909750202 0.026352288488210817
1 0.5507655116841257 0.28918169209431344 0.020145044319097503 0.03744798890429958
1 0.49879129734085415 0.332871012482663 0.020950846091861403 0.036061026352288486
1 0.47219983883964545 0.3945908460471567 0.030620467365028204 0.0651872399445215
1 0.44319097502014504 0.35714285714285715 0.022562449637389202 0.03744798890429958
1 0.5713134568896051 0.24687933425797504 0.014504431909750202 0.027739251040221916
1 0.5616438356164384 0.21705963938973646 0.009669621273166801 0.023578363384188627
1 0.5713134568896051 0.21844660194174756 0.011281224818694601 0.020804438280166437
1 0.5934730056406124 0.24965325936199723 0.016921837228041903 0.033287101248266296
1 0.5995165189363416 0.22399445214979197 0.0128928283642224 0.023578363384188627
1 0.6055600322320709 0.19902912621359223 0.015310233682514102 0.02912621359223301
1 0.6192586623690572 0.217753120665742 0.010475423045930701 0.030513176144244106
1 0.6341659951651893 0.22122052704576978 0.014504431909750202 0.0319001386962552
1 0.6377921031426269 0.2524271844660194 0.015310233682514102 0.030513176144244106
1 0.6559226430298146 0.217753120665742 0.0128928283642224 0.030513176144244106
1 0.6720386784850927 0.22815533980582525 0.016116035455278 0.026352288488210817
1 0.6962127316680097 0.22330097087378642 0.019339242546333603 0.027739251040221916
1 0.6974214343271555 0.25728155339805825 0.012087026591458501 0.026352288488210817
1 0.6639806607574537 0.2787794729542302 0.016116035455278 0.036061026352288486
1 0.5269943593875906 0.37586685159500693 0.029008863819500404 0.047156726768377254
1 0.532232070910556 0.42302357836338417 0.029814665592264304 0.05825242718446602
1 0.580177276390008 0.4507628294036061 0.032232070910556 0.0638002773925104
1 0.5862207896857373 0.4015256588072122 0.031426269137792104 0.059639389736477116
1 0.5922643029814666 0.33703190013869627 0.0257856567284448 0.047156726768377254
1 0.637389202256245 0.35436893203883496 0.022562449637389202 0.04854368932038835
1 0.6253021756647864 0.3016643550624133 0.022562449637389202 0.04576976421636616
1 0.6591458501208702 0.3647711511789182 0.0273972602739726 0.047156726768377254
1 0.6809024979854955 0.3633841886269071 0.0257856567284448 0.044382801664355064
1 0.6752618855761483 0.3155339805825243 0.022562449637389202 0.04576976421636616
1 0.7046736502820307 0.2961165048543689 0.023368251410153102 0.04022191400832178
1 0.725624496373892 0.2503467406380028 0.018533440773569703 0.04022191400832178
1 0.7405318291700241 0.2565880721220527 0.016116035455278 0.033287101248266296
1 0.74174053182917 0.231622746185853 0.016921837228041903 0.027739251040221916
1 0.7562449637389203 0.2593619972260749 0.016921837228041903 0.030513176144244106
1 0.765511684125705 0.27947295423023577 0.017727639000805803 0.04022191400832178
1 0.773972602739726 0.23855755894590847 0.016921837228041903 0.033287101248266296
1 0.8013698630136986 0.24271844660194175 0.021756647864625302 0.027739251040221916
1 0.8045930701047542 0.2766990291262136 0.016921837228041903 0.03467406380027739
1 0.8114423851732474 0.2988904299583911 0.017727639000805803 0.0319001386962552
1 0.8190975020145045 0.3314840499306519 0.018533440773569703 0.047156726768377254
1 0.8033843674456084 0.36130374479889044 0.024174053182917002 0.04299583911234397
1 0.7675261885576148 0.4306518723994452 0.028203062046736505 0.056865464632454926
1 0.7139403706688154 0.40499306518723993 0.0273972602739726 0.052704576976421634
1 0.6893634165995165 0.5402219140083218 0.0443190975020145 0.08183079056865465
1 0.6301369863013698 0.47572815533980584 0.038678485092667206 0.06934812760055478
1 0.8058017727639001 0.5104022191400832 0.035455278001611606 0.07489597780859916
1 0.8408541498791298 0.4403606102635229 0.0265914585012087 0.056865464632454926
1 0.8481063658340048 0.3536754507628294 0.018533440773569703 0.047156726768377254
1 0.8622078968573731 0.34257975034674065 0.019339242546333603 0.047156726768377254
1 0.8718775181305399 0.3217753120665742 0.014504431909750202 0.033287101248266296
1 0.838436744560838 0.27600554785020803 0.015310233682514102 0.033287101248266296
1 0.8299758259468171 0.25312066574202496 0.0128928283642224 0.02912621359223301
1 0.8460918614020951 0.2621359223300971 0.0128928283642224 0.024965325936199722
1 0.8702659145850121 0.2593619972260749 0.0128928283642224 0.024965325936199722
1 0.8855761482675262 0.2766990291262136 0.016116035455278 0.0319001386962552
1 0.8855761482675262 0.34535367545076284 0.016116035455278 0.044382801664355064
1 0.8984689766317486 0.4868238557558946 0.030620467365028204 0.06102635228848821
1 0.8988718775181306 0.44105409153952846 0.018533440773569703 0.04160887656033287
1 0.9218372280419017 0.36130374479889044 0.020950846091861403 0.05409153952843273
1 0.9077356970185334 0.3058252427184466 0.015310233682514102 0.03467406380027739
1 0.9246575342465754 0.3002773925104022 0.016921837228041903 0.03467406380027739
1 0.9270749395648671 0.2787794729542302 0.0136986301369863 0.027739251040221916