1 0.030625 0.6648106904231625 0.05875 0.09131403118040089
1 0.018125 0.734966592427617 0.03375 0.10690423162583519
1 0.033125 0.5991091314031181 0.04625 0.0757238307349666
1 0.049375 0.5712694877505567 0.03375 0.0645879732739421
1 0.12125 0.5991091314031181 0.045 0.0801781737193764
1 0.180625 0.5534521158129176 0.09875 0.15367483296213807
1 0.311875 0.5846325167037862 0.04625 0.08685968819599109
1 0.375 0.5991091314031181 0.045 0.08463251670378619
1 0.42125 0.5077951002227171 0.08 0.155902004454343
1 0.37625 0.7427616926503341 0.0875 0.16258351893095768
1 0.3025 0.6904231625835189 0.0575 0.111358574610245
1 0.26625 0.9287305122494433 0.125 0.14253897550111358
1 0.805625 0.579064587973274 0.03875 0.062360801781737196
1 0.86375 0.611358574610245 0.0475 0.0779510022271715
1 0.889375 0.6692650334075724 0.06125 0.10467706013363029
1 0.916875 0.5779510022271714 0.04875 0.0957683741648107