1 0.024822695035460994 0.5344418052256532 0.04018912529550828 0.07125890736342043
1 0.13120567375886524 0.5106888361045131 0.038613081166272656 0.05938242280285035
1 0.16233254531126873 0.5546318289786223 0.05673758865248227 0.07838479809976247
1 0.17297084318360914 0.5130641330166271 0.04018912529550828 0.06175771971496437
1 0.22734436564223798 0.4839667458432304 0.030732860520094562 0.04631828978622328
1 0.289204097714736 0.4982185273159145 0.03152088258471237 0.048693586698337295
1 0.3211189913317573 0.5201900237529691 0.04018912529550828 0.05938242280285035
1 0.25098502758077224 0.582541567695962 0.05594956658786446 0.08194774346793349
1 0.33451536643026003 0.7250593824228029 0.09535066981875492 0.15320665083135393
1 0.3380614657210402 0.39489311163895485 0.036249014972419225 0.06294536817102138
1 0.36485421591804573 0.49524940617577196 0.028368794326241134 0.04513064133016627
1 0.41883372734436564 0.5308788598574822 0.04491725768321513 0.0665083135391924
1 0.43420015760441294 0.5005938242280285 0.03152088258471237 0.060570071258907364
1 0.5090622537431048 0.5338479809976246 0.04412923561859732 0.055819477434679333
1 0.503940110323089 0.49524940617577196 0.027580772261623327 0.040380047505938245
1 0.5788022064617809 0.48871733966745845 0.02442868400315209 0.048693586698337295
1 0.5768321513002365 0.6205463182897862 0.07092198581560284 0.10807600950118765
1 0.5977147360126084 0.8657957244655582 0.12529550827423167 0.1995249406175772
1 0.6729708431836091 0.5492874109263658 0.04885736800630418 0.08669833729216152
1 0.7151300236406619 0.5207838479809976 0.04176516942474389 0.07244655581947744
1 0.764775413711584 0.5296912114014252 0.0338849487785658 0.047505938242280284
1 0.8215130023640662 0.577790973871734 0.046493301812450746 0.07957244655581948
1 0.7584712371946415 0.6383610451306413 0.07328605200945626 0.12470308788598575
1 0.8530338849487785 0.5427553444180523 0.03546099290780142 0.06413301662707839
1 0.8680063041765169 0.5100950118764845 0.0338849487785658 0.060570071258907364