1 0.07890625 0.66015625 0.06875 0.1140625
1 0.233984375 0.259375 0.01171875 0.04375
1 0.24921875 0.26875 0.01875 0.05
1 0.28828125 0.23125 0.0140625 0.028125
1 0.3046875 0.2484375 0.0140625 0.0375
1 0.32109375 0.20234375 0.0171875 0.0390625
1 0.346875 0.215625 0.0140625 0.046875
1 0.38046875 0.2578125 0.015625 0.0375
1 0.3578125 0.22265625 0.0140625 0.0421875
1 0.376171875 0.19375 0.01328125 0.021875
1 0.405859375 0.18046875 0.01171875 0.0359375
1 0.440625 0.19921875 0.0140625 0.0328125
1 0.409375 0.23515625 0.0171875 0.0359375
1 0.446875 0.2890625 0.01875 0.05
1 0.483984375 0.23359375 0.01796875 0.0390625
1 0.50703125 0.20078125 0.0125 0.0328125
1 0.539453125 0.22734375 0.01953125 0.0359375
1 0.442578125 0.1625 0.01640625 0.025
1 0.4640625 0.1640625 0.0140625 0.028125
1 0.487890625 0.1703125 0.01171875 0.0375
1 0.5046875 0.15546875 0.0140625 0.0328125
1 0.52578125 0.16328125 0.0140625 0.0328125
1 0.565234375 0.1421875 0.01171875 0.034375
1 0.587890625 0.13671875 0.01171875 0.0390625
1 0.606640625 0.12734375 0.01171875 0.0328125
1 0.6359375 0.12890625 0.0125 0.0390625
1 0.661328125 0.14375 0.01328125 0.0375
1 0.61953125 0.1671875 0.0125 0.03125
1 0.586328125 0.2015625 0.01796875 0.0375
1 0.61171875 0.20859375 0.01875 0.0296875
1 0.625 0.28125 0.025 0.05
1 0.580859375 0.32265625 0.01953125 0.0390625
1 0.60546875 0.365625 0.021875 0.05
1 0.66171875 0.37734375 0.01875 0.0546875
1 0.73046875 0.38359375 0.0234375 0.0578125
1 0.80078125 0.4328125 0.0265625 0.059375
1 0.8671875 0.490625 0.0234375 0.059375
1 0.884375 0.38984375 0.0171875 0.0546875
1 0.93828125 0.4125 0.021875 0.05625
1 0.971875 0.34921875 0.0140625 0.0421875
1 0.94765625 0.35625 0.0171875 0.040625
1 0.926171875 0.31875 0.01484375 0.046875
1 0.86796875 0.3015625 0.0203125 0.040625
1 0.810546875 0.31015625 0.01953125 0.0515625
1 0.75703125 0.28359375 0.015625 0.0453125
1 0.72265625 0.25390625 0.0171875 0.0453125
1 0.6671875 0.2453125 0.0171875 0.034375
1 0.701171875 0.21171875 0.01015625 0.0453125
1 0.663671875 0.18359375 0.01953125 0.0359375
1 0.69140625 0.15390625 0.015625 0.0328125
1 0.72109375 0.15625 0.0125 0.0375
1 0.74453125 0.22421875 0.0171875 0.0515625
1 0.784765625 0.203125 0.01484375 0.040625
1 0.780859375 0.165625 0.01171875 0.03125
1 0.81015625 0.1859375 0.009375 0.034375
1 0.826953125 0.225 0.01171875 0.046875
1 0.794140625 0.253125 0.02265625 0.034375
1 0.86171875 0.225 0.0125 0.0375
1 0.880859375 0.23203125 0.01328125 0.0296875
1 0.903125 0.21796875 0.0125 0.0359375
1 0.95 0.2375 0.0125 0.040625
1 0.978515625 0.24765625 0.01171875 0.0328125
1 0.975390625 0.29921875 0.01640625 0.0421875
1 0.928125 0.25859375 0.0125 0.0421875
1 0.887890625 0.271875 0.02109375 0.04375
1 0.903515625 0.25078125 0.01484375 0.0390625
1 0.751953125 0.18828125 0.01640625 0.0296875
1 0.85703125 0.35390625 0.01875 0.0453125
1 0.54375 0.16875 0.0140625 0.034375
1 0.568359375 0.1546875 0.01484375 0.040625
1 0.592578125 0.1765625 0.01796875 0.04375
1 0.83203125 0.2109375 0.0140625 0.046875