1 0.984375 0.40625 0.03125 0.033854166666666664
1 0.9079861111111112 0.4205729166666667 0.052083333333333336 0.046875
1 0.7855902777777778 0.4680989583333333 0.07118055555555555 0.06380208333333333
1 0.7986111111111112 0.4290364583333333 0.059027777777777776 0.04296875
1 0.7005208333333334 0.5110677083333334 0.03993055555555555 0.04296875
1 0.6987847222222222 0.4759114583333333 0.03993055555555555 0.032552083333333336
1 0.5269097222222222 0.3483072916666667 0.043402777777777776 0.037760416666666664
1 0.5373263888888888 0.484375 0.078125 0.059895833333333336
1 0.328125 0.5690104166666666 0.07291666666666667 0.052083333333333336
1 0.2612847222222222 0.525390625 0.078125 0.055989583333333336
1 0.18229166666666666 0.5143229166666666 0.059027777777777776 0.044270833333333336
1 0.0859375 0.4485677083333333 0.0920138888888889 0.06901041666666667
1 0.0234375 0.478515625 0.043402777777777776 0.032552083333333336
1 0.025173611111111112 0.3528645833333333 0.03298611111111111 0.0390625
1 0.125 0.3424479166666667 0.04513888888888889 0.036458333333333336
1 0.2230902777777778 0.3385416666666667 0.036458333333333336 0.0390625
1 0.3368055555555556 0.3385416666666667 0.027777777777777776 0.028645833333333332
1 0.3932291666666667 0.4140625 0.029513888888888888 0.0234375
1 0.3229166666666667 0.40234375 0.03125 0.028645833333333332
1 0.2517361111111111 0.4173177083333333 0.04861111111111111 0.029947916666666668
1 0.1640625 0.427734375 0.057291666666666664 0.040364583333333336