1 0.10836038961038962 0.55 0.04626623376623377 0.1
1 0.21306818181818182 0.26864406779661015 0.010551948051948052 0.025423728813559324
1 0.22605519480519481 0.3050847457627119 0.025162337662337664 0.04406779661016949
1 0.2719155844155844 0.2440677966101695 0.016233766233766232 0.04745762711864407
1 0.30438311688311687 0.24745762711864408 0.016233766233766232 0.03728813559322034
1 0.3246753246753247 0.2364406779661017 0.017857142857142856 0.04915254237288136
1 0.3417207792207792 0.2211864406779661 0.016233766233766232 0.03898305084745763
1 0.36160714285714285 0.26864406779661015 0.018668831168831168 0.04915254237288136
1 0.3912337662337662 0.2559322033898305 0.01461038961038961 0.03389830508474576
1 0.38311688311688313 0.20084745762711864 0.016233766233766232 0.03220338983050847
1 0.43790584415584416 0.3135593220338983 0.020292207792207792 0.0576271186440678
1 0.4257305194805195 0.20847457627118643 0.013798701298701298 0.04745762711864407
1 0.4387175324675325 0.16779661016949152 0.012175324675324676 0.03389830508474576
1 0.4679383116883117 0.25508474576271184 0.018668831168831168 0.05254237288135593
1 0.4890422077922078 0.1576271186440678 0.012175324675324676 0.03389830508474576
1 0.4963474025974026 0.21694915254237288 0.015422077922077922 0.04745762711864407
1 0.515422077922078 0.17796610169491525 0.017857142857142856 0.03728813559322034
1 0.5450487012987013 0.2330508474576271 0.017045454545454544 0.03898305084745763
1 0.5588474025974026 0.16779661016949152 0.015422077922077922 0.03728813559322034
1 0.5511363636363636 0.14067796610169492 0.012987012987012988 0.03389830508474576
1 0.5734577922077922 0.1423728813559322 0.012175324675324676 0.03728813559322034
1 0.5949675324675324 0.13050847457627118 0.012987012987012988 0.03389830508474576
1 0.6099837662337663 0.18305084745762712 0.015422077922077922 0.03728813559322034
1 0.6217532467532467 0.2033898305084746 0.01461038961038961 0.04067796610169491
1 0.627435064935065 0.13474576271186442 0.012987012987012988 0.03220338983050847
1 0.6521915584415584 0.15 0.012175324675324676 0.03559322033898305
1 0.6647727272727273 0.13389830508474576 0.012987012987012988 0.03389830508474576
1 0.6550324675324676 0.1906779661016949 0.01461038961038961 0.03559322033898305
1 0.713474025974026 0.1576271186440678 0.01461038961038961 0.03389830508474576
1 0.570211038961039 0.33559322033898303 0.018668831168831168 0.04406779661016949
1 0.5892857142857143 0.4025423728813559 0.017857142857142856 0.07288135593220339
1 0.606737012987013 0.3093220338983051 0.018668831168831168 0.05254237288135593
1 0.6578733766233766 0.41271186440677965 0.025162337662337664 0.05593220338983051
1 0.7199675324675324 0.423728813559322 0.027597402597402596 0.06440677966101695
1 0.7849025974025974 0.4610169491525424 0.027597402597402596 0.08135593220338982
1 0.8778409090909091 0.4847457627118644 0.020292207792207792 0.07796610169491526
1 0.890422077922078 0.4016949152542373 0.021103896103896104 0.061016949152542375
1 0.9614448051948052 0.4516949152542373 0.021915584415584416 0.06610169491525424
1 0.6607142857142857 0.2593220338983051 0.022727272727272728 0.0576271186440678
1 0.6956168831168831 0.2211864406779661 0.017857142857142856 0.0423728813559322
1 0.711038961038961 0.2771186440677966 0.016233766233766232 0.05593220338983051
1 0.7516233766233766 0.3 0.022727272727272728 0.06440677966101695
1 0.7402597402597403 0.23813559322033898 0.017857142857142856 0.04576271186440678
1 0.7459415584415584 0.19915254237288135 0.01461038961038961 0.0423728813559322
1 0.7702922077922078 0.19152542372881357 0.012987012987012988 0.04745762711864407
1 0.8096590909090909 0.19322033898305085 0.015422077922077922 0.03728813559322034
1 0.7844967532467533 0.21949152542372882 0.015422077922077922 0.03898305084745763
1 0.7982954545454546 0.25169491525423726 0.018668831168831168 0.05254237288135593
1 0.8226461038961039 0.2347457627118644 0.017045454545454544 0.04915254237288136
1 0.8161525974025974 0.3050847457627119 0.020292207792207792 0.0576271186440678
1 0.8441558441558441 0.2228813559322034 0.016233766233766232 0.04576271186440678
1 0.8705357142857143 0.23813559322033898 0.015422077922077922 0.0423728813559322
1 0.882711038961039 0.22372881355932203 0.010551948051948052 0.02711864406779661
1 0.9070616883116883 0.2330508474576271 0.015422077922077922 0.03220338983050847
1 0.9030032467532467 0.2652542372881356 0.018668831168831168 0.0423728813559322
1 0.9318181818181818 0.2754237288135593 0.01461038961038961 0.0423728813559322
1 0.9553571428571429 0.25508474576271184 0.012987012987012988 0.03559322033898305
1 0.989448051948052 0.26016949152542374 0.012987012987012988 0.03559322033898305
1 0.8685064935064936 0.32372881355932204 0.021103896103896104 0.061016949152542375
1 0.9281655844155844 0.338135593220339 0.015422077922077922 0.05593220338983051
1 0.976461038961039 0.37457627118644066 0.017857142857142856 0.05423728813559322
1 0.8482142857142857 0.3855932203389831 0.01948051948051948 0.05593220338983051
1 0.6038961038961039 0.16016949152542373 0.01461038961038961 0.0288135593220339
1 0.5795454545454546 0.1788135593220339 0.012987012987012988 0.0423728813559322
1 0.3587662337662338 0.20254237288135593 0.016233766233766232 0.03220338983050847
1 0.976461038961039 0.338135593220339 0.01461038961038961 0.0423728813559322
1 0.890422077922078 0.3 0.017857142857142856 0.04406779661016949
1 0.6887175324675324 0.14491525423728813 0.013798701298701298 0.03559322033898305
1 0.6935876623376623 0.15847457627118644 0.015422077922077922 0.03559322033898305