1 0.47109375 0.5752753977968176 0.10625 0.26193390452876375
1 0.66484375 0.4724602203182375 0.0921875 0.19583843329253367
1 0.696484375 0.3843329253365973 0.08359375 0.15422276621787026
1 0.806640625 0.37270501835985315 0.07578125 0.12362301101591187
1 0.840234375 0.38310893512851896 0.05390625 0.12729498164014688
1 0.864453125 0.299265605875153 0.04921875 0.1211750305997552
1 0.90625 0.29253365973072215 0.0359375 0.08078335373317014
1 0.92890625 0.26988984088127294 0.028125 0.06731946144430845
1 0.9625 0.2833537331701346 0.0359375 0.06976744186046512
1 0.8015625 0.21725826193390452 0.0296875 0.05018359853121175
1 0.80390625 0.2784577723378213 0.0296875 0.06242350061199511
1 0.748828125 0.2552019583843329 0.03359375 0.06242350061199511
1 0.755078125 0.2086903304773562 0.02734375 0.05263157894736842
1 0.684765625 0.2784577723378213 0.03515625 0.06976744186046512
1 0.70859375 0.2717258261933905 0.028125 0.06609547123623011
1 0.694921875 0.21297429620563035 0.03203125 0.04895960832313342
1 0.642578125 0.29069767441860467 0.04140625 0.09914320685434516
1 0.642578125 0.24112607099143207 0.02890625 0.051407588739290085
1 0.60625 0.21725826193390452 0.03125 0.05997552019583843
1 0.58359375 0.295593635250918 0.05625 0.11383108935128519
1 0.4875 0.2692778457772338 0.0390625 0.07099143206854346
1 0.523828125 0.24663402692778458 0.02734375 0.05997552019583843
1 0.552734375 0.23194614443084455 0.02890625 0.05752753977968176
1 0.556640625 0.19951040391676866 0.01953125 0.03671970624235006
1 0.575390625 0.21664626682986537 0.01953125 0.0416156670746634
1 0.45390625 0.26193390452876375 0.0390625 0.06609547123623011
1 0.344140625 0.27600979192166464 0.05234375 0.11138310893512852
1 0.40078125 0.2766217870257038 0.0390625 0.1003671970624235
1 0.376171875 0.2521419828641371 0.03359375 0.07588739290085679
1 0.377734375 0.20807833537331702 0.02265625 0.03916768665850673
1 0.4015625 0.1909424724602203 0.0265625 0.05385556915544676
1 0.319140625 0.21113831089351284 0.02734375 0.05752753977968176
1 0.25703125 0.313953488372093 0.053125 0.11138310893512852
1 0.253125 0.26988984088127294 0.0453125 0.05263157894736842
1 0.266015625 0.2252141982864137 0.02578125 0.046511627906976744
1 0.24921875 0.19033047735618114 0.0390625 0.05507955936352509
1 0.213671875 0.22827417380660955 0.03984375 0.06242350061199511
1 0.176953125 0.2692778457772338 0.05078125 0.0832313341493268
1 0.055078125 0.33353733170134636 0.06953125 0.13096695226438188
1 0.0578125 0.26621787025703797 0.05 0.06487148102815178
1 0.05859375 0.22582619339045287 0.0359375 0.05263157894736842
1 0.1328125 0.2423500611995104 0.040625 0.07099143206854346
1 0.441015625 0.34577723378212977 0.08515625 0.15299877600979192
1 0.460546875 0.2215422276621787 0.03359375 0.04895960832313342