1 0.10256410256410256 0.499054820415879 0.0641025641025641 0.11720226843100189
1 0.27724358974358976 0.22967863894139887 0.018162393162393164 0.03969754253308128
1 0.3125 0.21739130434782608 0.016025641025641024 0.03780718336483932
1 0.3247863247863248 0.21361058601134217 0.017094017094017096 0.03780718336483932
1 0.3450854700854701 0.21550094517958412 0.019230769230769232 0.04158790170132325
1 0.3295940170940171 0.17958412098298676 0.016025641025641024 0.034026465028355386
1 0.3530982905982906 0.19754253308128544 0.018162393162393164 0.043478260869565216
1 0.3733974358974359 0.2060491493383743 0.016025641025641024 0.04158790170132325
1 0.38301282051282054 0.22873345935727787 0.018162393162393164 0.045368620037807186
1 0.41025641025641024 0.2381852551984877 0.021367521367521368 0.04914933837429111
1 0.4428418803418803 0.24102079395085066 0.022435897435897436 0.04725897920604915
1 0.41613247863247865 0.1994328922495274 0.018162393162393164 0.03969754253308128
1 0.39476495726495725 0.2051039697542533 0.016025641025641024 0.035916824196597356
1 0.3766025641025641 0.16446124763705103 0.016025641025641024 0.026465028355387523
1 0.4011752136752137 0.16918714555765596 0.016025641025641024 0.035916824196597356
1 0.4230769230769231 0.15406427221172023 0.01282051282051282 0.02835538752362949
1 0.44017094017094016 0.15500945179584122 0.01282051282051282 0.026465028355387523
1 0.43856837606837606 0.18052930056710775 0.013888888888888888 0.03213610586011342
1 0.46047008547008544 0.20321361058601134 0.021367521367521368 0.043478260869565216
1 0.4652777777777778 0.12948960302457466 0.011752136752136752 0.02835538752362949
1 0.4829059829059829 0.14177693761814744 0.010683760683760684 0.030245746691871456
1 0.49145299145299143 0.14933837429111532 0.010683760683760684 0.026465028355387523
1 0.49732905982905984 0.17485822306238186 0.013888888888888888 0.035916824196597356
1 0.5229700854700855 0.17485822306238186 0.018162393162393164 0.035916824196597356
1 0.5544871794871795 0.1786389413988658 0.017094017094017096 0.03969754253308128
1 0.563034188034188 0.15689981096408318 0.014957264957264958 0.03780718336483932
1 0.5373931623931624 0.1502835538752363 0.01282051282051282 0.03213610586011342
1 0.5272435897435898 0.14177693761814744 0.011752136752136752 0.026465028355387523
1 0.5080128205128205 0.14366729678638943 0.016025641025641024 0.034026465028355386
1 0.49946581196581197 0.12003780718336483 0.011752136752136752 0.02835538752362949
1 0.5502136752136753 0.1275992438563327 0.014957264957264958 0.03213610586011342
1 0.5763888888888888 0.1332703213610586 0.013888888888888888 0.02835538752362949
1 0.6014957264957265 0.15784499054820417 0.014957264957264958 0.03969754253308128
1 0.6100427350427351 0.14555765595463138 0.01282051282051282 0.034026465028355386
1 0.6095085470085471 0.11814744801512288 0.011752136752136752 0.02835538752362949
1 0.625534188034188 0.13137996219281664 0.013888888888888888 0.03213610586011342
1 0.6271367521367521 0.10964083175803403 0.010683760683760684 0.022684310018903593
1 0.6431623931623932 0.15406427221172023 0.014957264957264958 0.035916824196597356
1 0.6522435897435898 0.13137996219281664 0.013888888888888888 0.03213610586011342
1 0.655448717948718 0.10964083175803403 0.013888888888888888 0.030245746691871456
1 0.6773504273504274 0.1266540642722117 0.01282051282051282 0.026465028355387523
1 0.6875 0.10302457466918714 0.013888888888888888 0.03213610586011342
1 0.7061965811965812 0.10964083175803403 0.010683760683760684 0.034026465028355386
1 0.5897435897435898 0.22306238185255198 0.027777777777777776 0.052930056710775046
1 0.6362179487179487 0.2514177693761815 0.024572649572649572 0.06049149338374291
1 0.6698717948717948 0.33459357277882795 0.03205128205128205 0.0831758034026465
1 0.6367521367521367 0.20888468809073724 0.019230769230769232 0.043478260869565216
1 0.6618589743589743 0.21739130434782608 0.018162393162393164 0.04914933837429111
1 0.6688034188034188 0.1776937618147448 0.017094017094017096 0.03780718336483932
1 0.6912393162393162 0.2542533081285444 0.021367521367521368 0.054820415879017016
1 0.7248931623931624 0.24102079395085066 0.0202991452991453 0.043478260869565216
1 0.7200854700854701 0.1786389413988658 0.019230769230769232 0.043478260869565216
1 0.7024572649572649 0.17485822306238186 0.016025641025641024 0.03969754253308128
1 0.7350427350427351 0.14555765595463138 0.01282051282051282 0.034026465028355386
1 0.7403846153846154 0.166351606805293 0.017094017094017096 0.03780718336483932
1 0.7553418803418803 0.19092627599243855 0.021367521367521368 0.045368620037807186
1 0.7622863247863247 0.2504725897920605 0.024572649572649572 0.062381852551984876
1 0.7446581196581197 0.3780718336483932 0.03632478632478633 0.0831758034026465
1 0.7970085470085471 0.28638941398865786 0.02564102564102564 0.062381852551984876
1 0.7996794871794872 0.19659735349716445 0.018162393162393164 0.04158790170132325
1 0.7922008547008547 0.16446124763705103 0.013888888888888888 0.034026465028355386
1 0.7895299145299145 0.13705103969754254 0.01282051282051282 0.03213610586011342
1 0.7622863247863247 0.12948960302457466 0.013888888888888888 0.035916824196597356
1 0.7772435897435898 0.1266540642722117 0.011752136752136752 0.030245746691871456
1 0.8039529914529915 0.1342155009451796 0.011752136752136752 0.030245746691871456
1 0.8242521367521367 0.1266540642722117 0.013888888888888888 0.030245746691871456
1 0.8317307692307693 0.166351606805293 0.013888888888888888 0.03780718336483932
1 0.8167735042735043 0.2060491493383743 0.018162393162393164 0.034026465028355386
1 0.8221153846153846 0.2542533081285444 0.024572649572649572 0.054820415879017016
1 0.8392094017094017 0.2107750472589792 0.018162393162393164 0.04725897920604915
1 0.9182692307692307 0.3383742911153119 0.028846153846153848 0.07183364839319471
1 0.8830128205128205 0.22967863894139887 0.0202991452991453 0.04725897920604915
1 0.8974358974358975 0.21455576559546313 0.014957264957264958 0.043478260869565216
1 0.907051282051282 0.18525519848771266 0.01282051282051282 0.034026465028355386
1 0.8664529914529915 0.18525519848771266 0.014957264957264958 0.03780718336483932
1 0.8600427350427351 0.22495274102079396 0.017094017094017096 0.034026465028355386
1 0.8595085470085471 0.14650283553875237 0.013888888888888888 0.024574669187145556
1 0.8397435897435898 0.15500945179584122 0.014957264957264958 0.034026465028355386
1 0.8766025641025641 0.15973534971644612 0.013888888888888888 0.035916824196597356
1 0.9107905982905983 0.15406427221172023 0.011752136752136752 0.02835538752362949
1 0.9519230769230769 0.19187145557655955 0.01282051282051282 0.03969754253308128
1 0.9364316239316239 0.1947069943289225 0.013888888888888888 0.034026465028355386
1 0.9492521367521367 0.23251417769376181 0.016025641025641024 0.045368620037807186
1 0.9353632478632479 0.2523629489603025 0.0202991452991453 0.04725897920604915