1 0.09666666666666666 0.6016666666666667 0.07333333333333333 0.07666666666666666
1 0.06 0.5516666666666666 0.04666666666666667 0.056666666666666664
1 0.3 0.63 0.06666666666666667 0.08
1 0.29833333333333334 0.57 0.056666666666666664 0.06
1 0.36833333333333335 0.53 0.03666666666666667 0.04
1 0.43166666666666664 0.5816666666666667 0.06333333333333334 0.07666666666666666
1 0.49166666666666664 0.5633333333333334 0.043333333333333335 0.06
1 0.5833333333333334 0.5716666666666667 0.04666666666666667 0.05
1 0.7066666666666667 0.5583333333333333 0.06 0.056666666666666664
1 0.5883333333333334 0.5433333333333333 0.03666666666666667 0.05333333333333334
1 0.3616666666666667 0.8366666666666667 0.17 0.18
1 0.8233333333333334 0.895 0.2 0.21
1 0.8166666666666667 0.6266666666666667 0.07333333333333333 0.08
1 0.8933333333333333 0.5716666666666667 0.06 0.07666666666666666
1 0.9283333333333333 0.635 0.07666666666666666 0.09
1 0.9666666666666667 0.6766666666666666 0.06666666666666667 0.13333333333333333