1 0.19560669456066945 0.36797752808988765 0.04602510460251046 0.09925093632958802
1 0.2672594142259414 0.2303370786516854 0.015690376569037656 0.0299625468164794
1 0.32897489539748953 0.250936329588015 0.0198744769874477 0.0449438202247191
1 0.3692468619246862 0.1956928838951311 0.016736401673640166 0.028089887640449437
1 0.38859832635983266 0.1704119850187266 0.015690376569037656 0.02247191011235955
1 0.3854602510460251 0.1956928838951311 0.011506276150627616 0.028089887640449437
1 0.4351464435146444 0.14794007490636704 0.014644351464435146 0.026217228464419477
1 0.44037656903765693 0.17228464419475656 0.014644351464435146 0.033707865168539325
1 0.48221757322175735 0.14138576779026218 0.01882845188284519 0.028089887640449437
1 0.5031380753138075 0.13576779026217228 0.014644351464435146 0.028089887640449437
1 0.5198744769874477 0.1301498127340824 0.010460251046025104 0.024344569288389514
1 0.5120292887029289 0.149812734082397 0.013598326359832637 0.033707865168539325
1 0.5381799163179917 0.13389513108614232 0.013598326359832637 0.024344569288389514
1 0.4513598326359833 0.20692883895131087 0.01778242677824268 0.035580524344569285
1 0.37447698744769875 0.25842696629213485 0.02092050209205021 0.03745318352059925
1 0.4356694560669456 0.22191011235955055 0.021966527196652718 0.03932584269662921
1 0.41161087866108786 0.2696629213483146 0.02615062761506276 0.0449438202247191
1 0.49215481171548114 0.21722846441947566 0.01778242677824268 0.03745318352059925
1 0.577928870292887 0.1254681647940075 0.013598326359832637 0.0299625468164794
1 0.5857740585774058 0.12827715355805244 0.012552301255230125 0.031835205992509365
1 0.600418410041841 0.11142322097378277 0.012552301255230125 0.024344569288389514
1 0.5946652719665272 0.13951310861423222 0.011506276150627616 0.024344569288389514
1 0.5172594142259415 0.17322097378277154 0.015690376569037656 0.031835205992509365
1 0.6213389121338913 0.12734082397003746 0.008368200836820083 0.026217228464419477
1 0.6297071129707112 0.11797752808988764 0.010460251046025104 0.02247191011235955
1 0.5653765690376569 0.1891385767790262 0.021966527196652718 0.0299625468164794
1 0.5763598326359832 0.15730337078651685 0.012552301255230125 0.02247191011235955
1 0.5481171548117155 0.2958801498127341 0.027196652719665274 0.04868913857677903
1 0.5805439330543933 0.23689138576779026 0.01882845188284519 0.035580524344569285
1 0.6443514644351465 0.15355805243445692 0.01882845188284519 0.0299625468164794
1 0.6610878661087866 0.11610486891385768 0.014644351464435146 0.033707865168539325
1 0.6752092050209205 0.12172284644194757 0.01778242677824268 0.0449438202247191
1 0.6908995815899581 0.12921348314606743 0.013598326359832637 0.033707865168539325
1 0.6202928870292888 0.22284644194756553 0.016736401673640166 0.033707865168539325
1 0.6417364016736402 0.24344569288389514 0.021966527196652718 0.0449438202247191
1 0.6605648535564853 0.19194756554307116 0.015690376569037656 0.04307116104868914
1 0.6773012552301255 0.21722846441947566 0.0198744769874477 0.03745318352059925
1 0.6820083682008368 0.26685393258426965 0.01882845188284519 0.04307116104868914
1 0.6950836820083682 0.17415730337078653 0.01778242677824268 0.0299625468164794
1 0.7081589958158996 0.13764044943820225 0.01882845188284519 0.035580524344569285
1 0.7285564853556485 0.14700374531835206 0.011506276150627616 0.031835205992509365
1 0.7154811715481172 0.23314606741573032 0.02092050209205021 0.03932584269662921
1 0.7384937238493724 0.1947565543071161 0.01882845188284519 0.033707865168539325
1 0.7635983263598326 0.16666666666666666 0.016736401673640166 0.033707865168539325
1 0.7426778242677824 0.2340823970037453 0.02301255230125523 0.0449438202247191
1 0.7411087866108786 0.26779026217228463 0.021966527196652718 0.0449438202247191
1 0.7625523012552301 0.2556179775280899 0.016736401673640166 0.04307116104868914
1 0.7986401673640168 0.13857677902621723 0.013598326359832637 0.026217228464419477
1 0.7792887029288703 0.1601123595505618 0.016736401673640166 0.035580524344569285
1 0.7913179916317992 0.16292134831460675 0.015690376569037656 0.033707865168539325
1 0.7981171548117155 0.21629213483146068 0.01882845188284519 0.03932584269662921
1 0.7907949790794979 0.28651685393258425 0.02510460251046025 0.052434456928838954
1 0.8232217573221757 0.1441947565543071 0.016736401673640166 0.033707865168539325
1 0.8383891213389121 0.1451310861423221 0.009414225941422594 0.020599250936329586
1 0.8368200836820083 0.16385767790262173 0.012552301255230125 0.020599250936329586
1 0.8305439330543933 0.1956928838951311 0.01882845188284519 0.031835205992509365
1 0.8540794979079498 0.26685393258426965 0.028242677824267783 0.04681647940074907
1 0.8300209205020921 0.30243445692883897 0.02405857740585774 0.04307116104868914
1 0.8603556485355649 0.20037453183520598 0.0198744769874477 0.03745318352059925
1 0.8723849372384938 0.1797752808988764 0.012552301255230125 0.0299625468164794
1 0.8823221757322176 0.15917602996254682 0.011506276150627616 0.026217228464419477
1 0.9069037656903766 0.1601123595505618 0.012552301255230125 0.028089887640449437
1 0.950836820083682 0.17883895131086142 0.014644351464435146 0.024344569288389514
1 0.9393305439330544 0.20786516853932585 0.010460251046025104 0.033707865168539325
1 0.9288702928870293 0.23876404494382023 0.02092050209205021 0.03932584269662921
1 0.9205020920502092 0.29307116104868913 0.02301255230125523 0.054307116104868915
1 0.9225941422594143 0.3661048689138577 0.02301255230125523 0.05056179775280899
1 0.4905857740585774 0.1797752808988764 0.01882845188284519 0.0299625468164794
1 0.47960251046025104 0.1601123595505618 0.015690376569037656 0.031835205992509365
1 0.8096234309623431 0.15636704119850187 0.014644351464435146 0.04307116104868914
1 0.7463389121338913 0.14606741573033707 0.011506276150627616 0.02247191011235955