1 0.03046875 0.5458333333333333 0.0546875 0.07916666666666666
1 0.04921875 0.74375 0.0921875 0.15416666666666667
1 0.24453125 0.8447916666666667 0.1671875 0.21458333333333332
1 0.17109375 0.75 0.0671875 0.07916666666666666
1 0.475 0.6197916666666666 0.040625 0.06041666666666667
1 0.49765625 0.7458333333333333 0.0421875 0.058333333333333334
1 0.5484375 0.74375 0.040625 0.058333333333333334
1 0.60546875 0.7729166666666667 0.0515625 0.07916666666666666
1 0.6953125 0.7927083333333333 0.06875 0.08958333333333333
1 0.7140625 0.746875 0.040625 0.06041666666666667
1 0.840625 0.8166666666666667 0.090625 0.12916666666666668
1 0.825 0.7427083333333333 0.046875 0.06041666666666667
1 0.8734375 0.7333333333333333 0.046875 0.07916666666666666
1 0.93359375 0.7364583333333333 0.0546875 0.08125