1 0.12643080124869926 0.3638888888888889 0.04058272632674298 0.08703703703703704
1 0.2778355879292404 0.21944444444444444 0.02081165452653486 0.03148148148148148
1 0.309573361082206 0.22777777777777777 0.01768990634755463 0.037037037037037035
1 0.3376690946930281 0.1814814814814815 0.015608740894901144 0.03333333333333333
1 0.3340270551508845 0.2361111111111111 0.018730489073881373 0.03518518518518519
1 0.3678459937565036 0.18796296296296297 0.013527575442247659 0.03518518518518519
1 0.3761706555671176 0.16018518518518518 0.013527575442247659 0.027777777777777776
1 0.37304890738813734 0.23055555555555557 0.019771071800208116 0.03888888888888889
1 0.40218522372528615 0.19814814814814816 0.01768990634755463 0.03333333333333333
1 0.41935483870967744 0.20092592592592592 0.02081165452653486 0.03518518518518519
1 0.4016649323621228 0.2351851851851852 0.01664932362122789 0.03333333333333333
1 0.4214360041623309 0.24814814814814815 0.02081165452653486 0.037037037037037035
1 0.4458896982310094 0.20277777777777778 0.023933402705515087 0.03888888888888889
1 0.41519250780437045 0.1648148148148148 0.01664932362122789 0.02962962962962963
1 0.4427679500520291 0.1638888888888889 0.015608740894901144 0.03148148148148148
1 0.48231009365244537 0.18611111111111112 0.021852237252861603 0.03518518518518519
1 0.4869927159209157 0.14629629629629629 0.012486992715920915 0.02962962962962963
1 0.5026014568158168 0.11944444444444445 0.01040582726326743 0.024074074074074074
1 0.522372528616025 0.13333333333333333 0.014568158168574402 0.018518518518518517
1 0.5520291363163371 0.12685185185185185 0.013527575442247659 0.020370370370370372
1 0.5135275754422477 0.1527777777777778 0.015608740894901144 0.027777777777777776
1 0.5213319458896982 0.18055555555555555 0.018730489073881373 0.03518518518518519
1 0.5437044745057232 0.15833333333333333 0.015608740894901144 0.03518518518518519
1 0.5645161290322581 0.15648148148148147 0.01768990634755463 0.03888888888888889
1 0.5572320499479708 0.18425925925925926 0.015608740894901144 0.03148148148148148
1 0.5910509885535901 0.16018518518518518 0.01664932362122789 0.03518518518518519
1 0.6061394380853278 0.14629629629629629 0.01768990634755463 0.02962962962962963
1 0.600936524453694 0.1175925925925926 0.015608740894901144 0.027777777777777776
1 0.6326742976066597 0.11296296296296296 0.014568158168574402 0.022222222222222223
1 0.6482830385015609 0.10555555555555556 0.012486992715920915 0.025925925925925925
1 0.6347554630593132 0.15092592592592594 0.014568158168574402 0.027777777777777776
1 0.6586888657648283 0.15 0.014568158168574402 0.025925925925925925
1 0.6878251821019771 0.10648148148148148 0.012486992715920915 0.024074074074074074
1 0.6951092611862643 0.12407407407407407 0.01664932362122789 0.025925925925925925
1 0.7138397502601457 0.10925925925925926 0.012486992715920915 0.025925925925925925
1 0.6201873048907388 0.20925925925925926 0.02081165452653486 0.040740740740740744
1 0.5707596253902185 0.24351851851851852 0.023933402705515087 0.05
1 0.6436004162330905 0.24166666666666667 0.021852237252861603 0.053703703703703705
1 0.6727367325702394 0.2175925925925926 0.026014568158168574 0.05
1 0.6685744016649323 0.17962962962962964 0.01768990634755463 0.040740740740740744
1 0.7133194588969823 0.1814814814814815 0.01768990634755463 0.037037037037037035
1 0.7304890738813735 0.14629629629629629 0.014568158168574402 0.037037037037037035
1 0.7523413111342352 0.13148148148148148 0.014568158168574402 0.02962962962962963
1 0.7778355879292403 0.13333333333333333 0.013527575442247659 0.022222222222222223
1 0.8007284079084287 0.14351851851851852 0.013527575442247659 0.027777777777777776
1 0.8225806451612904 0.13240740740740742 0.013527575442247659 0.027777777777777776
1 0.8792924037460979 0.11296296296296296 0.01664932362122789 0.03333333333333333
1 0.9308012486992716 0.1111111111111111 0.01768990634755463 0.03333333333333333
1 0.9073881373569199 0.17314814814814813 0.014568158168574402 0.03148148148148148
1 0.9401664932362123 0.1675925925925926 0.011446409989594173 0.024074074074074074
1 0.9500520291363164 0.18425925925925926 0.01664932362122789 0.024074074074074074
1 0.8969823100936525 0.18796296296296297 0.01664932362122789 0.03148148148148148
1 0.8756503642039543 0.18981481481481483 0.01768990634755463 0.03518518518518519
1 0.8616024973985432 0.1398148148148148 0.012486992715920915 0.020370370370370372
1 0.8465140478668054 0.15 0.021852237252861603 0.025925925925925925
1 0.8298647242455776 0.17777777777777778 0.01768990634755463 0.03333333333333333
1 0.7944849115504683 0.16944444444444445 0.01768990634755463 0.024074074074074074
1 0.8121748178980229 0.19166666666666668 0.021852237252861603 0.03518518518518519
1 0.7944849115504683 0.2101851851851852 0.021852237252861603 0.04259259259259259
1 0.7570239334027055 0.1962962962962963 0.015608740894901144 0.037037037037037035
1 0.7398543184183143 0.1814814814814815 0.01664932362122789 0.03333333333333333
1 0.7398543184183143 0.24166666666666667 0.018730489073881373 0.03888888888888889
1 0.7679500520291364 0.2462962962962963 0.02081165452653486 0.037037037037037035
1 0.6971904266389178 0.25833333333333336 0.027055150884495317 0.05
1 0.7018730489073881 0.3194444444444444 0.036420395421436005 0.06851851851851852
1 0.7544224765868887 0.36666666666666664 0.03329864724245578 0.05185185185185185
1 0.7944849115504683 0.30277777777777776 0.026014568158168574 0.046296296296296294
1 0.8350676378772113 0.24537037037037038 0.019771071800208116 0.046296296296296294
1 0.8449531737773153 0.2212962962962963 0.014568158168574402 0.03518518518518519
1 0.9323621227887617 0.3490740740740741 0.02497398543184183 0.05740740740740741
1 0.9396462018730489 0.2611111111111111 0.014568158168574402 0.037037037037037035
1 0.9302809573361083 0.2175925925925926 0.018730489073881373 0.03888888888888889
1 0.899063475546306 0.24444444444444444 0.018730489073881373 0.04814814814814815
1 0.9053069719042663 0.21388888888888888 0.01664932362122789 0.03518518518518519