1 0.4302007299270073 0.20792880258899676 0.01551094890510949 0.040453074433656956
1 0.46395985401459855 0.20631067961165048 0.01916058394160584 0.043689320388349516
1 0.6085766423357665 0.11650485436893204 0.012773722627737226 0.025889967637540454
1 0.6245437956204379 0.13996763754045308 0.011861313868613138 0.024271844660194174
1 0.6519160583941606 0.12864077669902912 0.010036496350364963 0.021035598705501618
1 0.6642335766423357 0.15210355987055016 0.012773722627737226 0.019417475728155338
1 0.7527372262773723 0.15372168284789645 0.014598540145985401 0.02912621359223301
1 0.7682481751824818 0.15453074433656958 0.012773722627737226 0.030744336569579287
1 0.8257299270072993 0.26618122977346276 0.01824817518248175 0.04692556634304207
1 0.8900547445255474 0.2621359223300971 0.013686131386861315 0.03559870550161812
1 0.8909671532846716 0.22572815533980584 0.01551094890510949 0.030744336569579287
1 0.8686131386861314 0.19579288025889968 0.014598540145985401 0.032362459546925564
1 0.9406934306569343 0.19579288025889968 0.012773722627737226 0.032362459546925564
1 0.9192518248175182 0.2605177993527508 0.01551094890510949 0.038834951456310676