1 0.044921875 0.6276346604215457 0.06171875 0.09133489461358314
1 0.06171875 0.5673302107728337 0.04375 0.06908665105386416
1 0.03203125 0.5105386416861827 0.034375 0.06088992974238876
1 0.051953125 0.49882903981264637 0.02265625 0.0468384074941452
1 0.08828125 0.49882903981264637 0.025 0.0468384074941452
1 0.12890625 0.5403981264637002 0.03125 0.04566744730679157
1 0.157421875 0.5327868852459017 0.02734375 0.05152224824355972
1 0.111328125 0.6375878220140515 0.07109375 0.11358313817330211
1 0.21328125 0.5743559718969555 0.040625 0.06206088992974239
1 0.22265625 0.538056206088993 0.028125 0.04800936768149883
1 0.263671875 0.569672131147541 0.03828125 0.06206088992974239
1 0.331640625 0.6176814988290398 0.04921875 0.08079625292740047
1 0.31328125 0.5813817330210773 0.0296875 0.04566744730679157
1 0.330859375 0.560304449648712 0.02421875 0.04800936768149883
1 0.36640625 0.5755269320843092 0.021875 0.040983606557377046
1 0.403515625 0.6270491803278688 0.04140625 0.07142857142857142
1 0.429296875 0.6153395784543325 0.02734375 0.05737704918032787
1 0.424609375 0.5802107728337237 0.02734375 0.05035128805620609
1 0.396875 0.5848946135831382 0.0296875 0.04332552693208431
1 0.593359375 0.46604215456674475 0.02890625 0.04215456674473068
1 0.53359375 0.6176814988290398 0.046875 0.08313817330210772
1 0.505078125 0.6159250585480094 0.03046875 0.06791569086651054
1 0.553125 0.8565573770491803 0.1078125 0.20960187353629978
1 0.597265625 0.6610070257611241 0.04140625 0.08313817330210772
1 0.653515625 0.6305620608899297 0.03984375 0.06674473067915691
1 0.84609375 0.7675644028103045 0.0859375 0.13934426229508196
1 0.904296875 0.9262295081967213 0.11484375 0.1451990632318501
1 0.941015625 0.8091334894613583 0.06953125 0.11007025761124122