1 0.126171875 0.6171875 0.06328125 0.09895833333333333
1 0.204296875 0.5895833333333333 0.05234375 0.075
1 0.279296875 0.5479166666666667 0.04140625 0.05625
1 0.337109375 0.53125 0.02890625 0.03958333333333333
1 0.342578125 0.5203125 0.02421875 0.028125
1 0.369921875 0.5046875 0.02421875 0.034375
1 0.38984375 0.5104166666666666 0.0234375 0.0375
1 0.40234375 0.5 0.0234375 0.025
1 0.388671875 0.5713541666666667 0.04765625 0.07604166666666666
1 0.332421875 0.6328125 0.06328125 0.09895833333333333
1 0.503125 0.7276041666666667 0.0890625 0.12395833333333334
1 0.4859375 0.6619791666666667 0.05625 0.06979166666666667
1 0.50859375 0.5817708333333333 0.0359375 0.046875
1 0.50390625 0.5473958333333333 0.025 0.03229166666666667
1 0.494140625 0.5302083333333333 0.02890625 0.029166666666666667
1 0.506640625 0.5083333333333333 0.01953125 0.03125
1 0.468359375 0.521875 0.02109375 0.029166666666666667
1 0.460546875 0.5020833333333333 0.02421875 0.03125
1 0.5609375 0.51875 0.021875 0.029166666666666667
1 0.600390625 0.47708333333333336 0.01640625 0.03125
1 0.60234375 0.553125 0.0265625 0.041666666666666664
1 0.61171875 0.5958333333333333 0.0328125 0.04375
1 0.648046875 0.6098958333333333 0.04609375 0.065625
1 0.626171875 0.5395833333333333 0.02265625 0.029166666666666667
1 0.64453125 0.5135416666666667 0.0140625 0.020833333333333332
1 0.690625 0.5260416666666666 0.0203125 0.03125
1 0.711328125 0.540625 0.02578125 0.03125
1 0.707421875 0.5682291666666667 0.03515625 0.046875
1 0.7203125 0.6072916666666667 0.04375 0.0625
1 0.74140625 0.5541666666666667 0.0234375 0.03958333333333333
1 0.78203125 0.78125 0.0828125 0.12916666666666668
1 0.867578125 0.6921875 0.07578125 0.10104166666666667
1 0.805078125 0.6036458333333333 0.04296875 0.057291666666666664
1 0.76953125 0.5473958333333333 0.025 0.034375
1 0.75234375 0.5265625 0.0171875 0.021875
1 0.7828125 0.5255208333333333 0.01875 0.028125
1 0.800390625 0.528125 0.01640625 0.029166666666666667
1 0.8375 0.5432291666666667 0.0265625 0.03854166666666667
1 0.8484375 0.5270833333333333 0.0171875 0.022916666666666665
1 0.865234375 0.5890625 0.03203125 0.04895833333333333
1 0.86171875 0.5479166666666667 0.0203125 0.035416666666666666
1 0.886328125 0.5453125 0.02265625 0.03229166666666667
1 0.91875 0.5473958333333333 0.028125 0.036458333333333336
1 0.934765625 0.578125 0.03359375 0.05
1 0.974609375 0.5713541666666667 0.03046875 0.042708333333333334