1 0.10199203187250996 0.565989847715736 0.04143426294820717 0.1065989847715736
1 0.2358565737051793 0.26988155668358715 0.01593625498007968 0.04230118443316413
1 0.23824701195219122 0.2927241962774958 0.022310756972111555 0.043993231810490696
1 0.2892430278884462 0.24534686971235195 0.01752988047808765 0.03722504230118443
1 0.3207171314741036 0.2131979695431472 0.016733067729083666 0.0338409475465313
1 0.31633466135458166 0.24873096446700507 0.020717131474103586 0.04060913705583756
1 0.3422310756972112 0.24027072758037224 0.016733067729083666 0.043993231810490696
1 0.3645418326693227 0.21489001692047377 0.016733067729083666 0.03722504230118443
1 0.38605577689243026 0.19204737732656516 0.015139442231075698 0.038917089678511
1 0.3808764940239044 0.26903553299492383 0.020717131474103586 0.050761421319796954
1 0.4187250996015936 0.2326565143824027 0.015139442231075698 0.038917089678511
1 0.42231075697211157 0.18274111675126903 0.014342629482071713 0.0338409475465313
1 0.4362549800796813 0.16243654822335024 0.013545816733067729 0.030456852791878174
1 0.4438247011952191 0.19373942470389172 0.014342629482071713 0.038917089678511
1 0.47808764940239046 0.14805414551607446 0.012749003984063745 0.032148900169204735
1 0.4832669322709163 0.1751269035532995 0.018326693227091632 0.04230118443316413
1 0.5023904382470119 0.15736040609137056 0.01195219123505976 0.0338409475465313
1 0.5390438247011953 0.16328257191201354 0.015139442231075698 0.03553299492385787
1 0.5223107569721116 0.17597292724196278 0.018326693227091632 0.043993231810490696
1 0.5087649402390438 0.2140439932318105 0.018326693227091632 0.03553299492385787
1 0.48685258964143424 0.25888324873096447 0.020717131474103586 0.043993231810490696
1 0.44143426294820715 0.32148900169204736 0.022310756972111555 0.050761421319796954
1 0.5641434262948207 0.14213197969543148 0.012749003984063745 0.02707275803722504
1 0.5661354581673307 0.16835871404399322 0.013545816733067729 0.028764805414551606
1 0.5649402390438247 0.22758037225042302 0.01593625498007968 0.038917089678511
1 0.5880478087649402 0.20304568527918782 0.01593625498007968 0.0338409475465313
1 0.5876494023904383 0.14297800338409475 0.013545816733067729 0.032148900169204735
1 0.6071713147410358 0.13451776649746192 0.012749003984063745 0.028764805414551606
1 0.6147410358565737 0.15736040609137056 0.013545816733067729 0.02707275803722504
1 0.6211155378486056 0.1844331641285956 0.013545816733067729 0.0338409475465313
1 0.6262948207171315 0.20642978003384094 0.01593625498007968 0.04060913705583756
1 0.6199203187250996 0.07868020304568528 0.012749003984063745 0.032148900169204735
1 0.6458167330677291 0.13282571912013535 0.01195219123505976 0.032148900169204735
1 0.6621513944223107 0.1311336717428088 0.014342629482071713 0.028764805414551606
1 0.6613545816733067 0.15820642978003385 0.012749003984063745 0.028764805414551606
1 0.6693227091633466 0.18358714043993232 0.012749003984063745 0.032148900169204735
1 0.69601593625498 0.15905245346869712 0.013545816733067729 0.03722504230118443
1 0.701195219123506 0.14297800338409475 0.012749003984063745 0.032148900169204735
1 0.7247011952191235 0.1598984771573604 0.013545816733067729 0.032148900169204735
1 0.7067729083665338 0.2225042301184433 0.01752988047808765 0.038917089678511
1 0.6649402390438247 0.26480541455160744 0.018326693227091632 0.04230118443316413
1 0.7219123505976096 0.28341793570219964 0.020717131474103586 0.049069373942470386
1 0.7478087649402391 0.2478849407783418 0.016733067729083666 0.038917089678511
1 0.7677290836653387 0.21065989847715735 0.013545816733067729 0.032148900169204735
1 0.7852589641434263 0.19035532994923857 0.015139442231075698 0.03553299492385787
1 0.7864541832669323 0.22081218274111675 0.014342629482071713 0.03553299492385787
1 0.8171314741035857 0.19796954314720813 0.013545816733067729 0.0338409475465313
1 0.8254980079681274 0.22673434856175972 0.01752988047808765 0.03722504230118443
1 0.8035856573705179 0.26311336717428085 0.016733067729083666 0.04568527918781726
1 0.7641434262948207 0.29949238578680204 0.020717131474103586 0.04060913705583756
1 0.8091633466135458 0.31725888324873097 0.0199203187250996 0.05245346869712352
1 0.7286852589641434 0.4170896785109983 0.024701195219123506 0.06598984771573604
1 0.801593625498008 0.47292724196277497 0.028685258964143426 0.07952622673434856
1 0.6673306772908366 0.41539763113367173 0.024701195219123506 0.05922165820642978
1 0.8804780876494024 0.23942470389170897 0.012749003984063745 0.032148900169204735
1 0.9107569721115538 0.23434856175972926 0.01593625498007968 0.038917089678511
1 0.9091633466135458 0.2656514382402707 0.01593625498007968 0.04060913705583756
1 0.896414342629482 0.29441624365482233 0.01752988047808765 0.047377326565143825
1 0.8733067729083666 0.34856175972927245 0.01752988047808765 0.043993231810490696
1 0.8788844621513944 0.39847715736040606 0.022310756972111555 0.0727580372250423
1 0.8681274900398407 0.5 0.02948207171314741 0.0829103214890017
1 0.9565737051792829 0.4517766497461929 0.0199203187250996 0.06429780033840947
1 0.9545816733067729 0.3849407783417936 0.019123505976095617 0.05245346869712352
1 0.9322709163346613 0.3604060913705584 0.014342629482071713 0.047377326565143825
1 0.9390438247011952 0.2715736040609137 0.013545816733067729 0.03553299492385787
1 0.9561752988047809 0.2521150592216582 0.012749003984063745 0.03722504230118443
1 0.9872509960159362 0.2639593908629442 0.011155378486055778 0.03722504230118443
1 0.9792828685258964 0.3240270727580372 0.012749003984063745 0.04230118443316413
1 0.9864541832669322 0.311336717428088 0.011155378486055778 0.0338409475465313
1 0.9844621513944223 0.3697123519458545 0.015139442231075698 0.049069373942470386
1 0.6247011952191235 0.2876480541455161 0.022310756972111555 0.05414551607445008
1 0.5856573705179283 0.3401015228426396 0.020717131474103586 0.05414551607445008
1 0.603585657370518 0.383248730964467 0.024701195219123506 0.06260575296108291