1 0.1781098546042003 0.3015427769985975 0.021809369951534735 0.04488078541374474
1 0.24111470113085623 0.2517531556802244 0.02665589660743134 0.0546984572230014
1 0.25484652665589663 0.2699859747545582 0.023424878836833602 0.04067321178120617
1 0.29523424878836835 0.22931276297335204 0.025040387722132473 0.04908835904628331
1 0.3194668820678514 0.23632538569424966 0.02665589660743134 0.0546984572230014
1 0.3392568659127625 0.22931276297335204 0.027463651050080775 0.06030855539971949
1 0.3651050080775444 0.2187938288920056 0.01938610662358643 0.04207573632538569
1 0.3222940226171244 0.32608695652173914 0.04361873990306947 0.091164095371669
1 0.43578352180936997 0.2026647966339411 0.02665589660743134 0.051893408134642355
1 0.4454765751211632 0.22300140252454417 0.023424878836833602 0.047685834502103785
1 0.46445880452342486 0.23983169705469845 0.027463651050080775 0.06732117812061711
1 0.505654281098546 0.26297335203366057 0.033925686591276254 0.07994389901823282
1 0.5468497576736672 0.2762973352033661 0.033925686591276254 0.0785413744740533
1 0.6151050080775444 0.302945301542777 0.04765751211631664 0.0785413744740533