1 0.16435562805872758 0.4694602272727273 0.044861337683523655 0.09232954545454546
1 0.23735725938009788 0.34375 0.01794453507340946 0.036931818181818184
1 0.266721044045677 0.3515625 0.021207177814029365 0.046875
1 0.29526916802610115 0.36860795454545453 0.024469820554649267 0.046875
1 0.2903752039151713 0.3096590909090909 0.01957585644371941 0.03977272727272727
1 0.3389070146818923 0.3771306818181818 0.02365415986949429 0.04971590909090909
1 0.3584828711256117 0.2961647727272727 0.015497553017944535 0.032670454545454544
1 0.3756117455138662 0.3259943181818182 0.013866231647634585 0.03835227272727273
1 0.38743882544861336 0.3409090909090909 0.01794453507340946 0.03409090909090909
1 0.4123164763458401 0.34019886363636365 0.020391517128874388 0.03835227272727273
1 0.4318923327895595 0.3515625 0.018760195758564437 0.046875
1 0.41435562805872755 0.2997159090909091 0.01631321370309951 0.036931818181818184
1 0.4041598694942904 0.28267045454545453 0.013866231647634585 0.03125
1 0.399673735725938 0.2578125 0.01468189233278956 0.032670454545454544
1 0.433115823817292 0.2833806818181818 0.013050570962479609 0.032670454545454544
1 0.4469820554649266 0.3146306818181818 0.021207177814029365 0.03835227272727273
1 0.4722675367047308 0.30610795454545453 0.01631321370309951 0.032670454545454544
1 0.42781402936378465 0.2627840909090909 0.013866231647634585 0.022727272727272728
1 0.4730831973898858 0.26917613636363635 0.01631321370309951 0.032670454545454544
1 0.4604404567699837 0.2521306818181818 0.015497553017944535 0.026988636363636364
1 0.4706362153344209 0.24289772727272727 0.01468189233278956 0.02556818181818182
1 0.5032626427406199 0.2606534090909091 0.01468189233278956 0.029829545454545456
1 0.516721044045677 0.27698863636363635 0.017128874388254486 0.028409090909090908
1 0.5203915171288744 0.2521306818181818 0.01468189233278956 0.026988636363636364
1 0.5387438825448614 0.2521306818181818 0.017128874388254486 0.032670454545454544
1 0.5497553017944535 0.27698863636363635 0.01631321370309951 0.03409090909090909
1 0.5672920065252854 0.2578125 0.018760195758564437 0.03551136363636364
1 0.5538336052202284 0.22798295454545456 0.01468189233278956 0.026988636363636364
1 0.5730016313213703 0.22727272727272727 0.013866231647634585 0.02556818181818182
1 0.601957585644372 0.22585227272727273 0.013050570962479609 0.02556818181818182
1 0.6031810766721044 0.25426136363636365 0.017128874388254486 0.028409090909090908
1 0.613784665579119 0.20738636363636365 0.012234910277324634 0.028409090909090908
1 0.6268352365415987 0.21661931818181818 0.012234910277324634 0.026988636363636364
1 0.6468189233278956 0.25142045454545453 0.01468189233278956 0.028409090909090908
1 0.6582381729200653 0.22017045454545456 0.011419249592169658 0.02556818181818182
1 0.6741435562805873 0.23366477272727273 0.013866231647634585 0.026988636363636364
1 0.6884176182707994 0.23295454545454544 0.013050570962479609 0.03125
1 0.5240619902120718 0.3132102272727273 0.020391517128874388 0.041193181818181816
1 0.50163132137031 0.37144886363636365 0.02936378466557912 0.061079545454545456
1 0.5473083197389886 0.4055397727272727 0.026101141924959218 0.052556818181818184
1 0.5415986949429038 0.3757102272727273 0.02936378466557912 0.041193181818181816
1 0.5999184339314845 0.32670454545454547 0.02528548123980424 0.048295454545454544
1 0.5815660685154975 0.4211647727272727 0.024469820554649267 0.046875
1 0.6158238172920065 0.43323863636363635 0.03099510603588907 0.07102272727272728
1 0.6643556280587276 0.45667613636363635 0.03181076672104405 0.07244318181818182
1 0.666394779771615 0.3678977272727273 0.02773246329526917 0.05397727272727273
1 0.6468189233278956 0.34232954545454547 0.01957585644371941 0.05113636363636364
1 0.6370309951060359 0.31107954545454547 0.021207177814029365 0.04261363636363636
1 0.6835236541598695 0.2684659090909091 0.013050570962479609 0.03125
1 0.7043230016313213 0.2627840909090909 0.015497553017944535 0.03409090909090909
1 0.7161500815660685 0.28764204545454547 0.01631321370309951 0.03835227272727273
1 0.7393964110929854 0.2528409090909091 0.012234910277324634 0.03125
1 0.74836867862969 0.2705965909090909 0.018760195758564437 0.032670454545454544
1 0.7442903752039152 0.22443181818181818 0.013866231647634585 0.03125
1 0.7781402936378466 0.23863636363636365 0.01468189233278956 0.036931818181818184
1 0.7663132137030995 0.28551136363636365 0.012234910277324634 0.03125
1 0.8099510603588908 0.2507102272727273 0.01468189233278956 0.032670454545454544
1 0.8115823817292006 0.3075284090909091 0.01794453507340946 0.03835227272727273
1 0.8225938009787929 0.3409090909090909 0.017128874388254486 0.03977272727272727
1 0.8083197389885808 0.37073863636363635 0.024469820554649267 0.048295454545454544
1 0.783442088091354 0.4147727272727273 0.028548123980424143 0.05965909090909091
1 0.7418433931484503 0.40482954545454547 0.026916802610114192 0.048295454545454544
1 0.6892332789559543 0.34801136363636365 0.022838499184339316 0.048295454545454544
1 0.7116639477977161 0.5014204545454546 0.0367047308319739 0.07954545454545454
1 0.8340130505709625 0.5120738636363636 0.03507340946166395 0.078125
1 0.8482871125611745 0.46875 0.03099510603588907 0.056818181818181816
1 0.8633768352365416 0.4147727272727273 0.02528548123980424 0.05965909090909091
1 0.8735725938009788 0.3515625 0.021207177814029365 0.03835227272727273
1 0.8429853181076672 0.30823863636363635 0.017128874388254486 0.03409090909090909
1 0.8544045676998369 0.2869318181818182 0.013866231647634585 0.03409090909090909
1 0.8592985318107668 0.265625 0.015497553017944535 0.028409090909090908
1 0.8405383360522023 0.2585227272727273 0.015497553017944535 0.03409090909090909
1 0.8727569331158238 0.25923295454545453 0.013050570962479609 0.032670454545454544
1 0.8976345840130505 0.29261363636363635 0.013866231647634585 0.03977272727272727
1 0.8833605220228385 0.32173295454545453 0.01957585644371941 0.041193181818181816
1 0.9066068515497553 0.4715909090909091 0.028548123980424143 0.06818181818181818
1 0.9168026101141925 0.39985795454545453 0.024469820554649267 0.052556818181818184
1 0.9269983686786297 0.3586647727272727 0.020391517128874388 0.046875
1 0.9229200652528549 0.3288352272727273 0.017128874388254486 0.03551136363636364
1 0.933115823817292 0.31676136363636365 0.01468189233278956 0.036931818181818184
1 0.9335236541598695 0.2862215909090909 0.013866231647634585 0.029829545454545456