1 0.09732072498029945 0.6637115839243499 0.05279747832939322 0.08628841607565012
1 0.04806934594168637 0.6353427895981087 0.04412923561859732 0.06264775413711583
1 0.08116627265563436 0.6187943262411347 0.0504334121355398 0.0673758865248227
1 0.20882584712371946 0.6932624113475178 0.05673758865248227 0.08865248226950355
1 0.26753349093774625 0.6152482269503546 0.046493301812450746 0.0768321513002364
1 0.2710795902285264 0.5839243498817966 0.0252167060677699 0.04491725768321513
1 0.28289992119779356 0.567966903073286 0.03309692671394799 0.04846335697399527
1 0.3628841607565012 0.6211583924349882 0.04491725768321513 0.0768321513002364
1 0.35697399527186763 0.5732860520094563 0.03309692671394799 0.037825059101654845
1 0.5394011032308904 0.4940898345153664 0.027580772261623327 0.0591016548463357
1 0.7702915681639085 0.5910165484633569 0.02442868400315209 0.04491725768321513
1 0.8045705279747833 0.6111111111111112 0.04097714736012608 0.06855791962174941
1 0.8396375098502759 0.5460992907801419 0.026004728132387706 0.037825059101654845
1 0.8577620173364854 0.557919621749409 0.026004728132387706 0.04728132387706856
1 0.9074074074074074 0.6122931442080378 0.04176516942474389 0.07092198581560284
1 0.9247438928289992 0.5921985815602837 0.038613081166272656 0.0591016548463357
1 0.9322301024428684 0.6802600472813238 0.06461780929866036 0.1099290780141844
1 0.9889676910953507 0.5484633569739953 0.02206461780929866 0.04964539007092199