1 0.1284329563812601 0.617059891107078 0.030694668820678513 0.08711433756805807
1 0.07512116316639741 0.5009074410163339 0.024232633279483037 0.07259528130671507
1 0.06058158319870759 0.4128856624319419 0.022617124394184167 0.05989110707803993
1 0.04361873990306947 0.2513611615245009 0.01615508885298869 0.041742286751361164
1 0.046445880452342485 0.21960072595281308 0.015347334410339256 0.036297640653357534
1 0.12964458804523424 0.20780399274047187 0.015347334410339256 0.038112522686025406
1 0.1591276252019386 0.1569872958257713 0.014539579967689823 0.034482758620689655
1 0.17084006462035542 0.18058076225045372 0.015347334410339256 0.041742286751361164
1 0.18861066235864296 0.20598911070780399 0.013731825525040387 0.038112522686025406
1 0.1777059773828756 0.2767695099818512 0.01615508885298869 0.04900181488203267
1 0.2197092084006462 0.4528130671506352 0.030694668820678513 0.07441016333938294
1 0.22980613893376414 0.3457350272232305 0.021809369951534735 0.056261343012704176
1 0.24353796445880452 0.3030852994555354 0.016962843295638127 0.05807622504537205
1 0.21365105008077545 0.1279491833030853 0.012116316639741519 0.030852994555353903
1 0.22011308562197093 0.14609800362976408 0.012116316639741519 0.034482758620689655
1 0.252827140549273 0.13339382940108893 0.011308562197092083 0.034482758620689655
1 0.2924071082390953 0.16787658802177857 0.01615508885298869 0.038112522686025406
1 0.29159935379644586 0.21234119782214156 0.017770597738287562 0.047186932849364795
1 0.3041195476575121 0.22686025408348456 0.015347334410339256 0.043557168784029036
1 0.34491114701130854 0.22050816696914702 0.017770597738287562 0.041742286751361164
1 0.38368336025848143 0.1751361161524501 0.01615508885298869 0.041742286751361164
1 0.3638933764135703 0.08983666061705989 0.013731825525040387 0.034482758620689655
1 0.40306946688206785 0.0998185117967332 0.012924071082390954 0.039927404718693285
1 0.4159935379644588 0.1724137931034483 0.014539579967689823 0.036297640653357534
1 0.46607431340872374 0.279491833030853 0.017770597738287562 0.0544464609800363
1 0.4765751211631664 0.21960072595281308 0.01938610662358643 0.050816696914700546
1 0.5403877221324718 0.4809437386569873 0.027463651050080775 0.06896551724137931
1 0.5601777059773829 0.31306715063520874 0.023424878836833602 0.05989110707803993
1 0.6126817447495961 0.24047186932849365 0.016962843295638127 0.038112522686025406
1 0.681340872374798 0.3366606170598911 0.023424878836833602 0.056261343012704176
1 0.7879644588045234 0.3838475499092559 0.025040387722132473 0.05989110707803993
1 0.8566235864297254 0.2831215970961887 0.015347334410339256 0.047186932849364795
1 0.8747980613893377 0.29764065335753176 0.01615508885298869 0.047186932849364795
1 0.9301292407108239 0.37749546279491836 0.018578352180936994 0.043557168784029036
1 0.8162358642972536 0.2413793103448276 0.015347334410339256 0.039927404718693285
1 0.777059773828756 0.20961887477313976 0.014539579967689823 0.038112522686025406
1 0.7043618739903069 0.22050816696914702 0.017770597738287562 0.041742286751361164
1 0.7132471728594507 0.2831215970961887 0.01938610662358643 0.047186932849364795
1 0.6563004846526656 0.15517241379310345 0.013731825525040387 0.034482758620689655
1 0.6191437802907916 0.1088929219600726 0.012116316639741519 0.032667876588021776
1 0.5949111470113085 0.13520871143375682 0.015347334410339256 0.038112522686025406
1 0.5751211631663974 0.20689655172413793 0.01938610662358643 0.043557168784029036
1 0.5537156704361874 0.16424682395644283 0.013731825525040387 0.030852994555353903
1 0.49878836833602586 0.1751361161524501 0.015347334410339256 0.038112522686025406
1 0.4701130856219709 0.17150635208711434 0.012924071082390954 0.030852994555353903
1 0.4624394184168013 0.1306715063520871 0.015347334410339256 0.036297640653357534
1 0.48303715670436187 0.1206896551724138 0.012924071082390954 0.034482758620689655
1 0.481421647819063 0.07713248638838476 0.012924071082390954 0.02722323049001815
1 0.5109046849757674 0.10798548094373865 0.012116316639741519 0.02722323049001815
1 0.5424071082390953 0.0780399274047187 0.012116316639741519 0.029038112522686024
1 0.5815831987075929 0.0998185117967332 0.012924071082390954 0.036297640653357534
1 0.4333602584814216 0.09074410163339383 0.012116316639741519 0.036297640653357534