1 0.2514910536779324 0.16817359855334538 0.019880715705765408 0.0325497287522604
1 0.2355864811133201 0.4132007233273056 0.04970178926441352 0.13924050632911392
1 0.3648111332007952 0.45840867992766726 0.055666003976143144 0.13200723327305605
1 0.6366799204771372 0.23417721518987342 0.02882703777335984 0.048824593128390596
1 0.5849900596421471 0.244122965641953 0.02286282306163022 0.05063291139240506
1 0.4835984095427435 0.21699819168173598 0.016898608349900597 0.039783001808318265
1 0.4388667992047714 0.2522603978300181 0.020874751491053677 0.05605786618444846
1 0.43737574552683894 0.20162748643761302 0.019880715705765408 0.034358047016274866
1 0.46520874751491054 0.22965641952983726 0.02584493041749503 0.05786618444846293
1 0.40556660039761433 0.1980108499095841 0.015904572564612324 0.0379746835443038
1 0.5859840954274353 0.1057866184448463 0.012922465208747515 0.03074141048824593
1 0.606858846918489 0.1003616636528029 0.010934393638170975 0.027124773960216998
1 0.6312127236580517 0.11934900542495479 0.015904572564612324 0.028933092224231464
1 0.6570576540755467 0.12115732368896925 0.017892644135188866 0.0325497287522604