1 0.11755952380952381 0.4045368620037807 0.03273809523809524 0.052930056710775046
1 0.13169642857142858 0.43856332703213613 0.028273809523809524 0.05671077504725898
1 0.15922619047619047 0.4158790170132325 0.03869047619047619 0.06049149338374291
1 0.19419642857142858 0.4111531190926276 0.03720238095238095 0.0661625708884688
1 0.22991071428571427 0.4064272211720227 0.043154761904761904 0.06805293005671077
1 0.27455357142857145 0.4120982986767486 0.046130952380952384 0.07939508506616257
1 0.33407738095238093 0.44045368620037806 0.052083333333333336 0.08695652173913043
1 0.40476190476190477 0.45085066162570886 0.05357142857142857 0.10396975425330812
1 0.46577380952380953 0.43100189035916825 0.050595238095238096 0.10207939508506617
1 0.5491071428571429 0.41304347826086957 0.03273809523809524 0.05103969754253308
1 0.5848214285714286 0.41398865784499056 0.03273809523809524 0.052930056710775046
1 0.6443452380952381 0.41304347826086957 0.03571428571428571 0.062381852551984876
1 0.6897321428571429 0.3950850661625709 0.03125 0.045368620037807186
1 0.7514880952380952 0.4215500945179584 0.03571428571428571 0.06427221172022685
1 0.7924107142857143 0.4064272211720227 0.046130952380952384 0.06427221172022685
1 0.8660714285714286 0.444234404536862 0.047619047619047616 0.07561436672967864