1 0.6206 0.3550420168067227 0.0292 0.0546218487394958
1 0.6442 0.5714285714285714 0.0516 0.08763505402160865
1 0.665 0.6269507803121248 0.0644 0.10384153661464586
1 0.717 0.5588235294117647 0.0388 0.06722689075630252
1 0.7612 0.5927370948379351 0.0496 0.08103241296518607
1 0.8002 0.7851140456182473 0.0948 0.1452581032412965
1 0.8312 0.6425570228091236 0.0584 0.09303721488595439
1 0.8146 0.5483193277310925 0.042 0.0702280912364946
1 0.334 0.5585234093637454 0.0408 0.0666266506602641
1 0.3044 0.5993397358943577 0.0432 0.08823529411764706
1 0.2778 0.6197478991596639 0.0524 0.1014405762304922
1 0.199 0.5630252100840336 0.0524 0.08403361344537816
1 0.247 0.542016806722689 0.0476 0.08643457382953182
1 0.1068 0.6377551020408163 0.0664 0.09663865546218488
1 0.0456 0.5864345738295318 0.064 0.0744297719087635
1 0.1316 0.5369147659063626 0.044 0.07623049219687875
1 0.9096 0.59093637454982 0.0512 0.0858343337334934
1 0.913 0.536014405762305 0.0412 0.06722689075630252
1 0.9668 0.7415966386554622 0.0664 0.12785114045618248
1 0.9788 0.6467587034813925 0.0424 0.07503001200480192
1 0.9824 0.5741296518607443 0.0352 0.08103241296518607