1 0.0688235294117647 0.11917098445595854 0.03176470588235294 0.055267702936096716
1 0.10529411764705883 0.14075993091537134 0.04352941176470588 0.06735751295336788
1 0.1564705882352941 0.16839378238341968 0.06823529411764706 0.09153713298791019
1 0.26941176470588235 0.13126079447322972 0.03529411764705882 0.06563039723661486
1 0.2847058823529412 0.11398963730569948 0.02823529411764706 0.055267702936096716
1 0.34294117647058825 0.14335060449050085 0.04588235294117647 0.07599309153713299
1 0.37529411764705883 0.1234887737478411 0.03529411764705882 0.0535405872193437
1 0.4370588235294118 0.10621761658031088 0.02 0.03626943005181347
1 0.4688235294117647 0.12003454231433507 0.02 0.03626943005181347
1 0.49 0.13903281519861832 0.03882352941176471 0.05699481865284974
1 0.5276470588235294 0.10967184801381692 0.02235294117647059 0.039723661485319514
1 0.5594117647058824 0.12089810017271158 0.029411764705882353 0.044905008635578586
1 0.5882352941176471 0.11312607944732297 0.01647058823529412 0.03626943005181347
1 0.6323529411764706 0.12089810017271158 0.024705882352941175 0.04835924006908463
1 0.6735294117647059 0.12003454231433507 0.024705882352941175 0.039723661485319514
1 0.7176470588235294 0.12089810017271158 0.01647058823529412 0.027633851468048358
1 0.7494117647058823 0.11312607944732297 0.023529411764705882 0.03281519861830743
1 0.5329411764705883 0.29620034542314333 0.12941176470588237 0.2469775474956822
1 0.7364705882352941 0.20639032815198619 0.07764705882352942 0.14335060449050085
1 0.8170588235294117 0.19602763385146804 0.05529411764705883 0.09844559585492228
1 0.8635294117647059 0.15544041450777202 0.042352941176470586 0.07599309153713299
1 0.9123529411764706 0.15025906735751296 0.03411764705882353 0.06217616580310881
1 0.9394117647058824 0.13471502590673576 0.024705882352941175 0.05181347150259067
1 0.9611764705882353 0.13903281519861832 0.023529411764705882 0.04317789291882556