1 0.3337378640776699 0.19788732394366196 0.021844660194174758 0.035211267605633804
1 0.380663430420712 0.1936619718309859 0.0186084142394822 0.029577464788732393
1 0.39563106796116504 0.17183098591549295 0.014563106796116505 0.030985915492957747
1 0.42637540453074435 0.17464788732394365 0.014563106796116505 0.03380281690140845
1 0.44336569579288027 0.17887323943661973 0.01779935275080906 0.03380281690140845
1 0.4526699029126214 0.14647887323943662 0.012135922330097087 0.030985915492957747
1 0.465210355987055 0.14929577464788732 0.016181229773462782 0.030985915492957747
1 0.4716828478964401 0.17676056338028168 0.019417475728155338 0.035211267605633804
1 0.4923139158576052 0.16619718309859155 0.01699029126213592 0.03943661971830986
1 0.4898867313915858 0.13309859154929576 0.01699029126213592 0.023943661971830985
1 0.48503236245954695 0.15845070422535212 0.012135922330097087 0.02676056338028169
1 0.5093042071197411 0.1316901408450704 0.013754045307443365 0.023943661971830985
1 0.5266990291262136 0.1323943661971831 0.012944983818770227 0.030985915492957747
1 0.5194174757281553 0.18309859154929578 0.016181229773462782 0.03943661971830986
1 0.531957928802589 0.16619718309859155 0.01699029126213592 0.030985915492957747
1 0.55542071197411 0.14859154929577464 0.01699029126213592 0.038028169014084505
1 0.5651294498381877 0.1880281690140845 0.01699029126213592 0.029577464788732393
1 0.5707928802588996 0.1176056338028169 0.012135922330097087 0.0323943661971831
1 0.5837378640776699 0.15211267605633802 0.015372168284789644 0.03380281690140845
1 0.5934466019417476 0.12253521126760564 0.012135922330097087 0.02535211267605634
1 0.6104368932038835 0.13028169014084506 0.015372168284789644 0.029577464788732393
1 0.6132686084142395 0.15422535211267605 0.014563106796116505 0.029577464788732393
1 0.6468446601941747 0.15774647887323945 0.0186084142394822 0.030985915492957747
1 0.6480582524271845 0.1323943661971831 0.012944983818770227 0.02535211267605634
1 0.6460355987055016 0.11408450704225352 0.010517799352750809 0.01971830985915493
1 0.6322815533980582 0.10633802816901408 0.012135922330097087 0.023943661971830985
1 0.6735436893203883 0.11619718309859155 0.010517799352750809 0.02112676056338028
1 0.6800161812297735 0.1316901408450704 0.012135922330097087 0.023943661971830985
1 0.691747572815534 0.11267605633802817 0.012944983818770227 0.022535211267605635
1 0.6990291262135923 0.1295774647887324 0.012944983818770227 0.028169014084507043
1 0.7216828478964401 0.12183098591549296 0.011326860841423949 0.02676056338028169
1 0.6067961165048543 0.23943661971830985 0.024271844660194174 0.05070422535211268
1 0.6343042071197411 0.21338028169014084 0.022653721682847898 0.04929577464788732
1 0.6751618122977346 0.1908450704225352 0.020226537216828478 0.04366197183098591
1 0.6844660194174758 0.22535211267605634 0.021035598705501618 0.05070422535211268
1 0.7204692556634305 0.23661971830985915 0.020226537216828478 0.05352112676056338
1 0.6897249190938511 0.30140845070422534 0.04288025889967637 0.08732394366197183
1 0.712378640776699 0.17816901408450705 0.013754045307443365 0.035211267605633804
1 0.7269417475728155 0.19436619718309858 0.020226537216828478 0.04225352112676056
1 0.7516181229773463 0.17394366197183098 0.016181229773462782 0.038028169014084505
1 0.7491909385113269 0.14929577464788732 0.014563106796116505 0.028169014084507043
1 0.735032362459547 0.16830985915492958 0.013754045307443365 0.02676056338028169
1 0.7734627831715211 0.1415492957746479 0.011326860841423949 0.023943661971830985
1 0.7815533980582524 0.13661971830985917 0.011326860841423949 0.028169014084507043
1 0.7949029126213593 0.1732394366197183 0.015372168284789644 0.036619718309859155
1 0.7993527508090615 0.15211267605633802 0.012944983818770227 0.02535211267605634
1 0.8122977346278317 0.1732394366197183 0.016181229773462782 0.036619718309859155
1 0.8066343042071198 0.21619718309859154 0.021035598705501618 0.04366197183098591
1 0.8381877022653722 0.18661971830985916 0.016181229773462782 0.038028169014084505
1 0.8284789644012945 0.15845070422535212 0.014563106796116505 0.029577464788732393
1 0.843042071197411 0.1387323943661972 0.012944983818770227 0.0323943661971831
1 0.8515372168284789 0.17253521126760563 0.012135922330097087 0.035211267605633804
1 0.877831715210356 0.13943661971830987 0.012944983818770227 0.030985915492957747
1 0.877831715210356 0.2007042253521127 0.01779935275080906 0.04366197183098591
1 0.8976537216828478 0.27323943661971833 0.020226537216828478 0.05352112676056338
1 0.904126213592233 0.22746478873239437 0.0186084142394822 0.04647887323943662
1 0.9118122977346278 0.2056338028169014 0.014563106796116505 0.03380281690140845
1 0.9049352750809061 0.15 0.015372168284789644 0.0323943661971831
1 0.9356796116504854 0.1852112676056338 0.015372168284789644 0.04084507042253521
1 0.9571197411003236 0.22746478873239437 0.01779935275080906 0.04084507042253521
1 0.9518608414239482 0.19929577464788734 0.015372168284789644 0.038028169014084505
1 0.9611650485436893 0.176056338028169 0.011326860841423949 0.030985915492957747