1 0.041 0.5334224598930482 0.042 0.06684491978609626
1 0.02 0.5026737967914439 0.032 0.0481283422459893
1 0.02 0.47593582887700536 0.028 0.0374331550802139
1 0.083 0.4879679144385027 0.026 0.045454545454545456
1 0.129 0.48262032085561496 0.022 0.040106951871657755
1 0.135 0.5387700534759359 0.038 0.05614973262032086
1 0.174 0.5387700534759359 0.044 0.07219251336898395
1 0.174 0.4946524064171123 0.028 0.0427807486631016
1 0.222 0.49064171122994654 0.024 0.045454545454545456
1 0.248 0.4959893048128342 0.024 0.034759358288770054
1 0.248 0.5334224598930482 0.048 0.06149732620320856
1 0.312 0.49331550802139035 0.036 0.045454545454545456
1 0.369 0.4946524064171123 0.034 0.0481283422459893
1 0.404 0.48128342245989303 0.028 0.0427807486631016
1 0.403 0.5641711229946524 0.062 0.0962566844919786
1 0.493 0.48128342245989303 0.026 0.0427807486631016
1 0.517 0.5093582887700535 0.03 0.05080213903743316
1 0.526 0.48262032085561496 0.016 0.040106951871657755
1 0.555 0.5040106951871658 0.03 0.045454545454545456
1 0.595 0.4786096256684492 0.022 0.0481283422459893
1 0.836 0.38636363636363635 0.072 0.09358288770053476