1 0.23706896551724138 0.38195615514333897 0.05076628352490421 0.09274873524451939
1 0.5368773946360154 0.19308600337268128 0.023946360153256706 0.0387858347386172
1 0.5938697318007663 0.15851602023608768 0.017241379310344827 0.03709949409780776
1 0.6216475095785441 0.19898819561551434 0.022988505747126436 0.050590219224283306
1 0.6613984674329502 0.18634064080944351 0.018199233716475097 0.03204047217537943
1 0.6719348659003831 0.20404721753794267 0.020114942528735632 0.047217537942664416
1 0.6695402298850575 0.24620573355817876 0.02490421455938697 0.050590219224283306
1 0.7092911877394636 0.19983136593591905 0.018199233716475097 0.04215851602023609
1 0.7456896551724138 0.2057335581787521 0.022030651340996167 0.047217537942664416
1 0.771551724137931 0.24198988195615515 0.02586206896551724 0.05227655986509275
1 0.8247126436781609 0.23608768971332209 0.022988505747126436 0.047217537942664416
1 0.7413793103448276 0.2748735244519393 0.02681992337164751 0.05733558178752108
1 0.7361111111111112 0.36677908937605397 0.031609195402298854 0.07925801011804384
1 0.8074712643678161 0.3844856661045531 0.032567049808429116 0.08431703204047218
1 0.9238505747126436 0.38785834738617203 0.031609195402298854 0.0775716694772344