1 0.059880239520958084 0.8787878787878788 0.1157684630738523 0.22424242424242424
1 0.08882235528942116 0.7727272727272727 0.1217564870259481 0.16363636363636364
1 0.08283433133732535 0.6772727272727272 0.08982035928143713 0.1303030303030303
1 0.07684630738522955 0.6121212121212121 0.07784431137724551 0.10303030303030303
1 0.3562874251497006 0.3378787878787879 0.0658682634730539 0.11212121212121212
1 0.28542914171656686 0.656060606060606 0.08782435129740519 0.14242424242424243
1 0.3662674650698603 0.6651515151515152 0.08982035928143713 0.15454545454545454
1 0.43812375249500995 0.6984848484848485 0.1217564870259481 0.19090909090909092
1 0.5159680638722555 0.7833333333333333 0.1536926147704591 0.20909090909090908
1 0.6107784431137725 0.9166666666666666 0.20359281437125748 0.16666666666666666
1 0.592814371257485 0.6727272727272727 0.08782435129740519 0.12727272727272726
1 0.7155688622754491 0.6409090909090909 0.08582834331337326 0.1484848484848485
1 0.8073852295409182 0.6772727272727272 0.11377245508982035 0.19090909090909092
1 0.8652694610778443 0.6075757575757575 0.08582834331337326 0.13636363636363635
1 0.9610778443113772 0.6530303030303031 0.07784431137724551 0.1303030303030303