1 0.079 0.44133333333333336 0.054 0.07733333333333334
1 0.1 0.544 0.092 0.128
1 0.172 0.49733333333333335 0.076 0.07733333333333334
1 0.22 0.43733333333333335 0.04 0.064
1 0.515 0.424 0.046 0.07466666666666667
1 0.572 0.45466666666666666 0.056 0.088
1 0.628 0.43466666666666665 0.04 0.064
1 0.736 0.52 0.08 0.13333333333333333
1 0.752 0.4653333333333333 0.06 0.07733333333333334
1 0.615 0.35733333333333334 0.034 0.048
1 0.815 0.42533333333333334 0.038 0.06133333333333333
1 0.932 0.49733333333333335 0.088 0.13066666666666665
1 0.921 0.424 0.038 0.064