1 0.28828125 0.4638888888888889 0.0453125 0.07777777777777778
1 0.32421875 0.5916666666666667 0.0578125 0.11666666666666667
1 0.3921875 0.6513888888888889 0.075 0.125
1 0.3828125 0.30833333333333335 0.03125 0.05555555555555555
1 0.496875 0.5208333333333334 0.0375 0.06388888888888888
1 0.6421875 0.48055555555555557 0.0375 0.07222222222222222
1 0.73671875 0.4930555555555556 0.0515625 0.08611111111111111
1 0.77890625 0.4861111111111111 0.0390625 0.07222222222222222
1 0.74375 0.6555555555555556 0.071875 0.12777777777777777
1 0.7 0.8722222222222222 0.13125 0.2388888888888889
1 0.94140625 0.5166666666666667 0.0578125 0.08888888888888889