1 0.1846938775510204 0.4346938775510204 0.0326530612244898 0.050340136054421766
1 0.2545918367346939 0.6197278911564625 0.04795918367346939 0.07755102040816327
1 0.3168367346938776 0.6034013605442177 0.06224489795918367 0.08843537414965986
1 0.3127551020408163 0.54421768707483 0.03775510204081633 0.05442176870748299
1 0.27908163265306124 0.5319727891156463 0.0336734693877551 0.05714285714285714
1 0.3989795918367347 0.5149659863945578 0.04285714285714286 0.050340136054421766
1 0.38418367346938775 0.572108843537415 0.04795918367346939 0.06666666666666667
1 0.5846938775510204 0.6925170068027211 0.07551020408163266 0.12244897959183673
1 0.5622448979591836 0.5877551020408164 0.04693877551020408 0.06802721088435375
1 0.5219387755102041 0.5244897959183673 0.03979591836734694 0.053061224489795916
1 0.5729591836734694 0.5496598639455782 0.03979591836734694 0.05986394557823129
1 0.5877551020408164 0.5054421768707483 0.030612244897959183 0.04217687074829932
1 0.628061224489796 0.5299319727891156 0.04795918367346939 0.053061224489795916
1 0.6785714285714286 0.5748299319727891 0.05510204081632653 0.07210884353741497
1 0.7795918367346939 0.6163265306122448 0.07959183673469387 0.10884353741496598
1 0.7586734693877552 0.5448979591836735 0.04183673469387755 0.055782312925170066
1 0.8198979591836735 0.5564625850340136 0.04591836734693878 0.0653061224489796
1 0.8061224489795918 0.5081632653061224 0.03877551020408163 0.044897959183673466
1 0.8372448979591837 0.49727891156462584 0.027551020408163266 0.044897959183673466
1 0.8540816326530613 0.5448979591836735 0.0326530612244898 0.058503401360544216
1 0.8938775510204081 0.49795918367346936 0.0326530612244898 0.04081632653061224
1 0.9576530612244898 0.5782312925170068 0.07244897959183673 0.10068027210884353
1 0.9663265306122449 0.49863945578231295 0.0326530612244898 0.055782312925170066