1 0.0662202380952381 0.5833333333333334 0.020337301587301588 0.03902116402116402
1 0.08209325396825397 0.5887896825396826 0.030753968253968252 0.036044973544973546
1 0.13132440476190477 0.603505291005291 0.02703373015873016 0.04894179894179894
1 0.16654265873015872 0.6180555555555556 0.038938492063492064 0.06018518518518518
1 0.20225694444444445 0.6374007936507936 0.04290674603174603 0.06514550264550265
1 0.19283234126984128 0.5729166666666666 0.024057539682539684 0.028108465608465607
1 0.23425099206349206 0.5679563492063492 0.022569444444444444 0.040013227513227514
1 0.24888392857142858 0.5793650793650794 0.026537698412698412 0.0291005291005291
1 0.2552083333333333 0.6294642857142857 0.04513888888888889 0.07903439153439154
1 0.3071676587301587 0.5853174603174603 0.02554563492063492 0.041005291005291
1 0.33643353174603174 0.593915343915344 0.03447420634920635 0.06018518518518518
1 0.3499503968253968 0.5753968253968254 0.031746031746031744 0.04497354497354497
1 0.4833829365079365 0.6484788359788359 0.07291666666666667 0.11507936507936507
1 0.46899801587301587 0.5583664021164021 0.021825396825396824 0.03935185185185185
1 0.5303819444444444 0.5603505291005291 0.02703373015873016 0.04728835978835979
1 0.5559275793650794 0.5973875661375662 0.024057539682539684 0.05324074074074074
1 0.5766369047619048 0.6049933862433863 0.032242063492063495 0.0539021164021164
1 0.5674603174603174 0.5620039682539683 0.020337301587301588 0.03406084656084656
1 0.6261160714285714 0.6053240740740741 0.045882936507936505 0.06911375661375661
1 0.7336309523809523 0.6626984126984127 0.06696428571428571 0.10119047619047619
1 0.7114335317460317 0.5859788359788359 0.021081349206349208 0.046296296296296294
1 0.7891865079365079 0.5724206349206349 0.030753968253968252 0.04894179894179894
1 0.8287450396825397 0.4937169312169312 0.03149801587301587 0.06415343915343916
1 0.9140625 0.49867724867724866 0.0339781746031746 0.0582010582010582
1 0.8870287698412699 0.6294642857142857 0.05927579365079365 0.08498677248677249
1 0.8978174603174603 0.5834986772486772 0.040674603174603176 0.06712962962962964