1 0.06147540983606557 0.2109375 0.11885245901639344 0.228125
1 0.1290983606557377 0.115625 0.0860655737704918 0.14375
1 0.22131147540983606 0.1390625 0.06557377049180328 0.140625
1 0.2930327868852459 0.2109375 0.11885245901639344 0.178125
1 0.34938524590163933 0.1265625 0.07172131147540983 0.121875
1 0.48975409836065575 0.1609375 0.10655737704918032 0.153125
1 0.5819672131147541 0.2 0.07377049180327869 0.125
1 0.6875 0.1546875 0.06762295081967214 0.134375
1 0.7991803278688525 0.15625 0.0860655737704918 0.14375
1 0.8524590163934426 0.1171875 0.05737704918032787 0.115625
1 0.9118852459016393 0.14375 0.06147540983606557 0.10625
1 0.9415983606557377 0.0859375 0.06352459016393443 0.121875