1 0.0215625 0.4891666666666667 0.040625 0.125
1 0.0965625 0.5141666666666667 0.064375 0.08
1 0.1909375 0.48541666666666666 0.113125 0.14583333333333334
1 0.2428125 0.4891666666666667 0.059375 0.12833333333333333
1 0.351875 0.5566666666666666 0.11125 0.14666666666666667
1 0.318125 0.49291666666666667 0.06125 0.0875
1 0.39875 0.5083333333333333 0.08125 0.12
1 0.5053125 0.5116666666666667 0.063125 0.10333333333333333
1 0.54875 0.5358333333333334 0.08125 0.105
1 0.6696875 0.5291666666666667 0.065625 0.09833333333333333
1 0.5040625 0.38666666666666666 0.036875 0.056666666666666664