1 0.1972193614830072 0.35793357933579334 0.04016477857878476 0.07380073800738007
1 0.3120494335736354 0.23154981549815498 0.02059732234809475 0.03874538745387454
1 0.329557157569516 0.19464944649446494 0.018537590113285273 0.03505535055350553
1 0.3470648815653965 0.20018450184501846 0.016477857878475798 0.03136531365313653
1 0.41503604531410915 0.1937269372693727 0.016477857878475798 0.03690036900369004
1 0.4212152420185376 0.17158671586715868 0.014418125643666324 0.025830258302583026
1 0.4181256436663234 0.1540590405904059 0.014418125643666324 0.023985239852398525
1 0.45365602471678684 0.14944649446494465 0.015447991761071062 0.025830258302583026
1 0.4428424304840371 0.2029520295202952 0.02059732234809475 0.03690036900369004
1 0.46961894953656025 0.19280442804428044 0.016477857878475798 0.03505535055350553
1 0.476313079299691 0.21863468634686348 0.021627188465499485 0.046125461254612546
1 0.4701338825952626 0.13191881918819187 0.013388259526261586 0.023985239852398525
1 0.4850669412976313 0.1429889298892989 0.014418125643666324 0.027675276752767528
1 0.5020597322348095 0.13191881918819187 0.013388259526261586 0.023985239852398525
1 0.5113285272914521 0.11254612546125461 0.013388259526261586 0.02214022140221402
1 0.5113285272914521 0.15498154981549817 0.01132852729145211 0.025830258302583026
1 0.5319258496395468 0.14852398523985239 0.015447991761071062 0.027675276752767528
1 0.5329557157569516 0.11900369003690037 0.01132852729145211 0.02029520295202952
1 0.5442842430484037 0.12638376383763839 0.01132852729145211 0.023985239852398525
1 0.5576725025746653 0.13191881918819187 0.01132852729145211 0.023985239852398525
1 0.5700308959835222 0.13284132841328414 0.013388259526261586 0.02214022140221402
1 0.5813594232749743 0.11254612546125461 0.013388259526261586 0.02214022140221402
1 0.5664263645726055 0.1752767527675277 0.014418125643666324 0.033210332103321034
1 0.5834191555097837 0.16974169741697417 0.015447991761071062 0.033210332103321034
1 0.5298661174047374 0.2656826568265683 0.021627188465499485 0.04797047970479705
1 0.592173017507724 0.22878228782287824 0.018537590113285273 0.03690036900369004
1 0.5932028836251287 0.2887453874538745 0.024716786817713696 0.046125461254612546
1 0.625643666323378 0.2896678966789668 0.029866117404737384 0.05904059040590406
1 0.6343975283213182 0.235239852398524 0.018537590113285273 0.03505535055350553
1 0.6318228630278064 0.19557195571955718 0.01956745623069001 0.04059040590405904
1 0.664778578784758 0.20571955719557194 0.01956745623069001 0.03505535055350553
1 0.666323377960865 0.17435424354243542 0.016477857878475798 0.03136531365313653
1 0.6930998970133883 0.11992619926199262 0.012358393408856848 0.025830258302583026
1 0.7013388259526262 0.11439114391143912 0.012358393408856848 0.01845018450184502
1 0.6869207003089598 0.11900369003690037 0.010298661174047374 0.016605166051660517
1 0.6575695159629248 0.10516605166051661 0.01132852729145211 0.02214022140221402
1 0.6426364572605562 0.1088560885608856 0.010298661174047374 0.02214022140221402
1 0.6292481977342945 0.14022140221402213 0.014418125643666324 0.02214022140221402
1 0.6282183316168898 0.09686346863468635 0.012358393408856848 0.023985239852398525
1 0.6101956745623069 0.11992619926199262 0.01132852729145211 0.025830258302583026
1 0.6004119464469619 0.13468634686346864 0.014418125643666324 0.025830258302583026
1 0.7106076210092688 0.18450184501845018 0.016477857878475798 0.04059040590405904
1 0.7059732234809475 0.1577490774907749 0.013388259526261586 0.023985239852398525
1 0.7404737384140062 0.1522140221402214 0.014418125643666324 0.03136531365313653
1 0.7507723995880535 0.1448339483394834 0.014418125643666324 0.023985239852398525
1 0.7435633367662204 0.12546125461254612 0.014418125643666324 0.025830258302583026
1 0.7646755921730175 0.1282287822878229 0.01132852729145211 0.027675276752767528
1 0.7775489186405767 0.12638376383763839 0.010298661174047374 0.023985239852398525
1 0.712152420185376 0.2518450184501845 0.01956745623069001 0.042435424354243544
1 0.6915550978372812 0.3081180811808118 0.025746652935118436 0.06273062730627306
1 0.6544799176107106 0.2730627306273063 0.021627188465499485 0.04797047970479705
1 0.7914521112255407 0.19464944649446494 0.017507723995880537 0.042435424354243544
1 0.7873326467559217 0.1669741697416974 0.015447991761071062 0.03136531365313653
1 0.8048403707518023 0.1669741697416974 0.013388259526261586 0.03136531365313653
1 0.8161688980432544 0.18081180811808117 0.013388259526261586 0.033210332103321034
1 0.8285272914521112 0.16974169741697417 0.013388259526261586 0.02952029520295203
1 0.8341915550978373 0.20571955719557194 0.016477857878475798 0.03874538745387454
1 0.8094747682801235 0.26014760147601473 0.02059732234809475 0.04797047970479705
1 0.7888774459320288 0.28413284132841327 0.02265705458290422 0.04797047970479705
1 0.7651905252317199 0.37546125461254615 0.028836251287332648 0.06826568265682657
1 0.8280123583934088 0.35977859778597787 0.026776519052523172 0.06642066420664207
1 0.8460350154479918 0.32011070110701106 0.021627188465499485 0.04981549815498155
1 0.8553038105046344 0.26014760147601473 0.01956745623069001 0.04797047970479705
1 0.9104016477857878 0.38468634686346864 0.024716786817713696 0.06457564575645756
1 0.9212152420185376 0.3274907749077491 0.027806385169927908 0.04981549815498155
1 0.9402677651905252 0.27398523985239853 0.02265705458290422 0.042435424354243544
1 0.9140061791967045 0.23154981549815498 0.017507723995880537 0.03874538745387454
1 0.8831101956745623 0.22509225092250923 0.015447991761071062 0.03690036900369004
1 0.8872296601441813 0.19833948339483395 0.01956745623069001 0.03505535055350553
1 0.8656024716786818 0.17435424354243542 0.013388259526261586 0.03136531365313653
1 0.850669412976313 0.18542435424354242 0.016477857878475798 0.03136531365313653
1 0.850669412976313 0.14575645756457564 0.012358393408856848 0.025830258302583026
1 0.878475798146241 0.14760147601476015 0.012358393408856848 0.025830258302583026
1 0.8759011328527292 0.15867158671586715 0.013388259526261586 0.025830258302583026
1 0.9155509783728115 0.1669741697416974 0.014418125643666324 0.03505535055350553
1 0.9407826982492276 0.18081180811808117 0.013388259526261586 0.02952029520295203
1 0.9392378990731205 0.2029520295202952 0.014418125643666324 0.02952029520295203