1 0.19886363636363635 0.4553872053872054 0.04924242424242424 0.09932659932659933
1 0.2537878787878788 0.4217171717171717 0.043560606060606064 0.08922558922558922
1 0.23674242424242425 0.24242424242424243 0.017045454545454544 0.037037037037037035
1 0.3494318181818182 0.26936026936026936 0.01893939393939394 0.04377104377104377
1 0.36742424242424243 0.26430976430976433 0.017045454545454544 0.04377104377104377
1 0.41950757575757575 0.2281144781144781 0.01893939393939394 0.03535353535353535
1 0.4422348484848485 0.23148148148148148 0.017045454545454544 0.03535353535353535
1 0.4502840909090909 0.18518518518518517 0.014204545454545454 0.030303030303030304
1 0.4744318181818182 0.19444444444444445 0.01893939393939394 0.04208754208754209
1 0.45928030303030304 0.15235690235690236 0.011363636363636364 0.018518518518518517
1 0.46875 0.14646464646464646 0.00946969696969697 0.016835016835016835
1 0.48579545454545453 0.12962962962962962 0.011363636363636364 0.020202020202020204
1 0.5208333333333334 0.07323232323232323 0.011363636363636364 0.021885521885521887
1 0.5558712121212122 0.15067340067340068 0.015151515151515152 0.025252525252525252
1 0.5823863636363636 0.1473063973063973 0.015151515151515152 0.02861952861952862
1 0.4910037878787879 0.2962962962962963 0.02556818181818182 0.050505050505050504
1 0.42992424242424243 0.2836700336700337 0.022727272727272728 0.05218855218855219
1 0.5388257575757576 0.19865319865319866 0.028409090909090908 0.04377104377104377
1 0.7381628787878788 0.058922558922558925 0.008522727272727272 0.026936026936026935
1 0.681344696969697 0.15824915824915825 0.017992424242424244 0.037037037037037035
1 0.6590909090909091 0.2474747474747475 0.01893939393939394 0.04713804713804714
1 0.712594696969697 0.2836700336700337 0.027462121212121212 0.058922558922558925
1 0.7121212121212122 0.14309764309764308 0.015151515151515152 0.026936026936026935
1 0.7357954545454546 0.15993265993265993 0.013257575757575758 0.026936026936026935
1 0.7400568181818182 0.1447811447811448 0.016098484848484848 0.03367003367003367
1 0.7528409090909091 0.1717171717171717 0.013257575757575758 0.030303030303030304
1 0.7580492424242424 0.3005050505050505 0.027462121212121212 0.05555555555555555
1 0.7964015151515151 0.1893939393939394 0.017045454545454544 0.03872053872053872
1 0.8096590909090909 0.12373737373737374 0.011363636363636364 0.025252525252525252
1 0.9166666666666666 0.08585858585858586 0.00946969696969697 0.02356902356902357
1 0.8707386363636364 0.2281144781144781 0.016098484848484848 0.05218855218855219
1 0.5198863636363636 0.16414141414141414 0.01893939393939394 0.03198653198653199