1 0.2446498054474708 0.4117647058823529 0.057392996108949414 0.12100840336134454
1 0.26215953307393 0.1815126050420168 0.01848249027237354 0.030252100840336135
1 0.3983463035019455 0.4680672268907563 0.06712062256809338 0.11260504201680673
1 0.42023346303501946 0.21176470588235294 0.023346303501945526 0.040336134453781515
1 0.4474708171206226 0.2134453781512605 0.019455252918287938 0.03697478991596639
1 0.4571984435797665 0.26134453781512607 0.02529182879377432 0.0453781512605042
1 0.5014591439688716 0.22100840336134453 0.024319066147859923 0.04201680672268908
1 0.6050583657587548 0.2546218487394958 0.023346303501945526 0.0453781512605042
1 0.6619649805447471 0.24369747899159663 0.02821011673151751 0.047058823529411764
1 0.6070038910505836 0.12016806722689076 0.01556420233463035 0.02857142857142857
1 0.6284046692607004 0.11008403361344538 0.01556420233463035 0.025210084033613446
1 0.6546692607003891 0.1319327731092437 0.011673151750972763 0.02857142857142857
1 0.681420233463035 0.13025210084033614 0.01264591439688716 0.025210084033613446