0 0.4012121212121212 0.41276252019386106 0.07272727272727272 0.09531502423263329
0 0.5478787878787879 0.3134087237479806 0.041212121212121214 0.05492730210016155
0 0.7393939393939394 0.3966074313408724 0.06060606060606061 0.09531502423263329
0 0.8921212121212121 0.37964458804523427 0.06303030303030303 0.09369951534733441
0 0.8478787878787879 0.3602584814216478 0.05696969696969697 0.07754442649434572
0 0.5818181818181818 0.40387722132471726 0.06303030303030303 0.09369951534733441
0 0.34 0.3344103392568659 0.03272727272727273 0.045234248788368334
0 0.24909090909090909 0.4305331179321486 0.07878787878787878 0.09854604200323101
0 0.2290909090909091 0.3376413570274637 0.03393939393939394 0.045234248788368334
0 0.1715151515151515 0.3360258481421648 0.037575757575757575 0.051696284329563816
0 0.10363636363636364 0.4289176090468498 0.08606060606060606 0.10177705977382875
0 0.03393939393939394 0.37318255250403876 0.06545454545454546 0.09369951534733441
0 0.05454545454545454 0.34975767366720517 0.02666666666666667 0.04038772213247173