1 0.19518442622950818 0.2370848708487085 0.0194672131147541 0.046125461254612546
1 0.41239754098360654 0.2177121771217712 0.02151639344262295 0.04059040590405904
1 0.6296106557377049 0.13653136531365315 0.015368852459016393 0.033210332103321034
1 0.6495901639344263 0.1392988929889299 0.01639344262295082 0.03136531365313653
1 0.6531762295081968 0.12361623616236163 0.01331967213114754 0.02952029520295203
1 0.7566598360655737 0.1392988929889299 0.01331967213114754 0.03505535055350553
1 0.7730532786885246 0.14760147601476015 0.015368852459016393 0.033210332103321034
1 0.8975409836065574 0.22324723247232472 0.01639344262295082 0.03690036900369004
1 0.8299180327868853 0.25276752767527677 0.02459016393442623 0.055350553505535055
1 0.8939549180327869 0.25 0.0194672131147541 0.042435424354243544
1 0.9252049180327869 0.25276752767527677 0.020491803278688523 0.04797047970479705