1 0.6070448307410796 0.1053484602917342 0.011893870082342177 0.029173419773095625
1 0.42772186642268983 0.19773095623987033 0.01738334858188472 0.03889789303079417
1 0.45882891125343095 0.1993517017828201 0.0192131747483989 0.04213938411669368
1 0.6505032021957914 0.12236628849270664 0.01463860933211345 0.027552674230145867
1 0.6605672461116194 0.14343598055105347 0.012808783165599268 0.027552674230145867
1 0.7502287282708143 0.14424635332252836 0.01463860933211345 0.029173419773095625
1 0.7662397072278133 0.14829821717990274 0.013723696248856358 0.03079416531604538
1 0.8225068618481244 0.2560777957860616 0.020128087831655993 0.04538087520259319
1 0.8677950594693504 0.18557536466774716 0.011893870082342177 0.03079416531604538
1 0.888380603842635 0.21555915721231766 0.01463860933211345 0.03241491085899514
1 0.8874656907593779 0.24878444084278767 0.01646843549862763 0.04700162074554295
1 0.9126258005489478 0.25040518638573744 0.01555352241537054 0.03403565640194489
1 0.9377859103385179 0.18881685575364668 0.012808783165599268 0.03079416531604538
1 0.6203110704483074 0.1393841166936791 0.01463860933211345 0.029173419773095625