1 0.07990654205607477 0.414983164983165 0.04018691588785047 0.08249158249158249
1 0.25981308411214954 0.2609427609427609 0.014953271028037384 0.030303030303030304
1 0.2803738317757009 0.2617845117845118 0.016822429906542057 0.03535353535353535
1 0.29439252336448596 0.2601010101010101 0.020560747663551402 0.03872053872053872
1 0.32429906542056075 0.21632996632996632 0.016822429906542057 0.03198653198653199
1 0.3467289719626168 0.21717171717171718 0.018691588785046728 0.030303030303030304
1 0.33317757009345794 0.25084175084175087 0.017757009345794394 0.037037037037037035
1 0.3383177570093458 0.28114478114478114 0.022429906542056073 0.04713804713804714
1 0.3710280373831776 0.21043771043771045 0.014953271028037384 0.030303030303030304
1 0.38644859813084115 0.19444444444444445 0.01588785046728972 0.025252525252525252
1 0.3878504672897196 0.2255892255892256 0.020560747663551402 0.03367003367003367
1 0.40841121495327104 0.23484848484848486 0.020560747663551402 0.03872053872053872
1 0.4046728971962617 0.28703703703703703 0.022429906542056073 0.05555555555555555
1 0.4070093457943925 0.17087542087542087 0.01588785046728972 0.03198653198653199
1 0.42429906542056073 0.1835016835016835 0.016822429906542057 0.026936026936026935
1 0.44485981308411215 0.18771043771043772 0.020560747663551402 0.03535353535353535
1 0.44018691588785047 0.2297979797979798 0.018691588785046728 0.03872053872053872
1 0.4649532710280374 0.24663299663299662 0.02149532710280374 0.03535353535353535
1 0.4514018691588785 0.1473063973063973 0.014953271028037384 0.02861952861952862
1 0.45981308411214955 0.1717171717171717 0.014953271028037384 0.030303030303030304
1 0.47990654205607475 0.18602693602693604 0.01588785046728972 0.03198653198653199
1 0.4808411214953271 0.16161616161616163 0.017757009345794394 0.03367003367003367
1 0.47523364485981306 0.14814814814814814 0.01588785046728972 0.030303030303030304
1 0.4869158878504673 0.132996632996633 0.013084112149532711 0.02356902356902357
1 0.4985981308411215 0.14814814814814814 0.01588785046728972 0.03367003367003367
1 0.5242990654205607 0.15404040404040403 0.016822429906542057 0.03198653198653199
1 0.5345794392523364 0.13047138047138046 0.014953271028037384 0.02861952861952862
1 0.5565420560747664 0.1127946127946128 0.012149532710280374 0.02356902356902357
1 0.5626168224299065 0.1447811447811448 0.020560747663551402 0.03367003367003367
1 0.541588785046729 0.1691919191919192 0.02149532710280374 0.03535353535353535
1 0.5051401869158878 0.20286195286195285 0.019626168224299065 0.04208754208754209
1 0.5280373831775701 0.21632996632996632 0.022429906542056073 0.04882154882154882
1 0.5836448598130841 0.13047138047138046 0.014018691588785047 0.03198653198653199
1 0.5822429906542056 0.15824915824915825 0.020560747663551402 0.04040404040404041
1 0.5939252336448598 0.09932659932659933 0.014018691588785047 0.026936026936026935
1 0.6107476635514019 0.1111111111111111 0.010280373831775701 0.026936026936026935
1 0.6140186915887851 0.14562289562289563 0.020560747663551402 0.04208754208754209
1 0.6242990654205608 0.09595959595959595 0.009345794392523364 0.026936026936026935
1 0.638785046728972 0.1026936026936027 0.010280373831775701 0.030303030303030304
1 0.6467289719626168 0.10858585858585859 0.011214953271028037 0.025252525252525252
1 0.6696261682242991 0.11868686868686869 0.012149532710280374 0.025252525252525252
1 0.6915887850467289 0.09343434343434344 0.013084112149532711 0.03198653198653199
1 0.7341121495327103 0.11868686868686869 0.014018691588785047 0.03198653198653199
1 0.7509345794392523 0.10353535353535354 0.012149532710280374 0.025252525252525252
1 0.7808411214953271 0.1111111111111111 0.012149532710280374 0.030303030303030304
1 0.7691588785046729 0.12626262626262627 0.013084112149532711 0.030303030303030304
1 0.7976635514018692 0.13215488215488216 0.012149532710280374 0.03198653198653199
1 0.8107476635514018 0.12289562289562289 0.010280373831775701 0.026936026936026935
1 0.8285046728971963 0.13215488215488216 0.017757009345794394 0.03872053872053872
1 0.8686915887850467 0.12289562289562289 0.014018691588785047 0.037037037037037035
1 0.891588785046729 0.12542087542087543 0.013084112149532711 0.03198653198653199
1 0.9257009345794392 0.15067340067340068 0.012149532710280374 0.02861952861952862
1 0.7051401869158879 0.14393939393939395 0.014018691588785047 0.02861952861952862
1 0.6836448598130841 0.15067340067340068 0.01588785046728972 0.03198653198653199
1 0.7420560747663552 0.14057239057239057 0.016822429906542057 0.02861952861952862
1 0.6976635514018692 0.17676767676767677 0.01588785046728972 0.030303030303030304
1 0.6570093457943925 0.1835016835016835 0.016822429906542057 0.04040404040404041
1 0.6088785046728972 0.20202020202020202 0.02336448598130841 0.04040404040404041
1 0.555607476635514 0.2382154882154882 0.02336448598130841 0.04882154882154882
1 0.4822429906542056 0.3106060606060606 0.026168224299065422 0.05218855218855219
1 0.5616822429906542 0.29292929292929293 0.024299065420560748 0.04713804713804714
1 0.5985981308411215 0.3333333333333333 0.027102803738317756 0.05387205387205387
1 0.6771028037383178 0.3493265993265993 0.02897196261682243 0.058922558922558925
1 0.6088785046728972 0.26936026936026936 0.027102803738317756 0.05723905723905724
1 0.6677570093457944 0.2542087542087542 0.02897196261682243 0.050505050505050504
1 0.8009345794392523 0.17003367003367004 0.018691588785046728 0.04713804713804714
1 0.8116822429906542 0.16161616161616163 0.017757009345794394 0.03367003367003367
1 0.8481308411214953 0.17255892255892255 0.01588785046728972 0.02861952861952862
1 0.8663551401869158 0.1590909090909091 0.013084112149532711 0.02861952861952862
1 0.9210280373831776 0.19107744107744107 0.019626168224299065 0.03872053872053872
1 0.8962616822429906 0.18097643097643099 0.020560747663551402 0.03198653198653199
1 0.8822429906542056 0.1994949494949495 0.016822429906542057 0.03198653198653199
1 0.8644859813084113 0.2255892255892256 0.020560747663551402 0.04713804713804714
1 0.9205607476635514 0.2828282828282828 0.024299065420560748 0.05387205387205387
1 0.7551401869158878 0.1776094276094276 0.018691588785046728 0.02861952861952862
1 0.7177570093457943 0.16835016835016836 0.018691588785046728 0.030303030303030304
1 0.735981308411215 0.20622895622895623 0.02149532710280374 0.03535353535353535
1 0.7574766355140187 0.22643097643097643 0.02149532710280374 0.058922558922558925
1 0.7070093457943926 0.2196969696969697 0.02336448598130841 0.05218855218855219
1 0.7074766355140187 0.29797979797979796 0.03177570093457944 0.04377104377104377
1 0.7789719626168224 0.29208754208754206 0.02336448598130841 0.05555555555555555