1 0.075 0.44862155388471175 0.04666666666666667 0.07518796992481203
1 0.085 0.42355889724310775 0.043333333333333335 0.07017543859649122
1 0.16166666666666665 0.4423558897243108 0.04 0.06265664160401002
1 0.12333333333333334 0.5050125313283208 0.05 0.09273182957393483
1 0.16333333333333333 0.38972431077694236 0.04 0.05263157894736842
1 0.25583333333333336 0.41729323308270677 0.03166666666666667 0.05263157894736842
1 0.3566666666666667 0.4223057644110276 0.03333333333333333 0.05263157894736842
1 0.4791666666666667 0.4348370927318296 0.03166666666666667 0.047619047619047616
1 0.5108333333333334 0.40977443609022557 0.028333333333333332 0.047619047619047616
1 0.48 0.36967418546365916 0.03 0.05764411027568922
1 0.5641666666666667 0.41854636591478694 0.025 0.045112781954887216
1 0.5808333333333333 0.40225563909774437 0.03166666666666667 0.05263157894736842
1 0.6675 0.38721804511278196 0.035 0.06265664160401002
1 0.7266666666666667 0.43107769423558895 0.03 0.06015037593984962
1 0.7775 0.424812030075188 0.03833333333333333 0.07268170426065163
1 0.8266666666666667 0.4398496240601504 0.05 0.07769423558897243
1 0.8791666666666667 0.44611528822055135 0.051666666666666666 0.08020050125313283
1 0.9458333333333333 0.43107769423558895 0.07166666666666667 0.10025062656641603