1 0.12020905923344948 0.5207736389684814 0.04878048780487805 0.08452722063037249
1 0.22168989547038329 0.3316618911174785 0.02003484320557491 0.03868194842406877
1 0.2530487804878049 0.36174785100286533 0.02003484320557491 0.04727793696275072
1 0.2887630662020906 0.36174785100286533 0.02177700348432056 0.03868194842406877
1 0.281794425087108 0.31017191977077363 0.025261324041811847 0.03581661891117478
1 0.3397212543554007 0.3531518624641834 0.02613240418118467 0.055873925501432664
1 0.35627177700348434 0.32449856733524357 0.01916376306620209 0.03581661891117478
1 0.3584494773519164 0.2915472779369627 0.02177700348432056 0.03008595988538682
1 0.3863240418118467 0.33954154727793695 0.02177700348432056 0.03724928366762178
1 0.41506968641114983 0.32593123209169056 0.02177700348432056 0.04154727793696275
1 0.41289198606271776 0.2922636103151863 0.01916376306620209 0.034383954154727794
1 0.397212543554007 0.25358166189111747 0.020905923344947737 0.03724928366762178
1 0.42421602787456447 0.2679083094555874 0.0156794425087108 0.02865329512893983
1 0.4355400696864111 0.2507163323782235 0.0156794425087108 0.02865329512893983
1 0.45557491289198604 0.25358166189111747 0.013937282229965157 0.02865329512893983
1 0.4647212543554007 0.2686246418338109 0.018292682926829267 0.0329512893982808
1 0.43989547038327526 0.30515759312320917 0.01916376306620209 0.02865329512893983
1 0.4804006968641115 0.30587392550143266 0.02177700348432056 0.03008595988538682
1 0.5174216027874564 0.3209169054441261 0.020905923344947737 0.04011461318051576
1 0.4529616724738676 0.33882521489971346 0.024390243902439025 0.03868194842406877
1 0.47343205574912894 0.23638968481375358 0.01132404181184669 0.02865329512893983
1 0.47822299651567945 0.22707736389684813 0.010452961672473868 0.02148997134670487
1 0.5152439024390244 0.26432664756446994 0.016550522648083623 0.027220630372492838
1 0.5352787456445993 0.27435530085959886 0.016550522648083623 0.03581661891117478
1 0.5374564459930313 0.24641833810888253 0.0156794425087108 0.025787965616045846
1 0.537020905923345 0.23137535816618912 0.014808362369337979 0.024355300859598854
1 0.5609756097560976 0.24713467048710602 0.0156794425087108 0.03008595988538682
1 0.5679442508710801 0.2191977077363897 0.013937282229965157 0.022922636103151862
1 0.5866724738675958 0.21203438395415472 0.013066202090592335 0.02005730659025788
1 0.5897212543554007 0.22636103151862463 0.017421602787456445 0.02865329512893983
1 0.5940766550522648 0.2593123209169054 0.01916376306620209 0.03151862464183381
1 0.5714285714285714 0.27507163323782235 0.01916376306620209 0.034383954154727794
1 0.5531358885017421 0.3524355300859599 0.024390243902439025 0.05730659025787966
1 0.4943379790940767 0.3961318051575931 0.03397212543554007 0.05300859598853868
1 0.5331010452961672 0.4484240687679083 0.03484320557491289 0.05730659025787966
1 0.6210801393728222 0.3216332378223496 0.02264808362369338 0.044412607449856735
1 0.6180313588850174 0.2177650429799427 0.014808362369337979 0.025787965616045846
1 0.6302264808362369 0.20415472779369628 0.013066202090592335 0.03008595988538682
1 0.6197735191637631 0.24426934097421205 0.018292682926829267 0.03008595988538682
1 0.6502613240418118 0.20057306590257878 0.014808362369337979 0.03151862464183381
1 0.6585365853658537 0.2184813753581662 0.013937282229965157 0.03008595988538682
1 0.6472125435540069 0.24713467048710602 0.017421602787456445 0.0329512893982808
1 0.6550522648083623 0.29011461318051573 0.020905923344947737 0.03868194842406877
1 0.688588850174216 0.20558739255014327 0.013066202090592335 0.024355300859598854
1 0.698170731707317 0.2177650429799427 0.01132404181184669 0.025787965616045846
1 0.7064459930313589 0.2134670487106017 0.012195121951219513 0.025787965616045846
1 0.693815331010453 0.26504297994269344 0.016550522648083623 0.03724928366762178
1 0.6428571428571429 0.36031518624641834 0.02264808362369338 0.04727793696275072
1 0.6681184668989547 0.336676217765043 0.02264808362369338 0.04871060171919771
1 0.6759581881533101 0.3674785100286533 0.0313588850174216 0.05300859598853868
1 0.7134146341463414 0.3545845272206304 0.024390243902439025 0.04727793696275072
1 0.730836236933798 0.24641833810888253 0.01916376306620209 0.03151862464183381
1 0.7186411149825784 0.29297994269340977 0.017421602787456445 0.04154727793696275
1 0.7299651567944251 0.29083094555873923 0.017421602787456445 0.03724928366762178
1 0.7617595818815331 0.2328080229226361 0.013066202090592335 0.03008595988538682
1 0.7700348432055749 0.251432664756447 0.017421602787456445 0.03008595988538682
1 0.7931184668989547 0.251432664756447 0.014808362369337979 0.03008595988538682
1 0.8131533101045296 0.2335243553008596 0.014808362369337979 0.03151862464183381
1 0.8179442508710801 0.25573065902578795 0.0156794425087108 0.0329512893982808
1 0.806184668989547 0.2700573065902579 0.018292682926829267 0.03581661891117478
1 0.8418989547038328 0.23782234957020057 0.016550522648083623 0.03151862464183381
1 0.8754355400696864 0.2507163323782235 0.013937282229965157 0.03151862464183381
1 0.8937282229965157 0.2671919770773639 0.013937282229965157 0.03868194842406877
1 0.9085365853658537 0.2507163323782235 0.013937282229965157 0.02865329512893983
1 0.9324912891986062 0.27292263610315187 0.014808362369337979 0.0329512893982808
1 0.9773519163763066 0.27363896848137537 0.013937282229965157 0.02865329512893983
1 0.975609756097561 0.2979942693409742 0.013937282229965157 0.034383954154727794
1 0.9651567944250871 0.31017191977077363 0.013937282229965157 0.03581661891117478
1 0.948170731707317 0.3194842406876791 0.018292682926829267 0.03724928366762178
1 0.9281358885017421 0.3144699140401146 0.018292682926829267 0.03581661891117478
1 0.9133275261324042 0.3345272206303725 0.018292682926829267 0.04154727793696275
1 0.9625435540069687 0.3653295128939828 0.017421602787456445 0.04297994269340974
1 0.882404181184669 0.3159025787965616 0.0156794425087108 0.03868194842406877
1 0.8484320557491289 0.2922636103151863 0.017421602787456445 0.03724928366762178
1 0.8632404181184669 0.32951289398280803 0.017421602787456445 0.045845272206303724
1 0.8924216027874564 0.37607449856733527 0.02177700348432056 0.05873925501432665
1 0.8445121951219512 0.34813753581661894 0.02003484320557491 0.04871060171919771
1 0.8697735191637631 0.4383954154727794 0.02700348432055749 0.06303724928366762
1 0.8109756097560976 0.42335243553008595 0.027874564459930314 0.06160458452722063
1 0.85801393728223 0.501432664756447 0.027874564459930314 0.0659025787965616
1 0.9490418118466899 0.4477077363896848 0.028745644599303136 0.0673352435530086
1 0.752177700348432 0.40257879656160456 0.03048780487804878 0.054441260744985676
1 0.6106271777003485 0.4369627507163324 0.03484320557491289 0.0659025787965616
1 0.6576655052264808 0.4584527220630373 0.036585365853658534 0.07736389684813753
1 0.7212543554006968 0.5329512893982808 0.04529616724738676 0.08022922636103152