1 0.07177322074788903 0.4051172707889126 0.032569360675512665 0.08528784648187633
1 0.08262967430639324 0.5042643923240938 0.05669481302774427 0.10874200426439233
1 0.1344993968636912 0.4125799573560768 0.032569360675512665 0.08742004264392324
1 0.14173703256936068 0.3070362473347548 0.015681544028950542 0.03411513859275053
1 0.24607961399276237 0.34968017057569295 0.03618817852834741 0.07249466950959488
1 0.2744270205066345 0.267590618336887 0.027744270205066344 0.053304904051172705
1 0.4161640530759952 0.26332622601279315 0.024125452352231604 0.04477611940298507
1 0.3866103739445115 0.20362473347547974 0.020506634499396863 0.03624733475479744
1 0.3896260554885404 0.24307036247334754 0.016887816646562123 0.03411513859275053
1 0.4517490952955368 0.21748400852878466 0.015681544028950542 0.03837953091684435
1 0.5669481302774427 0.13113006396588486 0.009650180940892641 0.019189765458422176
1 0.5892641737032569 0.267590618336887 0.020506634499396863 0.04477611940298507