1 0.0625 0.3145833333333333 0.0375 0.058333333333333334
1 0.134375 0.309375 0.0375 0.052083333333333336
1 0.15859375 0.3177083333333333 0.0296875 0.052083333333333336
1 0.19375 0.284375 0.03125 0.04375
1 0.2296875 0.2760416666666667 0.028125 0.04375
1 0.05703125 0.665625 0.1046875 0.12708333333333333
1 0.32265625 0.646875 0.0953125 0.11875
1 0.3921875 0.521875 0.075 0.09791666666666667
1 0.39609375 0.446875 0.0609375 0.08541666666666667
1 0.3375 0.40625 0.0625 0.075
1 0.39375 0.28541666666666665 0.040625 0.0625
1 0.496875 0.23125 0.034375 0.04583333333333333
1 0.44609375 0.3729166666666667 0.0359375 0.05416666666666667
1 0.5453125 0.521875 0.0875 0.10208333333333333
1 0.53984375 0.37395833333333334 0.0328125 0.04791666666666667
1 0.62578125 0.31979166666666664 0.0328125 0.04791666666666667
1 0.565625 0.3385416666666667 0.028125 0.04375
1 0.6703125 0.3875 0.04375 0.058333333333333334
1 0.7015625 0.43854166666666666 0.05 0.07291666666666667
1 0.77421875 0.5041666666666667 0.0640625 0.075
1 0.83515625 0.5958333333333333 0.0828125 0.12916666666666668
1 0.57109375 0.8739583333333333 0.1359375 0.13125
1 0.83359375 0.30416666666666664 0.0359375 0.04583333333333333
1 0.96015625 0.353125 0.0515625 0.06875