1 0.31875 0.805 0.1625 0.2966666666666667
1 0.17875 0.64 0.095 0.16
1 0.045 0.5433333333333333 0.045 0.08333333333333333
1 0.06 0.49666666666666665 0.0375 0.056666666666666664
1 0.020625 0.455 0.02875 0.05
1 0.050625 0.465 0.02625 0.03333333333333333
1 0.061875 0.44166666666666665 0.02625 0.03
1 0.079375 0.45416666666666666 0.01625 0.025
1 0.1025 0.4558333333333333 0.0325 0.045
1 0.098125 0.49666666666666665 0.04125 0.06333333333333334
1 0.139375 0.5116666666666667 0.04125 0.07333333333333333
1 0.138125 0.4633333333333333 0.03125 0.04666666666666667
1 0.131875 0.3983333333333333 0.01875 0.02666666666666667
1 0.2275 0.385 0.02 0.03
1 0.30875 0.37583333333333335 0.015 0.035
1 0.34625 0.4325 0.02 0.035
1 0.366875 0.43333333333333335 0.01625 0.03
1 0.389375 0.43916666666666665 0.01875 0.028333333333333332
1 0.655625 0.41083333333333333 0.02125 0.03166666666666667
1 0.663125 0.4483333333333333 0.02375 0.043333333333333335
1 0.6425 0.4533333333333333 0.0175 0.03333333333333333
1 0.735625 0.5908333333333333 0.05125 0.085
1 0.763125 0.5333333333333333 0.03375 0.04666666666666667
1 0.74125 0.5258333333333334 0.0325 0.045
1 0.74875 0.5016666666666667 0.035 0.04
1 0.939375 0.5616666666666666 0.03375 0.06666666666666667
1 0.955 0.5458333333333333 0.04 0.065
1 0.684375 0.525 0.03125 0.04666666666666667
1 0.704375 0.5083333333333333 0.03125 0.04666666666666667
1 0.62625 0.5125 0.03 0.045
1 0.630625 0.5491666666666667 0.04625 0.06833333333333333
1 0.59625 0.5966666666666667 0.04 0.06666666666666667
1 0.555625 0.565 0.05875 0.08333333333333333
1 0.55625 0.5225 0.04 0.04833333333333333
1 0.568125 0.49916666666666665 0.02375 0.041666666666666664
1 0.5075 0.515 0.0375 0.056666666666666664
1 0.495 0.49333333333333335 0.0225 0.03666666666666667
1 0.48375 0.48333333333333334 0.0225 0.03333333333333333
1 0.461875 0.5216666666666666 0.03125 0.05
1 0.415 0.6208333333333333 0.125 0.17166666666666666
1 0.4275 0.49083333333333334 0.03 0.051666666666666666
1 0.378125 0.4766666666666667 0.02625 0.03666666666666667
1 0.31 0.49416666666666664 0.0325 0.051666666666666666
1 0.319375 0.5433333333333333 0.04125 0.06333333333333334
1 0.276875 0.5291666666666667 0.04125 0.06833333333333333
1 0.25125 0.49166666666666664 0.0325 0.05
1 0.24375 0.4666666666666667 0.0225 0.03666666666666667
1 0.213125 0.47 0.02875 0.05
1 0.17625 0.4716666666666667 0.02 0.03666666666666667
1 0.323125 0.4775 0.02125 0.028333333333333332