1 0.05270655270655271 0.37083333333333335 0.027540360873694207 0.04833333333333333
1 0.25925925925925924 0.2791666666666667 0.015194681861348529 0.03166666666666667
1 0.2825261158594492 0.27166666666666667 0.019943019943019943 0.04
1 0.30721747388414056 0.25416666666666665 0.016144349477682812 0.041666666666666664
1 0.3547008547008547 0.2683333333333333 0.019943019943019943 0.05
1 0.40788224121557454 0.28833333333333333 0.02184235517568851 0.05
1 0.3452041785375119 0.2175 0.014245014245014245 0.025
1 0.32051282051282054 0.21583333333333332 0.014245014245014245 0.03166666666666667
1 0.38224121557454893 0.21583333333333332 0.018043684710351376 0.035
1 0.3950617283950617 0.19416666666666665 0.017094017094017096 0.028333333333333332
1 0.41832858499525166 0.22666666666666666 0.014245014245014245 0.03
1 0.4420702754036087 0.22 0.018043684710351376 0.03666666666666667
1 0.46438746438746437 0.2325 0.022792022792022793 0.035
1 0.41737891737891736 0.16916666666666666 0.012345679012345678 0.025
1 0.43542260208926875 0.1875 0.012345679012345678 0.028333333333333332
1 0.45014245014245013 0.18583333333333332 0.015194681861348529 0.03166666666666667
1 0.4681861348528015 0.19166666666666668 0.017094017094017096 0.04
1 0.5009496676163343 0.18916666666666668 0.016144349477682812 0.035
1 0.5512820512820513 0.19166666666666668 0.018043684710351376 0.03333333333333333
1 0.5427350427350427 0.1575 0.014245014245014245 0.03166666666666667
1 0.5384615384615384 0.13083333333333333 0.015194681861348529 0.03166666666666667
1 0.5085470085470085 0.16166666666666665 0.016144349477682812 0.03
1 0.4829059829059829 0.16416666666666666 0.016144349477682812 0.025
1 0.47863247863247865 0.14083333333333334 0.00949667616334283 0.025
1 0.49002849002849 0.13416666666666666 0.011396011396011397 0.025
1 0.4577397910731244 0.13916666666666666 0.015194681861348529 0.025
1 0.570275403608737 0.1025 0.012345679012345678 0.025
1 0.5584045584045584 0.13833333333333334 0.013295346628679962 0.023333333333333334
1 0.5811965811965812 0.15416666666666667 0.015194681861348529 0.035
1 0.6253561253561254 0.13166666666666665 0.012345679012345678 0.03
1 0.5925925925925926 0.1275 0.013295346628679962 0.025
1 0.6101614434947769 0.09166666666666666 0.010446343779677113 0.023333333333333334
1 0.6367521367521367 0.09416666666666666 0.010446343779677113 0.021666666666666667
1 0.6500474833808167 0.10166666666666667 0.010446343779677113 0.023333333333333334
1 0.6661918328584995 0.11666666666666667 0.008547008547008548 0.023333333333333334
1 0.6818613485280152 0.11166666666666666 0.013295346628679962 0.023333333333333334
1 0.7003798670465338 0.09916666666666667 0.012345679012345678 0.028333333333333332
1 0.4819563152896486 0.3 0.02184235517568851 0.05
1 0.567426400759734 0.28833333333333333 0.02184235517568851 0.05
1 0.6111111111111112 0.335 0.03133903133903134 0.056666666666666664
1 0.6828110161443495 0.3283333333333333 0.030389363722697058 0.05333333333333334
1 0.570275403608737 0.23416666666666666 0.018043684710351376 0.03833333333333333
1 0.6125356125356125 0.25666666666666665 0.020892687559354226 0.043333333333333335
1 0.6130104463437797 0.20416666666666666 0.019943019943019943 0.035
1 0.6733143399810066 0.25416666666666665 0.022792022792022793 0.041666666666666664
1 0.7421652421652422 0.30916666666666665 0.027540360873694207 0.04833333333333333
1 0.7886989553656221 0.28583333333333333 0.02564102564102564 0.051666666666666666
1 0.7127255460588794 0.2225 0.019943019943019943 0.041666666666666664
1 0.6775878442545109 0.19666666666666666 0.018043684710351376 0.04
1 0.6595441595441596 0.1775 0.016144349477682812 0.035
1 0.6851851851851852 0.1475 0.016144349477682812 0.03166666666666667
1 0.7008547008547008 0.17666666666666667 0.017094017094017096 0.03333333333333333
1 0.7393162393162394 0.19416666666666665 0.018043684710351376 0.03833333333333333
1 0.7673314339981007 0.21083333333333334 0.024691358024691357 0.045
1 0.7507122507122507 0.15083333333333335 0.014245014245014245 0.03166666666666667
1 0.7184235517568851 0.1375 0.014245014245014245 0.03166666666666667
1 0.7426400759734093 0.11833333333333333 0.015194681861348529 0.03
1 0.7602089268755935 0.10416666666666667 0.014245014245014245 0.03166666666666667
1 0.7763532763532763 0.12583333333333332 0.012345679012345678 0.028333333333333332
1 0.7882241215574549 0.15083333333333335 0.017094017094017096 0.035
1 0.7910731244064577 0.1125 0.011396011396011397 0.025
1 0.8124406457739791 0.12416666666666666 0.010446343779677113 0.025
1 0.8105413105413105 0.17166666666666666 0.014245014245014245 0.03333333333333333
1 0.828584995251662 0.16416666666666666 0.012345679012345678 0.028333333333333332
1 0.8409306742640076 0.13666666666666666 0.012345679012345678 0.03
1 0.8238366571699905 0.12333333333333334 0.008547008547008548 0.023333333333333334
1 0.8561253561253561 0.17916666666666667 0.012345679012345678 0.03833333333333333
1 0.8247863247863247 0.2375 0.02184235517568851 0.045
1 0.8827160493827161 0.21166666666666667 0.018043684710351376 0.043333333333333335
1 0.9036087369420702 0.195 0.012345679012345678 0.03
1 0.9387464387464387 0.18916666666666668 0.012345679012345678 0.03166666666666667
1 0.9453941120607787 0.2725 0.018043684710351376 0.045
1 0.9401709401709402 0.1525 0.011396011396011397 0.025
1 0.9036087369420702 0.1625 0.016144349477682812 0.028333333333333332
1 0.9097815764482431 0.12916666666666668 0.013295346628679962 0.03166666666666667
1 0.8755935422602089 0.15583333333333332 0.013295346628679962 0.021666666666666667
1 0.8736942070275404 0.12 0.013295346628679962 0.03