1 0.8931947069943289 0.21345514950166114 0.015122873345935728 0.044850498338870434
1 0.8227788279773157 0.12292358803986711 0.010396975425330813 0.029900332225913623
1 0.7344045368620038 0.27740863787375414 0.026465028355387523 0.05647840531561462
1 0.7906427221172023 0.28903654485049834 0.023629489603024575 0.053156146179401995
1 0.8090737240075614 0.18023255813953487 0.015122873345935728 0.03820598006644518
1 0.777882797731569 0.16196013289036545 0.015122873345935728 0.03488372093023256
1 0.754725897920605 0.14451827242524917 0.014177693761814745 0.03322259136212625
1 0.724952741020794 0.1420265780730897 0.015122873345935728 0.02823920265780731
1 0.7362948960302458 0.16196013289036545 0.017013232514177693 0.03488372093023256
1 0.695179584120983 0.1511627906976744 0.01606805293005671 0.036544850498338874
1 0.5831758034026465 0.15282392026578073 0.013232514177693762 0.029900332225913623
1 0.5637996219281664 0.14700996677740863 0.012287334593572778 0.03156146179401993
1 0.5373345935727788 0.14119601328903655 0.012287334593572778 0.026578073089700997
1 0.5396975425330813 0.19933554817275748 0.015122873345935728 0.036544850498338874
1 0.46266540642722115 0.15780730897009967 0.010396975425330813 0.023255813953488372
1 0.4758979206049149 0.14950166112956811 0.010396975425330813 0.023255813953488372
1 0.45652173913043476 0.18687707641196014 0.015122873345935728 0.03488372093023256
1 0.48015122873345933 0.19767441860465115 0.013232514177693762 0.03322259136212625
1 0.42438563327032136 0.2292358803986711 0.017013232514177693 0.036544850498338874
1 0.4607750472589792 0.22508305647840532 0.01606805293005671 0.03820598006644518
1 0.4834593572778828 0.3280730897009967 0.021739130434782608 0.05149501661129568
1 0.44517958412098296 0.2666112956810631 0.01890359168241966 0.044850498338870434
1 0.31379962192816635 0.2898671096345515 0.015122873345935728 0.03488372093023256
1 0.3686200378071834 0.26245847176079734 0.015122873345935728 0.036544850498338874
1 0.6611531190926276 0.25664451827242524 0.01984877126654064 0.04817275747508306
1 0.20841209829867674 0.462624584717608 0.0444234404536862 0.10465116279069768
1 0.2547258979206049 0.42940199335548174 0.04253308128544423 0.10132890365448505