1 0.02637749120750293 0.55703125 0.05041031652989449 0.1265625
1 0.11547479484173505 0.453125 0.06213364595545135 0.084375
1 0.05861664712778429 0.35859375 0.04220398593200469 0.0609375
1 0.1764361078546307 0.39296875 0.03399765533411489 0.0578125
1 0.20808909730363423 0.42890625 0.05275498241500586 0.0734375
1 0.2227432590855803 0.38125 0.035169988276670575 0.04375
1 0.32180539273153574 0.4234375 0.04806565064478312 0.06875
1 0.3886283704572098 0.415625 0.038686987104337635 0.059375
1 0.4261430246189918 0.37890625 0.041031652989449004 0.0515625
1 0.46483001172332944 0.53125 0.08089097303634232 0.125
1 0.5293083235638921 0.4703125 0.05744431418522861 0.084375
1 0.597303634232122 0.4734375 0.04806565064478312 0.065625
1 0.5257913247362251 0.39921875 0.03399765533411489 0.0546875
1 0.5685814771395076 0.3984375 0.032825322391559206 0.053125
1 0.7104337631887456 0.44765625 0.05158264947245018 0.0703125
1 0.7338804220398594 0.42265625 0.035169988276670575 0.0546875
1 0.7825322391559203 0.421875 0.03634232121922626 0.04375
1 0.813599062133646 0.4109375 0.023446658851113716 0.04375
1 0.865767878077374 0.42109375 0.029308323563892145 0.0421875