1 0.022648586266589728 0.42484725050916494 0.04183496826312753 0.06924643584521385
1 0.11713791113675708 0.42729124236252547 0.06635891517599539 0.09287169042769858
1 0.15724177726485863 0.4714867617107943 0.03981534910559723 0.06720977596741344
1 0.2233121754183497 0.4496945010183299 0.07212925562608194 0.10916496945010183
1 0.30294287362954414 0.45723014256619143 0.04962492787074437 0.0835030549898167
1 0.3397287939988459 0.4619144602851324 0.02971725331794576 0.05621181262729124
1 0.3729082515868436 0.45132382892057027 0.041257934218118866 0.06517311608961303
1 0.3861800346220427 0.48126272912423623 0.04183496826312753 0.0680244399185336
1 0.4381130986728217 0.4527494908350306 0.027409117137911138 0.04602851323828921
1 0.4875937680323139 0.42932790224032585 0.06001154068090017 0.09857433808553971
1 0.5496249278707444 0.4645621181262729 0.04270051933064051 0.07128309572301425
1 0.6328620888632429 0.43238289205702646 0.05049047893825736 0.07209775967413443
1 0.7469705712637046 0.42729124236252547 0.05770340450086555 0.09694501018329939
1 0.7804385458742066 0.45213849287169044 0.03981534910559723 0.07331975560081466
1 0.8323716099249856 0.4429735234215886 0.058280438545874204 0.07535641547861507
1 0.896999422965955 0.439918533604888 0.04327755337564916 0.0814663951120163
1 0.9420080784766302 0.38289205702647655 0.10444316214656665 0.17515274949083504