1 0.05546875 0.6666666666666666 0.0453125 0.06572769953051644
1 0.01796875 0.5915492957746479 0.0328125 0.06572769953051644
1 0.07421875 0.5762910798122066 0.0296875 0.04929577464788732
1 0.09296875 0.6197183098591549 0.0328125 0.051643192488262914
1 0.10234375 0.6654929577464789 0.0515625 0.07746478873239436
1 0.1734375 0.613849765258216 0.04375 0.07276995305164319
1 0.1359375 0.7711267605633803 0.0625 0.09154929577464789
1 0.1953125 0.8427230046948356 0.1 0.14084507042253522
1 0.2875 0.7265258215962441 0.0625 0.08685446009389672
1 0.3890625 0.8215962441314554 0.10625 0.1267605633802817
1 0.278125 0.5645539906103286 0.015625 0.03051643192488263
1 0.21796875 0.44835680751173707 0.0234375 0.028169014084507043
1 0.32578125 0.5774647887323944 0.0265625 0.03755868544600939
1 0.325 0.5316901408450704 0.021875 0.035211267605633804
1 0.3046875 0.5305164319248826 0.015625 0.028169014084507043
1 0.36484375 0.5692488262910798 0.0265625 0.03990610328638498
1 0.36640625 0.5363849765258216 0.0140625 0.025821596244131457
1 0.35625 0.5328638497652582 0.01875 0.03755868544600939
1 0.2921875 0.5516431924882629 0.015625 0.023474178403755867
1 0.40859375 0.5903755868544601 0.0265625 0.03990610328638498
1 0.4125 0.5481220657276995 0.021875 0.035211267605633804
1 0.41484375 0.5140845070422535 0.0203125 0.028169014084507043
1 0.43671875 0.5434272300469484 0.0265625 0.03990610328638498
1 0.4578125 0.5258215962441315 0.015625 0.028169014084507043
1 0.47109375 0.5645539906103286 0.0265625 0.04460093896713615
1 0.47265625 0.5363849765258216 0.0140625 0.03051643192488263
1 0.49140625 0.5563380281690141 0.0203125 0.03755868544600939
1 0.50078125 0.5363849765258216 0.0234375 0.025821596244131457
1 0.484375 0.5152582159624414 0.015625 0.02112676056338028
1 0.521875 0.5293427230046949 0.021875 0.035211267605633804
1 0.53984375 0.5610328638497653 0.0234375 0.04225352112676056
1 0.5125 0.5950704225352113 0.03125 0.03990610328638498
1 0.5203125 0.636150234741784 0.040625 0.056338028169014086
1 0.55625 0.596244131455399 0.034375 0.056338028169014086
1 0.5796875 0.568075117370892 0.021875 0.03755868544600939
1 0.5796875 0.5469483568075117 0.01875 0.028169014084507043
1 0.565625 0.5352112676056338 0.015625 0.028169014084507043
1 0.5578125 0.5246478873239436 0.0125 0.02112676056338028
1 0.60859375 0.596244131455399 0.0328125 0.046948356807511735
1 0.61484375 0.5375586854460094 0.0265625 0.03755868544600939
1 0.615625 0.49413145539906106 0.01875 0.03051643192488263
1 0.63203125 0.5023474178403756 0.0171875 0.023474178403755867
1 0.64375 0.49765258215962443 0.01875 0.028169014084507043
1 0.64375 0.5492957746478874 0.025 0.046948356807511735
1 0.66796875 0.5446009389671361 0.0234375 0.03286384976525822
1 0.6734375 0.5187793427230047 0.015625 0.03755868544600939
1 0.684375 0.5035211267605634 0.015625 0.025821596244131457
1 0.6921875 0.5328638497652582 0.01875 0.03286384976525822
1 0.7234375 0.5481220657276995 0.03125 0.0539906103286385
1 0.73671875 0.5258215962441315 0.0203125 0.04225352112676056
1 0.7078125 0.5082159624413145 0.01875 0.03051643192488263
1 0.72265625 0.505868544600939 0.0234375 0.03990610328638498
1 0.73828125 0.5035211267605634 0.0203125 0.035211267605633804
1 0.77890625 0.5117370892018779 0.0171875 0.023474178403755867
1 0.72265625 0.6197183098591549 0.0390625 0.06103286384976526
1 0.6890625 0.6326291079812206 0.0375 0.06338028169014084
1 0.8171875 0.6197183098591549 0.053125 0.09389671361502347
1 0.7875 0.5868544600938967 0.0375 0.06572769953051644
1 0.890625 0.6267605633802817 0.053125 0.0892018779342723
1 0.915625 0.6068075117370892 0.04375 0.06807511737089202
1 0.934375 0.5821596244131455 0.040625 0.06572769953051644
1 0.86484375 0.5692488262910798 0.0390625 0.05868544600938967
1 0.8109375 0.5586854460093896 0.028125 0.03755868544600939
1 0.83671875 0.5375586854460094 0.0234375 0.04225352112676056
1 0.8296875 0.5093896713615024 0.025 0.04225352112676056
1 0.8734375 0.5011737089201878 0.021875 0.035211267605633804
1 0.8953125 0.5363849765258216 0.025 0.04460093896713615
1 0.91171875 0.5117370892018779 0.0234375 0.03286384976525822
1 0.91328125 0.49178403755868544 0.0265625 0.03051643192488263