1 0.07982261640798226 0.2520080321285141 0.019955654101995565 0.04618473895582329
1 0.1385809312638581 0.24799196787148595 0.024390243902439025 0.04618473895582329
1 0.3170731707317073 0.1465863453815261 0.022172949002217297 0.040160642570281124
1 0.41186252771618626 0.22389558232931728 0.02106430155210643 0.04216867469879518
1 0.45454545454545453 0.22389558232931728 0.024390243902439025 0.050200803212851405
1 0.565410199556541 0.1646586345381526 0.019955654101995565 0.040160642570281124
1 0.5631929046563193 0.19176706827309237 0.019955654101995565 0.04618473895582329
1 0.6241685144124168 0.22088353413654618 0.026607538802660754 0.04819277108433735
1 0.626940133037694 0.2620481927710843 0.02993348115299335 0.05421686746987952
1 0.6685144124168514 0.17369477911646586 0.019955654101995565 0.04618473895582329
1 0.6779379157427938 0.22188755020080322 0.02771618625277162 0.050200803212851405
1 0.938470066518847 0.23694779116465864 0.02106430155210643 0.05220883534136546