1 0.7123572170301142 0.3022181146025878 0.033229491173416406 0.06469500924214418
1 0.5960539979231568 0.22735674676524953 0.020768431983385256 0.04436229205175601
1 0.6230529595015576 0.21903881700554528 0.02284527518172378 0.04251386321626617
1 0.657840083073728 0.1866913123844732 0.017653167185877467 0.036968576709796676
1 0.6822429906542056 0.22181146025878004 0.018691588785046728 0.04066543438077634
1 0.7222222222222222 0.2245841035120148 0.01973001038421599 0.038817005545286505
1 0.7133956386292835 0.1913123844731978 0.018691588785046728 0.03512014787430684
1 0.6978193146417445 0.1756007393715342 0.018691588785046728 0.033271719038817
1 0.7383177570093458 0.1756007393715342 0.016614745586708203 0.033271719038817
1 0.7279335410176532 0.14048059149722736 0.012461059190031152 0.033271719038817
1 0.745067497403946 0.14510166358595195 0.013499480789200415 0.024029574861367836
1 0.7637590861889927 0.1321626617375231 0.013499480789200415 0.027726432532347505
1 0.3177570093457944 0.2144177449168207 0.016614745586708203 0.025878003696857672
1 0.37019730010384216 0.19316081330868762 0.013499480789200415 0.031423290203327174
1 0.37590861889927313 0.1756007393715342 0.014537902388369679 0.025878003696857672
1 0.4200415368639668 0.17282809611829944 0.01557632398753894 0.031423290203327174
1 0.4371754932502596 0.17467652495378927 0.012461059190031152 0.027726432532347505
1 0.4449636552440291 0.15619223659889095 0.013499480789200415 0.024029574861367836
1 0.4418483904465213 0.1377079482439926 0.013499480789200415 0.02033271719038817
1 0.4714434060228453 0.13401109057301294 0.012461059190031152 0.02033271719038817
1 0.4745586708203531 0.15804066543438078 0.012461059190031152 0.027726432532347505
1 0.45846313603322947 0.16635859519408502 0.013499480789200415 0.022181146025878003
1 0.46936656282450673 0.2033271719038817 0.016614745586708203 0.036968576709796676
1 0.4740394600207684 0.19038817005545286 0.013499480789200415 0.022181146025878003
1 0.5254413291796469 0.18207024029574861 0.016614745586708203 0.031423290203327174
1 0.5581516095534788 0.18576709796672827 0.01557632398753894 0.031423290203327174
1 0.48701973001038423 0.14695009242144177 0.014537902388369679 0.027726432532347505
1 0.4984423676012461 0.12754158964879853 0.010384215991692628 0.018484288354898338
1 0.5254413291796469 0.12292051756007394 0.012461059190031152 0.02033271719038817
1 0.5321910695742471 0.11922365988909427 0.007268951194184839 0.02033271719038817
1 0.5290758047767393 0.15434380776340112 0.013499480789200415 0.024029574861367836
1 0.5368639667705088 0.1478743068391867 0.012461059190031152 0.025878003696857672
1 0.5456905503634476 0.1367837338262477 0.01142263759086189 0.022181146025878003
1 0.5784008307372793 0.13863216266173753 0.010384215991692628 0.025878003696857672
1 0.5846313603322949 0.12292051756007394 0.012461059190031152 0.024029574861367836
1 0.5976116303219107 0.13401109057301294 0.01142263759086189 0.02033271719038817
1 0.6157840083073728 0.10351201478743069 0.010384215991692628 0.022181146025878003
1 0.6308411214953271 0.13031423290203328 0.01142263759086189 0.024029574861367836
1 0.6344755970924195 0.15711645101663585 0.014537902388369679 0.025878003696857672
1 0.660436137071651 0.1423290203327172 0.010384215991692628 0.025878003696857672
1 0.6547248182762202 0.12476894639556377 0.009345794392523364 0.02033271719038817
1 0.6609553478712358 0.11367837338262476 0.009345794392523364 0.02033271719038817
1 0.6780893042575286 0.10905730129390019 0.010384215991692628 0.025878003696857672
1 0.7092419522326064 0.12199630314232902 0.010384215991692628 0.022181146025878003
1 0.685877466251298 0.1478743068391867 0.013499480789200415 0.018484288354898338
1 0.778816199376947 0.15249537892791126 0.012461059190031152 0.031423290203327174
1 0.7954309449636553 0.1598890942698706 0.012461059190031152 0.027726432532347505
1 0.8006230529595015 0.133086876155268 0.010384215991692628 0.022181146025878003
1 0.8146417445482866 0.1589648798521257 0.01142263759086189 0.029574861367837338
1 0.8006230529595015 0.20147874306839186 0.014537902388369679 0.029574861367837338
1 0.8167185877466251 0.19963031423290203 0.013499480789200415 0.029574861367837338
1 0.8354101765316718 0.17282809611829944 0.01142263759086189 0.03512014787430684
1 0.8286604361370716 0.1367837338262477 0.012461059190031152 0.025878003696857672
1 0.857736240913811 0.13955637707948243 0.010384215991692628 0.031423290203327174
1 0.8655244029075805 0.20055452865064696 0.01142263759086189 0.038817005545286505
1 0.8795430944963655 0.2707948243992606 0.014537902388369679 0.04251386321626617
1 0.8878504672897196 0.2301293900184843 0.014537902388369679 0.04621072088724584
1 0.8982346832814122 0.20609981515711645 0.012461059190031152 0.031423290203327174
1 0.940809968847352 0.22365988909426987 0.012461059190031152 0.036968576709796676
1 0.9413291796469366 0.18946395563770796 0.01142263759086189 0.02033271719038817
1 0.9174454828660437 0.17652495378927913 0.013499480789200415 0.031423290203327174
1 0.944963655244029 0.1709796672828096 0.010384215991692628 0.024029574861367836
1 0.8966770508826584 0.1598890942698706 0.01142263759086189 0.027726432532347505