1 0.18190386427898209 0.2775 0.020735155513666354 0.041666666666666664
1 0.23185673892554196 0.23666666666666666 0.016965127238454288 0.03666666666666667
1 0.32516493873704055 0.22916666666666666 0.015080113100848256 0.03166666666666667
1 0.3091423185673893 0.23166666666666666 0.015080113100848256 0.02666666666666667
1 0.34542884071630536 0.23333333333333334 0.019792648444863337 0.03666666666666667
1 0.3760603204524034 0.23666666666666666 0.020735155513666354 0.043333333333333335
1 0.3586239396795476 0.30083333333333334 0.021677662582469368 0.041666666666666664
1 0.39066918001885015 0.2866666666666667 0.02544769085768143 0.04666666666666667
1 0.380301602262017 0.18666666666666668 0.016022620169651274 0.03333333333333333
1 0.39585296889726673 0.18166666666666667 0.015080113100848256 0.03666666666666667
1 0.41517436380772854 0.19666666666666666 0.016022620169651274 0.03666666666666667
1 0.45758718190386427 0.19833333333333333 0.019792648444863337 0.02666666666666667
1 0.4613572101790763 0.2325 0.0235626767200754 0.051666666666666666
1 0.4924599434495759 0.2991666666666667 0.029217719132893498 0.055
1 0.4872761545711593 0.1975 0.024505183788878417 0.045
1 0.44910461828463716 0.17666666666666667 0.016022620169651274 0.03333333333333333
1 0.48868991517436383 0.15333333333333332 0.017907634307257305 0.03666666666666667
1 0.5197926484448633 0.17 0.019792648444863337 0.03333333333333333
1 0.5480678605089538 0.16416666666666666 0.019792648444863337 0.03833333333333333
1 0.5885956644674835 0.16666666666666666 0.019792648444863337 0.03
1 0.5749293119698398 0.13083333333333333 0.015080113100848256 0.03166666666666667
1 0.6196983977379831 0.24583333333333332 0.02544769085768143 0.051666666666666666
1 0.6253534401508011 0.205 0.017907634307257305 0.04
1 0.6649387370405277 0.2125 0.019792648444863337 0.045
1 0.6540999057492931 0.2725 0.024505183788878417 0.055
1 0.6960414703110274 0.16166666666666665 0.016022620169651274 0.03333333333333333
1 0.6998114985862394 0.22833333333333333 0.0235626767200754 0.04666666666666667
1 0.7092365692742696 0.2758333333333333 0.0235626767200754 0.045
1 0.7554194156456173 0.24083333333333334 0.02544769085768143 0.04833333333333333
1 0.7323279924599434 0.19833333333333333 0.022620169651272386 0.04666666666666667
1 0.7690857681432611 0.16083333333333333 0.01885014137606032 0.041666666666666664
1 0.760603204524034 0.3075 0.024505183788878417 0.058333333333333334
1 0.8350612629594723 0.32416666666666666 0.02827521206409048 0.065
1 0.9081055607917059 0.31416666666666665 0.051837888784165884 0.11166666666666666
1 0.9231856738925542 0.235 0.019792648444863337 0.056666666666666664
1 0.9604147031102733 0.20083333333333334 0.03204524033930255 0.07833333333333334