1 0.11979166666666667 0.5486577181208053 0.047275641025641024 0.1174496644295302
1 0.19951923076923078 0.2986577181208054 0.020833333333333332 0.053691275167785234
1 0.23036858974358973 0.2902684563758389 0.023237179487179488 0.050335570469798654
1 0.26842948717948717 0.24916107382550334 0.019230769230769232 0.04530201342281879
1 0.30649038461538464 0.24748322147651006 0.020032051282051284 0.04530201342281879
1 0.30809294871794873 0.2156040268456376 0.020032051282051284 0.03859060402684564
1 0.33052884615384615 0.2332214765100671 0.023237179487179488 0.04697986577181208
1 0.35136217948717946 0.21476510067114093 0.016826923076923076 0.0436241610738255
1 0.3645833333333333 0.20889261744966442 0.019230769230769232 0.04194630872483222
1 0.3886217948717949 0.24748322147651006 0.016025641025641024 0.04530201342281879
1 0.3717948717948718 0.2701342281879195 0.017628205128205128 0.04697986577181208
1 0.43830128205128205 0.3179530201342282 0.022435897435897436 0.05536912751677853
1 0.38982371794871795 0.19546979865771813 0.016826923076923076 0.03859060402684564
1 0.4326923076923077 0.19966442953020133 0.016025641025641024 0.040268456375838924
1 0.43830128205128205 0.17114093959731544 0.016025641025641024 0.040268456375838924
1 0.47115384615384615 0.2533557046979866 0.022435897435897436 0.050335570469798654
1 0.4935897435897436 0.2139261744966443 0.019230769230769232 0.04194630872483222
1 0.4807692307692308 0.17953020134228187 0.017628205128205128 0.0436241610738255
1 0.4671474358974359 0.18036912751677853 0.014423076923076924 0.04194630872483222
1 0.45552884615384615 0.17281879194630873 0.015224358974358974 0.03355704697986577
1 0.49399038461538464 0.15771812080536912 0.016826923076923076 0.03355704697986577
1 0.5192307692307693 0.17785234899328858 0.020833333333333332 0.04697986577181208
1 0.5504807692307693 0.2214765100671141 0.016025641025641024 0.040268456375838924
1 0.5612980769230769 0.1686241610738255 0.016826923076923076 0.04194630872483222
1 0.5532852564102564 0.14513422818791946 0.013621794871794872 0.031879194630872486
1 0.5777243589743589 0.13842281879194632 0.014423076923076924 0.03523489932885906
1 0.5817307692307693 0.20889261744966442 0.017628205128205128 0.04530201342281879
1 0.5805288461538461 0.18120805369127516 0.015224358974358974 0.03691275167785235
1 0.5965544871794872 0.13590604026845637 0.015224358974358974 0.03691275167785235
1 0.608573717948718 0.16275167785234898 0.016826923076923076 0.040268456375838924
1 0.6041666666666666 0.19379194630872484 0.014423076923076924 0.04194630872483222
1 0.6229967948717948 0.2063758389261745 0.016826923076923076 0.0436241610738255
1 0.657051282051282 0.18624161073825504 0.01282051282051282 0.03355704697986577
1 0.6566506410256411 0.1518456375838926 0.013621794871794872 0.03859060402684564
1 0.6302083333333334 0.13842281879194632 0.015224358974358974 0.03523489932885906
1 0.6654647435897436 0.13842281879194632 0.013621794871794872 0.031879194630872486
1 0.6891025641025641 0.14429530201342283 0.014423076923076924 0.03355704697986577
1 0.7135416666666666 0.16191275167785235 0.016826923076923076 0.04194630872483222
1 0.6907051282051282 0.17785234899328858 0.016025641025641024 0.03691275167785235
1 0.6979166666666666 0.22651006711409397 0.019230769230769232 0.053691275167785234
1 0.6642628205128205 0.23741610738255034 0.02403846153846154 0.05536912751677853
1 0.6201923076923077 0.3036912751677852 0.02564102564102564 0.053691275167785234
1 0.5765224358974359 0.33640939597315433 0.03125 0.06208053691275168
1 0.6065705128205128 0.3884228187919463 0.028846153846153848 0.06543624161073826
1 0.6566506410256411 0.40604026845637586 0.03125 0.06375838926174497
1 0.7251602564102564 0.4035234899328859 0.03205128205128205 0.08221476510067115
1 0.7275641025641025 0.28859060402684567 0.02403846153846154 0.053691275167785234
1 0.7520032051282052 0.3036912751677852 0.020032051282051284 0.06040268456375839
1 0.7403846153846154 0.2424496644295302 0.019230769230769232 0.04194630872483222
1 0.7419871794871795 0.20469798657718122 0.020833333333333332 0.040268456375838924
1 0.7704326923076923 0.19379194630872484 0.016826923076923076 0.04530201342281879
1 0.7808493589743589 0.21728187919463088 0.016826923076923076 0.04530201342281879
1 0.7884615384615384 0.27432885906040266 0.017628205128205128 0.05536912751677853
1 0.8141025641025641 0.3053691275167785 0.019230769230769232 0.053691275167785234
1 0.8189102564102564 0.23238255033557048 0.019230769230769232 0.04194630872483222
1 0.8084935897435898 0.1988255033557047 0.017628205128205128 0.05201342281879195
1 0.8441506410256411 0.22399328859060402 0.015224358974358974 0.04865771812080537
1 0.8685897435897436 0.23741610738255034 0.016025641025641024 0.04194630872483222
1 0.8774038461538461 0.23154362416107382 0.01282051282051282 0.03355704697986577
1 0.8625801282051282 0.3447986577181208 0.01842948717948718 0.04865771812080537
1 0.8894230769230769 0.4052013422818792 0.02564102564102564 0.05536912751677853
1 0.8673878205128205 0.5 0.029647435897435896 0.08389261744966443
1 0.8040865384615384 0.4312080536912752 0.032852564102564104 0.08389261744966443
1 0.8866185897435898 0.28439597315436244 0.020032051282051284 0.05201342281879195
1 0.8986378205128205 0.26677852348993286 0.015224358974358974 0.0436241610738255
1 0.905448717948718 0.24161073825503357 0.014423076923076924 0.03691275167785235
1 0.9286858974358975 0.27348993288590606 0.016025641025641024 0.050335570469798654
1 0.9238782051282052 0.3464765100671141 0.017628205128205128 0.05201342281879195
1 0.9443108974358975 0.3884228187919463 0.023237179487179488 0.06208053691275168
1 0.9475160256410257 0.4790268456375839 0.023237179487179488 0.07214765100671142
1 0.9727564102564102 0.3716442953020134 0.017628205128205128 0.05536912751677853
1 0.9699519230769231 0.3313758389261745 0.016826923076923076 0.03859060402684564
1 0.984375 0.2751677852348993 0.016826923076923076 0.040268456375838924
1 0.9447115384615384 0.2558724832214765 0.017628205128205128 0.05536912751677853