1 0.389990089197225 0.272108843537415 0.02081268582755203 0.034013605442176874
1 0.4692765113974232 0.22363945578231292 0.024777006937561942 0.03231292517006803
1 0.5074331020812686 0.12585034013605442 0.011892963330029732 0.02040816326530612
1 0.566402378592666 0.12585034013605442 0.014866204162537165 0.023809523809523808
1 0.5782953419226957 0.13095238095238096 0.010901883052527254 0.02040816326530612
1 0.6055500495540139 0.11734693877551021 0.013875123885034688 0.017006802721088437
1 0.6407333994053518 0.24744897959183673 0.026759167492566897 0.04591836734693878
1 0.4965312190287413 0.320578231292517 0.023785926660059464 0.04251700680272109
1 0.5510406342913776 0.3324829931972789 0.027750247770069375 0.04591836734693878
1 0.6541129831516352 0.2193877551020408 0.023785926660059464 0.04081632653061224
1 0.7859266600594648 0.28401360544217685 0.027750247770069375 0.061224489795918366
1 0.8597621407333994 0.30612244897959184 0.028741328047571853 0.05442176870748299
1 0.9172447968285431 0.15136054421768708 0.01684836471754212 0.023809523809523808
1 0.9464816650148662 0.1598639455782313 0.011892963330029732 0.027210884353741496