1 0.1354044548651817 0.24220374220374222 0.022274325908558032 0.05197505197505198
1 0.14830011723329425 0.2609147609147609 0.0246189917936694 0.056133056133056136
1 0.1694021101992966 0.25467775467775466 0.022274325908558032 0.04781704781704782
1 0.223915592028136 0.20582120582120583 0.023446658851113716 0.0498960498960499
1 0.2456037514654162 0.2442827442827443 0.022274325908558032 0.04365904365904366
1 0.2813599062133646 0.2079002079002079 0.01875732708089097 0.04158004158004158
1 0.3048065650644783 0.19750519750519752 0.016412661195779603 0.037422037422037424
1 0.3194607268464244 0.18295218295218296 0.017584994138335287 0.04158004158004158
1 0.3364595545134818 0.3024948024948025 0.032825322391559206 0.06860706860706861
1 0.4618991793669402 0.16632016632016633 0.02579132473622509 0.058212058212058215
1 0.5486518171160609 0.32536382536382535 0.0492379835873388 0.10187110187110188
1 0.5926143024618992 0.2525987525987526 0.038686987104337635 0.06860706860706861
1 0.608440797186401 0.16943866943866945 0.021101992966002344 0.04365904365904366