1 0.1320754716981132 0.5552407932011332 0.1320754716981132 0.22662889518413598
1 0.18490566037735848 0.43342776203966005 0.09811320754716982 0.15864022662889518
1 0.3584905660377358 0.5297450424929179 0.10566037735849057 0.22662889518413598
1 0.6481132075471698 0.7436260623229461 0.13773584905660377 0.2577903682719547
1 0.8235849056603773 0.5878186968838527 0.12641509433962264 0.26912181303116145
1 0.7396226415094339 0.41076487252124644 0.06415094339622641 0.10764872521246459
1 0.7933962264150943 0.37110481586402266 0.05849056603773585 0.10764872521246459
1 0.7575471698113208 0.1671388101983003 0.05471698113207547 0.10198300283286119
1 0.8622641509433963 0.23796033994334279 0.045283018867924525 0.07365439093484419
1 0.9216981132075471 0.32152974504249293 0.0509433962264151 0.09915014164305949
1 0.940566037735849 0.4263456090651558 0.06981132075471698 0.1274787535410765
1 0.9745283018867924 0.3314447592067989 0.0509433962264151 0.07932011331444759
1 0.6849056603773584 0.2747875354107649 0.04150943396226415 0.0679886685552408
1 0.6481132075471698 0.29461756373937675 0.04339622641509434 0.06232294617563739
1 0.6141509433962264 0.37960339943342775 0.0509433962264151 0.0906515580736544
1 0.49056603773584906 0.3413597733711048 0.06037735849056604 0.09915014164305949
1 0.480188679245283 0.26487252124645894 0.03962264150943396 0.059490084985835696
1 0.49056603773584906 0.23512747875354106 0.04150943396226415 0.05099150141643059
1 0.5518867924528302 0.26203966005665724 0.035849056603773584 0.06515580736543909
1 0.590566037735849 0.2507082152974504 0.033962264150943396 0.059490084985835696
1 0.4386792452830189 0.2747875354107649 0.035849056603773584 0.07365439093484419
1 0.3877358490566038 0.23371104815864022 0.03962264150943396 0.06515580736543909
1 0.36981132075471695 0.20254957507082152 0.03018867924528302 0.04815864022662889
1 0.2962264150943396 0.3130311614730878 0.04905660377358491 0.09915014164305949
1 0.21509433962264152 0.3101983002832861 0.052830188679245285 0.08781869688385269
1 0.22075471698113208 0.26487252124645894 0.04150943396226415 0.0764872521246459
1 0.09716981132075472 0.26345609065155806 0.03962264150943396 0.06232294617563739
1 0.059433962264150944 0.25920679886685555 0.04716981132075472 0.08781869688385269
1 0.04150943396226415 0.21246458923512748 0.04150943396226415 0.06232294617563739
1 0.020754716981132074 0.26345609065155806 0.03773584905660377 0.07365439093484419