1 0.065 0.525062656641604 0.1 0.18295739348370926
1 0.3333333333333333 0.7167919799498746 0.18333333333333332 0.3107769423558897
1 0.19 0.8959899749373433 0.15666666666666668 0.20802005012531327
1 0.275 0.4799498746867168 0.08 0.13283208020050125
1 0.20833333333333334 0.518796992481203 0.06 0.10025062656641603
1 0.3616666666666667 0.5350877192982456 0.06666666666666667 0.10776942355889724
1 0.38333333333333336 0.4974937343358396 0.043333333333333335 0.08270676691729323
1 0.5008333333333334 0.2531328320802005 0.051666666666666666 0.09523809523809523
1 0.5366666666666666 0.39223057644110276 0.043333333333333335 0.08270676691729323
1 0.5883333333333334 0.506265664160401 0.06 0.08521303258145363
1 0.54 0.6115288220551378 0.06333333333333334 0.12030075187969924
1 0.6016666666666667 0.6854636591478697 0.08333333333333333 0.14786967418546365
1 0.5033333333333333 0.8972431077694235 0.14 0.20551378446115287
1 0.7875 0.768170426065163 0.175 0.3182957393483709
1 0.7275 0.5664160401002506 0.07833333333333334 0.13032581453634084
1 0.7058333333333333 0.4223057644110276 0.045 0.08270676691729323
1 0.815 0.23433583959899748 0.05 0.06766917293233082
1 0.8375 0.5112781954887218 0.051666666666666666 0.09523809523809523
1 0.9041666666666667 0.4974937343358396 0.055 0.09273182957393483
1 0.89 0.5964912280701754 0.07333333333333333 0.11528822055137844
1 0.9533333333333334 0.6867167919799498 0.09333333333333334 0.23558897243107768
1 0.9475 0.48621553884711777 0.041666666666666664 0.08020050125313283
1 0.6391666666666667 0.40350877192982454 0.045 0.08020050125313283