1 0.131 0.748220640569395 0.158 0.297153024911032
1 0.2165 0.5355871886120996 0.079 0.15302491103202848
1 0.3525 0.5 0.067 0.12811387900355872
1 0.411 0.5658362989323843 0.09 0.14590747330960854
1 0.4435 0.4581850533807829 0.049 0.09430604982206406
1 0.4955 0.5169039145907474 0.063 0.10498220640569395
1 0.788 0.6120996441281139 0.074 0.12811387900355872
1 0.871 0.5729537366548043 0.092 0.16725978647686832
1 0.8145 0.4884341637010676 0.051 0.09430604982206406
1 0.786 0.44395017793594305 0.048 0.09430604982206406
1 0.758 0.28647686832740216 0.048 0.07829181494661921
1 0.936 0.4777580071174377 0.062 0.11921708185053381