1 0.282015065913371 0.20286195286195285 0.01224105461393597 0.02861952861952862
1 0.3535781544256121 0.1473063973063973 0.01224105461393597 0.02861952861952862
1 0.3695856873822976 0.19444444444444445 0.014124293785310734 0.03198653198653199
1 0.3625235404896422 0.2382154882154882 0.015065913370998116 0.03198653198653199
1 0.3667608286252354 0.2786195286195286 0.014124293785310734 0.03535353535353535
1 0.4086629001883239 0.27441077441077444 0.02071563088512241 0.04713804713804714
1 0.4096045197740113 0.1893939393939394 0.011299435028248588 0.02861952861952862
1 0.4477401129943503 0.18602693602693604 0.014124293785310734 0.03535353535353535
1 0.4585687382297552 0.23063973063973064 0.01694915254237288 0.04040404040404041
1 0.4661016949152542 0.19276094276094277 0.015065913370998116 0.03872053872053872
1 0.4849340866290019 0.2297979797979798 0.018832391713747645 0.04208754208754209
1 0.4891713747645951 0.1994949494949495 0.017890772128060263 0.03872053872053872
1 0.4891713747645951 0.3063973063973064 0.025423728813559324 0.04713804713804714
1 0.6049905838041432 0.26262626262626265 0.023540489642184557 0.05723905723905724
1 0.5767419962335216 0.13720538720538722 0.010357815442561206 0.02861952861952862
1 0.7109227871939736 0.1893939393939394 0.01694915254237288 0.04208754208754209
1 0.7504708097928436 0.24579124579124578 0.022598870056497175 0.04377104377104377