1 0.07083333333333333 0.5288888888888889 0.06833333333333333 0.09333333333333334
1 0.050833333333333335 0.4688888888888889 0.041666666666666664 0.057777777777777775
1 0.06 0.43444444444444447 0.03333333333333333 0.04666666666666667
1 0.0375 0.4177777777777778 0.021666666666666667 0.03111111111111111
1 0.021666666666666667 0.4177777777777778 0.02 0.02666666666666667
1 0.1225 0.43444444444444447 0.025 0.03777777777777778
1 0.1525 0.4677777777777778 0.035 0.051111111111111114
1 0.235 0.5011111111111111 0.05 0.06888888888888889
1 0.28 0.57 0.08666666666666667 0.12222222222222222
1 0.4483333333333333 0.5022222222222222 0.06666666666666667 0.08888888888888889
1 0.365 0.4666666666666667 0.043333333333333335 0.06666666666666667
1 0.31666666666666665 0.4444444444444444 0.03666666666666667 0.04
1 0.24 0.4444444444444444 0.03666666666666667 0.04888888888888889
1 0.1975 0.43 0.03166666666666667 0.042222222222222223
1 0.175 0.41555555555555557 0.023333333333333334 0.035555555555555556
1 0.15833333333333333 0.40555555555555556 0.02 0.03333333333333333
1 0.20083333333333334 0.3788888888888889 0.018333333333333333 0.028888888888888888
1 0.24916666666666668 0.4066666666666667 0.018333333333333333 0.03111111111111111
1 0.2833333333333333 0.41888888888888887 0.02 0.028888888888888888
1 0.26166666666666666 0.44666666666666666 0.02 0.035555555555555556
1 0.21666666666666667 0.41 0.016666666666666666 0.028888888888888888
1 0.1975 0.4011111111111111 0.015 0.024444444444444446
1 0.2375 0.39666666666666667 0.015 0.024444444444444446
1 0.26416666666666666 0.4011111111111111 0.015 0.024444444444444446
1 0.2758333333333333 0.39666666666666667 0.015 0.02
1 0.29333333333333333 0.39222222222222225 0.013333333333333334 0.024444444444444446
1 0.31583333333333335 0.4022222222222222 0.015 0.03111111111111111
1 0.3283333333333333 0.41333333333333333 0.016666666666666666 0.03111111111111111
1 0.3325 0.4 0.015 0.017777777777777778
1 0.3591666666666667 0.41888888888888887 0.021666666666666667 0.03333333333333333
1 0.38666666666666666 0.4477777777777778 0.03 0.042222222222222223
1 0.425 0.45555555555555555 0.03666666666666667 0.05333333333333334
1 0.5 0.46555555555555556 0.03333333333333333 0.051111111111111114
1 0.47333333333333333 0.42444444444444446 0.02 0.03111111111111111
1 0.45416666666666666 0.42333333333333334 0.025 0.03777777777777778
1 0.44916666666666666 0.3977777777777778 0.018333333333333333 0.022222222222222223
1 0.41833333333333333 0.4077777777777778 0.02 0.028888888888888888
1 0.4033333333333333 0.4211111111111111 0.016666666666666666 0.024444444444444446
1 0.39 0.41444444444444445 0.02 0.03333333333333333
1 0.37416666666666665 0.39555555555555555 0.018333333333333333 0.02666666666666667
1 0.4716666666666667 0.3988888888888889 0.013333333333333334 0.024444444444444446
1 0.4841666666666667 0.3977777777777778 0.015 0.022222222222222223
1 0.5058333333333334 0.41555555555555557 0.021666666666666667 0.035555555555555556
1 0.5525 0.43444444444444447 0.028333333333333332 0.042222222222222223
1 0.5716666666666667 0.46 0.03333333333333333 0.05333333333333334
1 0.5891666666666666 0.5266666666666666 0.058333333333333334 0.08444444444444445
1 0.535 0.4033333333333333 0.013333333333333334 0.02
1 0.555 0.4 0.013333333333333334 0.017777777777777778
1 0.565 0.4066666666666667 0.013333333333333334 0.022222222222222223
1 0.5775 0.41888888888888887 0.018333333333333333 0.028888888888888888
1 0.5816666666666667 0.4033333333333333 0.016666666666666666 0.024444444444444446
1 0.6016666666666667 0.42 0.02 0.03111111111111111
1 0.6016666666666667 0.4011111111111111 0.013333333333333334 0.024444444444444446
1 0.6283333333333333 0.4122222222222222 0.016666666666666666 0.028888888888888888
1 0.6366666666666667 0.43666666666666665 0.03 0.042222222222222223
1 0.6775 0.4922222222222222 0.045 0.06
1 0.7566666666666667 0.4688888888888889 0.04666666666666667 0.06222222222222222
1 0.8058333333333333 0.45111111111111113 0.025 0.04
1 0.8291666666666667 0.4311111111111111 0.021666666666666667 0.03111111111111111
1 0.8375 0.41 0.015 0.028888888888888888
1 0.8516666666666667 0.41555555555555557 0.016666666666666666 0.02666666666666667
1 0.8766666666666667 0.4122222222222222 0.023333333333333334 0.03333333333333333
1 0.8916666666666667 0.4177777777777778 0.016666666666666666 0.02666666666666667
1 0.9108333333333334 0.4122222222222222 0.015 0.028888888888888888
1 0.9291666666666667 0.41444444444444445 0.018333333333333333 0.028888888888888888
1 0.9508333333333333 0.41555555555555557 0.018333333333333333 0.02666666666666667
1 0.73 0.43444444444444447 0.02 0.03333333333333333
1 0.6908333333333333 0.4177777777777778 0.021666666666666667 0.04
1 0.6616666666666666 0.4288888888888889 0.02 0.04
1 0.6566666666666666 0.4 0.016666666666666666 0.02666666666666667
1 0.6758333333333333 0.4088888888888889 0.015 0.02666666666666667
1 0.6241666666666666 0.39444444444444443 0.011666666666666667 0.02
1 0.7033333333333334 0.4011111111111111 0.016666666666666666 0.028888888888888888
1 0.72 0.40555555555555556 0.013333333333333334 0.015555555555555555
1 0.735 0.4022222222222222 0.013333333333333334 0.02666666666666667
1 0.7525 0.4033333333333333 0.015 0.024444444444444446
1 0.7775 0.42333333333333334 0.015 0.028888888888888888
1 0.79 0.4122222222222222 0.016666666666666666 0.028888888888888888