1 0.15423162583518932 0.3939688715953307 0.052338530066815145 0.10311284046692606
1 0.34020044543429845 0.1819066147859922 0.01893095768374165 0.03696498054474708
1 0.383630289532294 0.193579766536965 0.01893095768374165 0.033073929961089495
1 0.39420935412026725 0.21206225680933852 0.017817371937639197 0.042801556420233464
1 0.4209354120267261 0.21595330739299612 0.0200445434298441 0.03501945525291829
1 0.4526726057906459 0.22859922178988326 0.021158129175946547 0.033073929961089495
1 0.3897550111358575 0.16245136186770429 0.013363028953229399 0.029182879377431907
1 0.4782850779510022 0.16536964980544747 0.01670378619153675 0.03501945525291829
1 0.4487750556792873 0.17607003891050585 0.013363028953229399 0.021400778210116732
1 0.5200445434298441 0.1926070038910506 0.022271714922048998 0.038910505836575876
1 0.5506681514476615 0.19552529182879377 0.01893095768374165 0.03696498054474708
1 0.579064587973274 0.12743190661478598 0.015590200445434299 0.029182879377431907
1 0.6247216035634744 0.25778210116731515 0.031180400890868598 0.05252918287937743
1 0.7923162583518931 0.2130350194552529 0.021158129175946547 0.04085603112840467
1 0.8669265033407573 0.12159533073929961 0.01670378619153675 0.04085603112840467
1 0.8201559020044543 0.26361867704280156 0.021158129175946547 0.05252918287937743
1 0.9304008908685969 0.26848249027237353 0.01893095768374165 0.03501945525291829