1 0.04181338028169014 0.7769953051643192 0.0801056338028169 0.22535211267605634
1 0.24735915492957747 0.8996478873239436 0.14084507042253522 0.2007042253521127
1 0.21170774647887325 0.6602112676056338 0.08714788732394366 0.13028169014084506
1 0.09419014084507042 0.5041079812206573 0.04929577464788732 0.08333333333333333
1 0.0721830985915493 0.4583333333333333 0.03697183098591549 0.05046948356807512
1 0.018926056338028168 0.48884976525821594 0.03609154929577465 0.08333333333333333
1 0.022887323943661973 0.45129107981220656 0.02992957746478873 0.05516431924882629
1 0.15933098591549297 0.482981220657277 0.040492957746478875 0.05985915492957746
1 0.1386443661971831 0.4336854460093897 0.03433098591549296 0.05046948356807512
1 0.21522887323943662 0.45011737089201875 0.032570422535211266 0.04812206572769953
1 0.2966549295774648 0.4671361502347418 0.03169014084507042 0.0539906103286385
1 0.23899647887323944 0.4671361502347418 0.037852112676056336 0.06103286384976526
1 0.3798415492957746 0.5598591549295775 0.06778169014084508 0.107981220657277
1 0.41725352112676056 0.5410798122065728 0.05457746478873239 0.09154929577464789
1 0.4529049295774648 0.676056338028169 0.08890845070422536 0.15023474178403756
1 0.5492957746478874 0.6132629107981221 0.058098591549295774 0.09976525821596244
1 0.5669014084507042 0.5651408450704225 0.05457746478873239 0.07394366197183098
1 0.516725352112676 0.4724178403755869 0.04401408450704225 0.062206572769953054
1 0.585387323943662 0.4536384976525822 0.035211267605633804 0.062206572769953054
1 0.6148767605633803 0.4923708920187793 0.03961267605633803 0.05516431924882629
1 0.6919014084507042 0.49471830985915494 0.03345070422535211 0.05516431924882629
1 0.7552816901408451 0.7095070422535211 0.11267605633802817 0.17018779342723006
1 0.7561619718309859 0.6238262910798122 0.0721830985915493 0.12089201877934272
1 0.761443661971831 0.5305164319248826 0.061619718309859156 0.08685446009389672
1 0.8525528169014085 0.5064553990610329 0.03961267605633803 0.062206572769953054
1 0.8860035211267606 0.5264084507042254 0.04841549295774648 0.07629107981220658
1 0.917693661971831 0.5657276995305164 0.06426056338028169 0.09859154929577464
1 0.9669894366197183 0.6355633802816901 0.05897887323943662 0.13028169014084506
1 0.7913732394366197 0.9061032863849765 0.15845070422535212 0.18779342723004694