1 0.07838397790055249 0.7741769547325102 0.10082872928176796 0.1574074074074074
1 0.06871546961325967 0.698559670781893 0.07734806629834254 0.09259259259259259
1 0.13984806629834254 0.683641975308642 0.03867403314917127 0.07098765432098765
1 0.1685082872928177 0.683641975308642 0.031077348066298343 0.06275720164609054
1 0.21236187845303867 0.7026748971193416 0.04696132596685083 0.09053497942386832
1 0.26070441988950277 0.7983539094650206 0.09668508287292818 0.17695473251028807
1 0.3145718232044199 0.6743827160493827 0.04419889502762431 0.07921810699588477
1 0.3566988950276243 0.6568930041152263 0.026243093922651933 0.04218106995884774
1 0.39640883977900554 0.7520576131687243 0.06284530386740332 0.1419753086419753
1 0.39157458563535913 0.6604938271604939 0.029696132596685083 0.05761316872427984
1 0.4129834254143646 0.654320987654321 0.03383977900552486 0.05761316872427984
1 0.4488950276243094 0.6532921810699589 0.028314917127071824 0.0411522633744856
1 0.47720994475138123 0.5771604938271605 0.022790055248618785 0.03909465020576132
1 0.4754834254143646 0.7016460905349794 0.049723756906077346 0.09259259259259259
1 0.5179558011049724 0.676954732510288 0.04350828729281768 0.0720164609053498
1 0.5359116022099447 0.8024691358024691 0.10151933701657459 0.16666666666666666
1 0.5555939226519337 0.7361111111111112 0.062154696132596686 0.09979423868312758
1 0.5580110497237569 0.6702674897119342 0.0324585635359116 0.06275720164609054
1 0.575621546961326 0.6620370370370371 0.027624309392265192 0.05864197530864197
1 0.6042817679558011 0.7139917695473251 0.04903314917127072 0.08847736625514403
1 0.6180939226519337 0.6743827160493827 0.03383977900552486 0.060699588477366256
1 0.642610497237569 0.6640946502057613 0.029005524861878452 0.05452674897119342
1 0.663328729281768 0.6517489711934157 0.029005524861878452 0.05452674897119342
1 0.7196132596685083 0.6856995884773662 0.04350828729281768 0.06893004115226338
1 0.7551795580110497 0.7494855967078189 0.07596685082872928 0.10390946502057613
1 0.8076657458563536 0.8647119341563786 0.12016574585635359 0.19650205761316872
1 0.8891574585635359 0.9346707818930041 0.17403314917127072 0.13065843621399176
1 0.9464779005524862 0.7921810699588477 0.09668508287292818 0.11522633744855967
1 0.8836325966850829 0.7443415637860082 0.0787292817679558 0.09156378600823045
1 0.8176795580110497 0.7196502057613169 0.029696132596685083 0.060699588477366256
1 0.805939226519337 0.6887860082304527 0.0324585635359116 0.050411522633744855
1 0.7717541436464088 0.6867283950617284 0.04834254143646409 0.05864197530864197
1 0.8466850828729282 0.7011316872427984 0.03383977900552486 0.05864197530864197
1 0.8591160220994475 0.6738683127572016 0.0324585635359116 0.043209876543209874
1 0.9067679558011049 0.6846707818930041 0.03383977900552486 0.056584362139917695
1 0.9330110497237569 0.6970164609053497 0.04350828729281768 0.06893004115226338
1 0.9575276243093923 0.654835390946502 0.019337016574585635 0.0360082304526749
1 0.8791436464088398 0.6445473251028807 0.013121546961325966 0.033950617283950615
1 0.8964088397790055 0.647119341563786 0.017265193370165747 0.026748971193415638
1 0.7320441988950276 0.6450617283950617 0.03383977900552486 0.05555555555555555