1 0.3511111111111111 0.5677799607072691 0.051111111111111114 0.1100196463654224
1 0.555 0.4960707269155206 0.043333333333333335 0.0962671905697446
1 0.6205555555555555 0.5039292730844793 0.04111111111111111 0.07662082514734773
1 0.6833333333333333 0.37229862475442044 0.044444444444444446 0.08055009823182711
1 0.8216666666666667 0.481335952848723 0.04777777777777778 0.08644400785854617
1 0.25277777777777777 0.4636542239685658 0.04555555555555556 0.07858546168958742
1 0.2361111111111111 0.3664047151277014 0.043333333333333335 0.07662082514734773
1 0.2811111111111111 0.3055009823182711 0.028888888888888888 0.060903732809430254
1 0.3138888888888889 0.32220039292730845 0.027777777777777776 0.06286836935166994
1 0.25166666666666665 0.1974459724950884 0.025555555555555557 0.05304518664047151
1 0.2677777777777778 0.1738703339882122 0.02 0.04518664047151277
1 0.32 0.137524557956778 0.02 0.043222003929273084
1 0.35555555555555557 0.10609037328094302 0.022222222222222223 0.0550098231827112
1 0.43777777777777777 0.11787819253438114 0.02 0.03929273084479371
1 0.4361111111111111 0.1905697445972495 0.034444444444444444 0.06679764243614932
1 0.5061111111111111 0.20333988212180745 0.03666666666666667 0.060903732809430254
1 0.5172222222222222 0.10412573673870335 0.021111111111111112 0.03929273084479371
1 0.5377777777777778 0.10117878192534381 0.02 0.0412573673870334
1 0.6011111111111112 0.20039292730844793 0.03333333333333333 0.05108055009823183
1 0.5583333333333333 0.30157170923379173 0.04111111111111111 0.07269155206286837
1 0.6294444444444445 0.25736738703339884 0.04111111111111111 0.07465618860510806
1 0.6716666666666666 0.20333988212180745 0.027777777777777776 0.05304518664047151
1 0.6972222222222222 0.19842829076620824 0.023333333333333334 0.047151277013752456
1 0.68 0.1719056974459725 0.022222222222222223 0.04911591355599214
1 0.6605555555555556 0.13555992141453832 0.023333333333333334 0.043222003929273084