1 0.09458333333333334 0.41792929292929293 0.0575 0.1994949494949495
1 0.034166666666666665 0.2878787878787879 0.04666666666666667 0.1717171717171717
1 0.0975 0.21464646464646464 0.051666666666666666 0.16666666666666666
1 0.019583333333333335 0.09090909090909091 0.029166666666666667 0.12121212121212122
1 0.195 0.06060606060606061 0.03 0.10606060606060606
1 0.3333333333333333 0.059343434343434344 0.041666666666666664 0.11363636363636363
1 0.16 0.6439393939393939 0.06666666666666667 0.2222222222222222
1 0.24916666666666668 0.4936868686868687 0.065 0.20454545454545456
1 0.4841666666666667 0.35984848484848486 0.08833333333333333 0.3055555555555556
1 0.6770833333333334 0.3838383838383838 0.04583333333333333 0.20202020202020202
1 0.6625 0.273989898989899 0.04833333333333333 0.14393939393939395
1 0.6329166666666667 0.16540404040404041 0.04083333333333333 0.15404040404040403
1 0.6341666666666667 0.08712121212121213 0.03833333333333333 0.11363636363636363
1 0.6041666666666666 0.06060606060606061 0.035 0.10606060606060606
1 0.7429166666666667 0.22095959595959597 0.04083333333333333 0.1590909090909091
1 0.7091666666666666 0.12247474747474747 0.04 0.14898989898989898
1 0.7616666666666667 0.06818181818181818 0.03 0.09595959595959595
1 0.8433333333333334 0.19823232323232323 0.04 0.14898989898989898
1 0.8816666666666667 0.23737373737373738 0.043333333333333335 0.1414141414141414
1 0.8179166666666666 0.3787878787878788 0.0425 0.1717171717171717
1 0.8595833333333334 0.10732323232323232 0.029166666666666667 0.12373737373737374
1 0.9454166666666667 0.12626262626262627 0.035833333333333335 0.15151515151515152
1 0.9291666666666667 0.04040404040404041 0.028333333333333332 0.07575757575757576
1 0.9808333333333333 0.08333333333333333 0.03833333333333333 0.1111111111111111
1 0.8279166666666666 0.7095959595959596 0.0875 0.30303030303030304
1 0.9025 0.8888888888888888 0.10666666666666667 0.2222222222222222
1 0.9625 0.5858585858585859 0.06666666666666667 0.25757575757575757