1 0.190533015115354 0.42559109874826145 0.04375497215592681 0.0917941585535466
1 0.2748607796340493 0.26495132127955495 0.018297533810660304 0.04033379694019471
1 0.2720763723150358 0.2573018080667594 0.017501988862370723 0.04172461752433936
1 0.31861575178997614 0.2510431154381085 0.01988862370723946 0.037552155771905425
1 0.33571996817820204 0.25312934631432543 0.017501988862370723 0.04172461752433936
1 0.3607796340493238 0.2426981919332406 0.01988862370723946 0.04033379694019471
1 0.3739061256961018 0.26495132127955495 0.02545743834526651 0.04033379694019471
1 0.40771678599840894 0.26495132127955495 0.024661893396976928 0.05146036161335188
1 0.33969769291964996 0.20931849791376914 0.015910898965791568 0.037552155771905425
1 0.32895783611774065 0.2148817802503477 0.015115354017501989 0.03477051460361613
1 0.3719172633253779 0.19471488178025034 0.01988862370723946 0.03337969401947149
1 0.39856801909307876 0.17246175243393602 0.015910898965791568 0.030598052851182198
1 0.4291964996022275 0.17593880389429764 0.016706443914081145 0.031988873435326845
1 0.4236276849642005 0.2148817802503477 0.021479713603818614 0.043115438108484005
1 0.45346062052505964 0.21766342141863698 0.01909307875894988 0.04033379694019471
1 0.4514717581543357 0.14812239221140472 0.016706443914081145 0.037552155771905425
1 0.46857597454256167 0.15090403337969402 0.017501988862370723 0.03477051460361613
1 0.4745425616547335 0.19123783031988872 0.018297533810660304 0.03477051460361613
1 0.49443118536197295 0.21349095966620307 0.021479713603818614 0.043115438108484005
1 0.5147175815433572 0.18636995827538247 0.017501988862370723 0.03337969401947149
1 0.5409705648369133 0.1835883171070932 0.01909307875894988 0.04172461752433936
1 0.5127287191726333 0.15090403337969402 0.016706443914081145 0.031988873435326845
1 0.4900556881463803 0.13073713490959665 0.014319809069212411 0.022253129346314324
1 0.49403341288782815 0.1599443671766342 0.014319809069212411 0.03616133518776078
1 0.5238663484486874 0.13351877607788595 0.018297533810660304 0.03337969401947149
1 0.5719968178202068 0.15785813630041726 0.017501988862370723 0.037552155771905425
1 0.5624502784407319 0.13977746870653684 0.012728719172633254 0.02920723226703755
1 0.5855210819411297 0.14464534075104313 0.015910898965791568 0.03616133518776078
1 0.5771678599840891 0.13212795549374132 0.013524264120922832 0.030598052851182198
1 0.6058074781225139 0.14255910987482615 0.018297533810660304 0.037552155771905425
1 0.6085918854415274 0.09874826147426982 0.012728719172633254 0.030598052851182198
1 0.6221161495624503 0.12726008344923506 0.012728719172633254 0.031988873435326845
1 0.6467780429594272 0.11961057023643949 0.015910898965791568 0.03337969401947149
1 0.6750198886237072 0.11891515994436717 0.018297533810660304 0.031988873435326845
1 0.4996022275258552 0.29276773296244785 0.028639618138424822 0.059805285118219746
1 0.5421638822593476 0.30598052851182195 0.03420843277645187 0.06397774687065369
1 0.5763723150357996 0.2336578581363004 0.024661893396976928 0.05006954102920723
1 0.6173428798727129 0.20653685674547984 0.02386634844868735 0.05146036161335188
1 0.6141607000795545 0.25521557719054244 0.02545743834526651 0.054242002781641166
1 0.6579156722354813 0.2579972183588317 0.02386634844868735 0.05146036161335188
1 0.6714399363564041 0.19541029207232266 0.02545743834526651 0.04033379694019471
1 0.6519490851233095 0.17315716272600834 0.018297533810660304 0.043115438108484005
1 0.711217183770883 0.26564673157162727 0.030230708035003977 0.061196105702364396
1 0.6738265712012729 0.33936022253129344 0.04295942720763723 0.06954102920723226
1 0.7422434367541766 0.34561891515994436 0.03818615751789976 0.06815020862308763
1 0.7084327764518695 0.21001390820584145 0.021479713603818614 0.04450625869262865
1 0.7291169451073986 0.19749652294853964 0.021479713603818614 0.04450625869262865
1 0.7211614956245028 0.14951321279554938 0.016706443914081145 0.031988873435326845
1 0.6817820206841687 0.16063977746870653 0.01909307875894988 0.03477051460361613
1 0.6913285600636436 0.18845618915159945 0.020684168655529037 0.03477051460361613
1 0.7494033412887828 0.14673157162726008 0.01909307875894988 0.037552155771905425
1 0.7637231503579952 0.15855354659248957 0.017501988862370723 0.04728789986091794
1 0.7633253778838505 0.12795549374130738 0.015115354017501989 0.03616133518776078
1 0.7776451869530628 0.1411682892906815 0.016706443914081145 0.043115438108484005
1 0.7935560859188544 0.1411682892906815 0.011933174224343675 0.02920723226703755
1 0.7987271280827367 0.1689847009735744 0.015910898965791568 0.04033379694019471
1 0.7752585521081942 0.19471488178025034 0.021479713603818614 0.04450625869262865
1 0.7541766109785203 0.2211404728789986 0.020684168655529037 0.04450625869262865
1 0.7848050914876691 0.28789986091794156 0.031026252983293555 0.0584144645340751
1 0.8058870326173428 0.21974965229485396 0.02386634844868735 0.05285118219749652
1 0.8365155131264916 0.20445062586926285 0.021479713603818614 0.04172461752433936
1 0.8460620525059666 0.1787204450625869 0.021479713603818614 0.043115438108484005
1 0.8671439936356404 0.13908205841446453 0.015910898965791568 0.04172461752433936
1 0.8834526650755767 0.18497913769123783 0.015115354017501989 0.04172461752433936
1 0.8766905330151153 0.2148817802503477 0.01909307875894988 0.0458970792767733
1 0.8647573587907716 0.2267037552155772 0.020684168655529037 0.04728789986091794
1 0.9045346062052506 0.24756606397774686 0.02386634844868735 0.05006954102920723
1 0.86793953858393 0.30180806675938804 0.030230708035003977 0.0584144645340751