1 0.05 0.5026666666666667 0.08 0.104
1 0.024 0.41733333333333333 0.044 0.08266666666666667
1 0.155 0.43466666666666665 0.07 0.09066666666666667
1 0.152 0.388 0.064 0.072
1 0.124 0.316 0.044 0.06666666666666667
1 0.266 0.30133333333333334 0.048 0.058666666666666666
1 0.335 0.29733333333333334 0.038 0.06133333333333333
1 0.292 0.364 0.048 0.072
1 0.317 0.42933333333333334 0.07 0.096
1 0.259 0.572 0.094 0.136
1 0.373 0.36933333333333335 0.05 0.06666666666666667
1 0.458 0.4 0.056 0.07466666666666667
1 0.455 0.34 0.042 0.056
1 0.43 0.508 0.076 0.12533333333333332
1 0.556 0.5213333333333333 0.084 0.10933333333333334
1 0.594 0.7266666666666667 0.136 0.19466666666666665
1 0.806 0.596 0.116 0.15733333333333333
1 0.694 0.42533333333333334 0.06 0.09333333333333334
1 0.77 0.41333333333333333 0.06 0.08533333333333333
1 0.816 0.42533333333333334 0.044 0.08266666666666667
1 0.758 0.36 0.044 0.05333333333333334
1 0.758 0.3293333333333333 0.032 0.050666666666666665
1 0.796 0.33066666666666666 0.04 0.064
1 0.67 0.31333333333333335 0.032 0.056
1 0.637 0.32666666666666666 0.038 0.056
1 0.604 0.36933333333333335 0.048 0.06133333333333333
1 0.578 0.33866666666666667 0.036 0.05333333333333334
1 0.537 0.364 0.05 0.072
1 0.903 0.352 0.05 0.06933333333333333
1 0.937 0.348 0.042 0.072