1 0.1572093023255814 0.4991721854304636 0.053953488372093024 0.12748344370860928
1 0.1474418604651163 0.3402317880794702 0.026976744186046512 0.04470198675496689
1 0.21627906976744185 0.4379139072847682 0.062325581395348835 0.11423841059602649
1 0.2609302325581395 0.2706953642384106 0.02883720930232558 0.04470198675496689
1 0.3055813953488372 0.19370860927152317 0.023255813953488372 0.03642384105960265
1 0.3125581395348837 0.3741721854304636 0.035348837209302326 0.06622516556291391
1 0.3516279069767442 0.1771523178807947 0.018604651162790697 0.039735099337748346
1 0.3786046511627907 0.21605960264900662 0.022325581395348838 0.04470198675496689
1 0.39348837209302323 0.20198675496688742 0.014883720930232559 0.023178807947019868
1 0.46232558139534885 0.22847682119205298 0.020465116279069766 0.039735099337748346
1 0.4604651162790698 0.277317880794702 0.035348837209302326 0.07119205298013245
1 0.5088372093023256 0.27566225165562913 0.020465116279069766 0.05132450331125828
1 0.5553488372093023 0.21357615894039736 0.022325581395348838 0.059602649006622516
1 0.5725581395348838 0.08940397350993377 0.013953488372093023 0.029801324503311258
1 0.5837209302325581 0.125 0.021395348837209303 0.04470198675496689
1 0.632093023255814 0.25662251655629137 0.023255813953488372 0.059602649006622516
1 0.6018604651162791 0.3021523178807947 0.03162790697674418 0.06456953642384106
1 0.6455813953488372 0.1357615894039735 0.020465116279069766 0.04304635761589404
1 0.6679069767441861 0.13741721854304637 0.020465116279069766 0.052980132450331126
1 0.6916279069767441 0.1423841059602649 0.021395348837209303 0.046357615894039736