1 0.08671875 0.508235294117647 0.0546875 0.08
1 0.16953125 0.5647058823529412 0.0609375 0.10352941176470588
1 0.209375 0.5870588235294117 0.078125 0.12
1 0.3734375 0.39176470588235296 0.03125 0.058823529411764705
1 0.3109375 0.6047058823529412 0.075 0.11764705882352941
1 0.4546875 0.36823529411764705 0.028125 0.04470588235294118
1 0.5078125 0.6211764705882353 0.0875 0.1411764705882353
1 0.628125 0.37411764705882355 0.025 0.05647058823529412
1 0.73359375 0.7129411764705882 0.1109375 0.1976470588235294
1 0.825 0.4423529411764706 0.025 0.042352941176470586
1 0.946875 0.48470588235294115 0.040625 0.06588235294117648