1 0.04930278884462151 0.26247848537005164 0.012948207171314742 0.029259896729776247
1 0.29830677290836655 0.16351118760757316 0.01693227091633466 0.03098106712564544
1 0.41832669322709165 0.22633390705679862 0.0199203187250996 0.03614457831325301
1 0.45717131474103584 0.2289156626506024 0.0199203187250996 0.0378657487091222
1 0.5717131474103586 0.16437177280550774 0.01593625498007968 0.025817555938037865
1 0.5712151394422311 0.1927710843373494 0.01693227091633466 0.03442340791738382
1 0.6339641434262948 0.22375215146299485 0.02091633466135458 0.04130808950086059
1 0.6314741035856574 0.26506024096385544 0.021912350597609563 0.04475043029259897
1 0.6787848605577689 0.17555938037865748 0.01693227091633466 0.0378657487091222
1 0.6887450199203188 0.22461273666092943 0.018924302788844622 0.043029259896729774
1 0.9487051792828686 0.23838209982788297 0.018924302788844622 0.039586919104991396