1 0.066 0.7032348804500703 0.0856 0.13783403656821377
1 0.0382 0.44549929676511957 0.0284 0.047116736990154715
1 0.0092 0.4437412095639944 0.016 0.057665260196905765
1 0.0772 0.3850210970464135 0.0208 0.03727144866385373
1 0.0978 0.5618846694796061 0.05 0.09282700421940929
1 0.162 0.5165260196905767 0.036 0.06258790436005626
1 0.1414 0.48417721518987344 0.0324 0.04992967651195499
1 0.1602 0.4208860759493671 0.0228 0.03867791842475387
1 0.1694 0.3860759493670886 0.018 0.03234880450070324
1 0.2292 0.39029535864978904 0.016 0.03375527426160337
1 0.2666 0.4356540084388186 0.022 0.04008438818565401
1 0.2678 0.4011954992967651 0.0212 0.03867791842475387
1 0.2926 0.37939521800281295 0.0148 0.034458509142053444
1 0.3298 0.3818565400843882 0.0156 0.026722925457102673
1 0.3112 0.5474683544303798 0.0296 0.05977496483825598
1 0.3464 0.5527426160337553 0.0448 0.07735583684950774
1 0.319 0.4419831223628692 0.018 0.04289732770745429
1 0.356 0.42334739803094235 0.0184 0.035161744022503515
1 0.377 0.40541490857946555 0.0124 0.027426160337552744
1 0.391 0.40541490857946555 0.0124 0.027426160337552744
1 0.3926 0.3628691983122363 0.0132 0.02531645569620253
1 0.415 0.4170182841068917 0.018 0.030942334739803096
1 0.4544 0.4138537271448664 0.0192 0.03867791842475387
1 0.4826 0.37939521800281295 0.014 0.02180028129395218
1 0.5078 0.39451476793248946 0.0212 0.0379746835443038
1 0.6808 0.7352320675105485 0.0904 0.1469760900140647
1 0.709 0.5330520393811533 0.0324 0.07172995780590717
1 0.723 0.5291842475386779 0.0268 0.056962025316455694
1 0.814 0.48417721518987344 0.0272 0.04992967651195499
1 0.8452 0.5355133614627285 0.0352 0.07383966244725738
1 0.8936 0.6705344585091421 0.0912 0.13572433192686356
1 0.9412 0.5291842475386779 0.044 0.06962025316455696
1 0.9746 0.48171589310829815 0.0476 0.06891701828410689