1 0.06654170571696345 0.4132231404958678 0.033739456419868794 0.0628099173553719
1 0.5721649484536082 0.1256198347107438 0.015932521087160263 0.03636363636363636
1 0.5993439550140581 0.12148760330578512 0.014058106841611996 0.024793388429752067
1 0.6246485473289597 0.11652892561983472 0.015932521087160263 0.02809917355371901
1 0.6387066541705717 0.11818181818181818 0.010309278350515464 0.024793388429752067
1 0.6850984067478912 0.12727272727272726 0.013120899718837863 0.026446280991735537
1 0.718369259606373 0.13636363636363635 0.015932521087160263 0.03471074380165289
1 0.7422680412371134 0.11735537190082644 0.020618556701030927 0.02975206611570248
1 0.774601686972821 0.12727272727272726 0.01780693533270853 0.03636363636363636
1 0.816776007497657 0.12892561983471074 0.014058106841611996 0.02975206611570248
1 0.46251171508903466 0.1371900826446281 0.019681349578256794 0.02975206611570248
1 0.4896907216494845 0.13636363636363635 0.01218369259606373 0.03140495867768595
1 0.866447985004686 0.15289256198347106 0.015932521087160263 0.03801652892561983
1 0.8894095595126523 0.16611570247933885 0.01499531396438613 0.03801652892561983
1 0.9058106841611996 0.15289256198347106 0.015932521087160263 0.03801652892561983
1 0.5 0.15123966942148762 0.014058106841611996 0.03801652892561983
1 0.5337394564198688 0.1669421487603306 0.02530459231490159 0.03966942148760331
1 0.5763823805060918 0.1743801652892562 0.020618556701030927 0.03471074380165289
1 0.6579194001874414 0.18181818181818182 0.020618556701030927 0.03966942148760331
1 0.6387066541705717 0.20165289256198346 0.01780693533270853 0.04297520661157025
1 0.6954076850984068 0.1793388429752066 0.020618556701030927 0.047933884297520664
1 0.7268041237113402 0.17024793388429751 0.01780693533270853 0.03636363636363636
1 0.7661668228678538 0.17355371900826447 0.019681349578256794 0.03966942148760331
1 0.7895970009372071 0.14793388429752066 0.01780693533270853 0.03140495867768595
1 0.8069353327085286 0.16363636363636364 0.016869728209934397 0.03966942148760331
1 0.8341143392689785 0.14628099173553719 0.013120899718837863 0.024793388429752067
1 0.8486410496719775 0.18016528925619835 0.015932521087160263 0.04628099173553719
1 0.8350515463917526 0.21652892561983472 0.022492970946579195 0.03966942148760331
1 0.9058106841611996 0.21818181818181817 0.02530459231490159 0.04628099173553719
1 0.7806935332708529 0.20165289256198346 0.022492970946579195 0.04297520661157025
1 0.9372071227741331 0.22644628099173553 0.01874414245548266 0.04297520661157025
1 0.930178069353327 0.2603305785123967 0.02155576382380506 0.05454545454545454
1 0.8716026241799437 0.2512396694214876 0.022492970946579195 0.04628099173553719
1 0.7300843486410497 0.21570247933884298 0.026241799437675725 0.04132231404958678
1 0.3767572633552015 0.1884297520661157 0.00937207122774133 0.03966942148760331
1 0.3922211808809747 0.19090909090909092 0.015932521087160263 0.04132231404958678
1 0.41377694470477977 0.19504132231404958 0.01780693533270853 0.04297520661157025
1 0.44095595126522963 0.19669421487603306 0.015932521087160263 0.03966942148760331
1 0.4835988753514527 0.2206611570247934 0.01499531396438613 0.03140495867768595
1 0.5342080599812559 0.21074380165289255 0.020618556701030927 0.03471074380165289
1 0.5627928772258669 0.24380165289256198 0.02530459231490159 0.05785123966942149
1 0.6330834114339269 0.24793388429752067 0.02155576382380506 0.049586776859504134
1 0.6855670103092784 0.2462809917355372 0.02530459231490159 0.05289256198347107
1 0.7656982193064668 0.2462809917355372 0.028116213683223992 0.0628099173553719
1 0.7272727272727273 0.2768595041322314 0.026241799437675725 0.05785123966942149
1 0.7839737582005624 0.27107438016528923 0.02717900656044986 0.049586776859504134
1 0.8434864104967198 0.28429752066115704 0.022492970946579195 0.04297520661157025
1 0.32989690721649484 0.2115702479338843 0.013120899718837863 0.02975206611570248
1 0.33973758200562326 0.2256198347107438 0.01780693533270853 0.03471074380165289
1 0.6105904404873477 0.3074380165289256 0.02530459231490159 0.05619834710743802
1 0.5515463917525774 0.30413223140495865 0.02530459231490159 0.05950413223140496
1 0.5121836925960638 0.2950413223140496 0.019681349578256794 0.047933884297520664
1 0.35941893158388005 0.2628099173553719 0.01780693533270853 0.03966942148760331
1 0.3631677600749766 0.30082644628099175 0.02155576382380506 0.04297520661157025
1 0.4217432052483599 0.2487603305785124 0.01874414245548266 0.04132231404958678
1 0.2867853795688847 0.2628099173553719 0.01499531396438613 0.02975206611570248
1 0.26569821930646675 0.26776859504132233 0.02155576382380506 0.03636363636363636
1 0.3406747891283974 0.25950413223140495 0.019681349578256794 0.03636363636363636
1 0.3673851921274602 0.2190082644628099 0.016869728209934397 0.03801652892561983
1 0.5923149015932521 0.14628099173553719 0.013120899718837863 0.03471074380165289
1 0.6152764761012184 0.14132231404958678 0.014058106841611996 0.024793388429752067
1 0.7539831302717901 0.13801652892561983 0.019681349578256794 0.03801652892561983
1 0.6677600749765699 0.2066115702479339 0.023430178069353328 0.04297520661157025
1 0.4709465791940019 0.20082644628099172 0.02155576382380506 0.04132231404958678
1 0.48078725398313027 0.16446280991735537 0.01499531396438613 0.03801652892561983
1 0.40393626991565135 0.21818181818181817 0.01874414245548266 0.04628099173553719