1 0.8796821793416572 0.15816326530612246 0.011350737797956867 0.030612244897959183
1 0.8422247446083996 0.15612244897959185 0.011350737797956867 0.030612244897959183
1 0.9103291713961408 0.17448979591836736 0.011350737797956867 0.030612244897959183
1 0.9387060158910329 0.17244897959183675 0.011350737797956867 0.030612244897959183
1 0.8921679909194098 0.19795918367346937 0.015891032917139614 0.036734693877551024
1 0.8637911464245176 0.19183673469387755 0.011350737797956867 0.0326530612244898
1 0.8513053348467651 0.19387755102040816 0.015891032917139614 0.036734693877551024
1 0.8853575482406356 0.24693877551020407 0.015891032917139614 0.044897959183673466
1 0.8751418842224744 0.286734693877551 0.015891032917139614 0.05510204081632653
1 0.9069239500567536 0.32142857142857145 0.02043132803632236 0.05510204081632653
1 0.9205448354143019 0.24897959183673468 0.01362088535754824 0.04081632653061224
1 0.9301929625425652 0.23877551020408164 0.014755959137343927 0.04081632653061224
1 0.9370034052213394 0.21836734693877552 0.012485811577752554 0.0326530612244898
1 0.9330306469920545 0.286734693877551 0.02043132803632236 0.04693877551020408
1 0.9052213393870602 0.4193877551020408 0.03064699205448354 0.07551020408163266
1 0.8195232690124858 0.35612244897959183 0.029511918274687854 0.0673469387755102
1 0.8496027241770715 0.30714285714285716 0.021566401816118047 0.05510204081632653
1 0.7894438138479001 0.29081632653061223 0.021566401816118047 0.05510204081632653
1 0.7922814982973894 0.20816326530612245 0.015891032917139614 0.04081632653061224
1 0.8093076049943246 0.24897959183673468 0.015891032917139614 0.04081632653061224
1 0.8348467650397275 0.24081632653061225 0.014755959137343927 0.04081632653061224
1 0.8127128263337117 0.17142857142857143 0.011350737797956867 0.0326530612244898
1 0.8149829738933031 0.19387755102040816 0.015891032917139614 0.04081632653061224
1 0.8286038592508513 0.17653061224489797 0.01362088535754824 0.03469387755102041
1 0.7116912599318955 0.16326530612244897 0.01362088535754824 0.0326530612244898
1 0.738933030646992 0.17653061224489797 0.01362088535754824 0.03469387755102041
1 0.757094211123723 0.12857142857142856 0.01362088535754824 0.02857142857142857
1 0.7542565266742338 0.15306122448979592 0.012485811577752554 0.036734693877551024
1 0.7809307604994324 0.14489795918367346 0.011350737797956867 0.024489795918367346
1 0.7741203178206584 0.1836734693877551 0.01362088535754824 0.036734693877551024
1 0.7088535754824064 0.19591836734693877 0.0170261066969353 0.04081632653061224
1 0.7099886492622021 0.24183673469387756 0.019296254256526674 0.05102040816326531
1 0.7321225879682179 0.34183673469387754 0.02724177071509648 0.0673469387755102
1 0.688422247446084 0.3326530612244898 0.026106696935300794 0.0653061224489796
1 0.6322360953461975 0.22448979591836735 0.018161180476730987 0.044897959183673466
1 0.6384790011350738 0.24897959183673468 0.019296254256526674 0.044897959183673466
1 0.6702610669693531 0.2785714285714286 0.019296254256526674 0.04693877551020408
1 0.662883087400681 0.19285714285714287 0.015891032917139614 0.03877551020408163
1 0.6725312145289444 0.22244897959183674 0.0170261066969353 0.04081632653061224
1 0.70261066969353 0.12653061224489795 0.009080590238365494 0.024489795918367346
1 0.6816118047673099 0.11530612244897959 0.01021566401816118 0.022448979591836733
1 0.6458569807037458 0.10612244897959183 0.009080590238365494 0.02040816326530612
1 0.6407491486946651 0.12142857142857143 0.01021566401816118 0.022448979591836733
1 0.6611804767309876 0.11326530612244898 0.01021566401816118 0.018367346938775512
1 0.6662883087400681 0.12551020408163266 0.009080590238365494 0.022448979591836733
1 0.6481271282633371 0.14489795918367346 0.01362088535754824 0.0326530612244898
1 0.6293984108967083 0.14387755102040817 0.01021566401816118 0.030612244897959183
1 0.6316685584562997 0.15510204081632653 0.012485811577752554 0.0326530612244898
1 0.6106696935300795 0.10816326530612246 0.011350737797956867 0.024489795918367346
1 0.5856980703745743 0.11632653061224489 0.011350737797956867 0.02857142857142857
1 0.6038592508513053 0.12551020408163266 0.011350737797956867 0.03469387755102041
1 0.5788876276958003 0.14285714285714285 0.011350737797956867 0.02857142857142857
1 0.5550510783200908 0.12040816326530612 0.009080590238365494 0.02040816326530612
1 0.6004540295119183 0.14591836734693878 0.01362088535754824 0.030612244897959183
1 0.5805902383654937 0.17857142857142858 0.012485811577752554 0.03469387755102041
1 0.5527809307604994 0.1663265306122449 0.01362088535754824 0.03469387755102041
1 0.5612939841089671 0.18775510204081633 0.0170261066969353 0.036734693877551024
1 0.5437003405221339 0.13877551020408163 0.01362088535754824 0.02857142857142857
1 0.5300794551645857 0.15612244897959185 0.01362088535754824 0.030612244897959183
1 0.5068104426787742 0.13673469387755102 0.012485811577752554 0.024489795918367346
1 0.5011350737797957 0.16020408163265307 0.012485811577752554 0.030612244897959183
1 0.4279228149829739 0.15306122448979592 0.011350737797956867 0.02857142857142857
1 0.46027241770715094 0.15306122448979592 0.012485811577752554 0.02857142857142857
1 0.4778660612939841 0.1826530612244898 0.01362088535754824 0.03877551020408163
1 0.47616345062429055 0.16224489795918368 0.012485811577752554 0.030612244897959183
1 0.4199772985244041 0.18877551020408162 0.015891032917139614 0.03877551020408163
1 0.4211123723041998 0.20408163265306123 0.011350737797956867 0.036734693877551024
1 0.44040862656072643 0.19591836734693877 0.015891032917139614 0.0326530612244898
1 0.4443813847900113 0.22755102040816327 0.019296254256526674 0.03877551020408163
1 0.4778660612939841 0.2336734693877551 0.02043132803632236 0.04285714285714286
1 0.47048808172531215 0.1377551020408163 0.01021566401816118 0.022448979591836733
1 0.4965947786606129 0.12959183673469388 0.01021566401816118 0.022448979591836733
1 0.19069239500567536 0.3979591836734694 0.043132803632236094 0.08979591836734693
1 0.32009080590238365 0.2336734693877551 0.015891032917139614 0.03469387755102041
1 0.3280363223609535 0.20918367346938777 0.01362088535754824 0.030612244897959183
1 0.3530079455164586 0.19795918367346937 0.01362088535754824 0.02857142857142857
1 0.5329171396140749 0.2857142857142857 0.019296254256526674 0.04897959183673469
1 0.5805902383654937 0.2357142857142857 0.019296254256526674 0.04285714285714286
1 0.5964812712826334 0.27448979591836736 0.02383654937570942 0.05918367346938776
1 0.5964812712826334 0.3153061224489796 0.028376844494892167 0.0673469387755102