1 0.204031465093412 0.357504215851602 0.04424778761061947 0.0775716694772344
1 0.29547689282202555 0.21500843170320405 0.018682399213372666 0.03541315345699832
1 0.3274336283185841 0.25126475548060706 0.01966568338249754 0.04047217537942664
1 0.34021632251720746 0.21585160202360876 0.01966568338249754 0.03372681281618887
1 0.35398230088495575 0.19645868465430016 0.01376597836774828 0.02866779089376054
1 0.34857423795476894 0.18549747048903878 0.01671583087512291 0.03372681281618887
1 0.3785644051130777 0.19645868465430016 0.015732546705998034 0.0387858347386172
1 0.39331366764995085 0.1973018549747049 0.01966568338249754 0.04047217537942664
1 0.3824975417895772 0.2521079258010118 0.01966568338249754 0.0387858347386172
1 0.37315634218289084 0.2327150084317032 0.01671583087512291 0.03372681281618887
1 0.41789577187807275 0.2596964586846543 0.02359882005899705 0.047217537942664416
1 0.42428711897738447 0.20657672849915684 0.018682399213372666 0.03204047217537943
1 0.42674532940019666 0.1745362563237774 0.015732546705998034 0.03204047217537943
1 0.42674532940019666 0.1475548060708263 0.01376597836774828 0.03204047217537943
1 0.44591937069813176 0.1711635750421585 0.01671583087512291 0.03204047217537943
1 0.4478859390363815 0.21163575042158517 0.02064896755162242 0.04215851602023609
1 0.48279252704031467 0.2251264755480607 0.021632251720747297 0.0387858347386172
1 0.4754178957718781 0.1543001686340641 0.01671583087512291 0.02866779089376054
1 0.4754178957718781 0.13827993254637436 0.010816125860373648 0.02023608768971332
1 0.49262536873156343 0.17200674536256325 0.01966568338249754 0.047217537942664416
1 0.4941002949852507 0.1357504215851602 0.014749262536873156 0.025295109612141653
1 0.5132743362831859 0.12563237774030353 0.01376597836774828 0.02866779089376054
1 0.52015732546706 0.14165261382799327 0.01376597836774828 0.026981450252951095
1 0.5314650934119961 0.12647554806070826 0.01671583087512291 0.026981450252951095
1 0.5108161258603736 0.17284991568296795 0.01671583087512291 0.02866779089376054
1 0.5255653883972468 0.18043844856661045 0.01671583087512291 0.03709949409780776
1 0.5476892822025565 0.19224283305227655 0.021632251720747297 0.04047217537942664
1 0.5368731563421829 0.16104553119730186 0.01376597836774828 0.025295109612141653
1 0.5594886922320551 0.1627318718381113 0.015732546705998034 0.02866779089376054
1 0.5703048180924287 0.1543001686340641 0.011799410029498525 0.025295109612141653
1 0.5550639134709932 0.14165261382799327 0.008849557522123894 0.023608768971332208
1 0.5535889872173058 0.12647554806070826 0.011799410029498525 0.02023608768971332
1 0.5899705014749262 0.16863406408094436 0.01376597836774828 0.03035413153456998
1 0.5948869223205506 0.1467116357504216 0.011799410029498525 0.026981450252951095
1 0.5894788593903638 0.12900505902192244 0.010816125860373648 0.025295109612141653
1 0.5894788593903638 0.11382799325463744 0.012782694198623401 0.021922428330522766
1 0.6057030481809242 0.13406408094435077 0.01376597836774828 0.025295109612141653
1 0.6229105211406096 0.15008431703204048 0.014749262536873156 0.03035413153456998
1 0.616519174041298 0.13659359190556492 0.011799410029498525 0.02023608768971332
1 0.6150442477876106 0.112141652613828 0.012782694198623401 0.021922428330522766
1 0.6312684365781711 0.12563237774030353 0.01376597836774828 0.03204047217537943
1 0.6548672566371682 0.13322091062394603 0.015732546705998034 0.03372681281618887
1 0.6720747295968534 0.13743676222596965 0.014749262536873156 0.02866779089376054
1 0.6686332350049164 0.10961214165261383 0.011799410029498525 0.026981450252951095
1 0.6927236971484759 0.12225969645868466 0.010816125860373648 0.02866779089376054
1 0.6932153392330384 0.09949409780775717 0.011799410029498525 0.023608768971332208
1 0.727630285152409 0.11129848229342328 0.017699115044247787 0.026981450252951095
1 0.5019665683382497 0.28583473861720066 0.024582104228121928 0.05902192242833052
1 0.5639134709931171 0.28920741989881954 0.03048180924287119 0.0657672849915683
1 0.5791543756145526 0.2403035413153457 0.021632251720747297 0.048903878583473864
1 0.6189773844641101 0.23777403035413153 0.024582104228121928 0.050590219224283306
1 0.6327433628318584 0.2209106239460371 0.018682399213372666 0.03709949409780776
1 0.6902654867256637 0.24198988195615515 0.02359882005899705 0.048903878583473864
1 0.6106194690265486 0.3305227655986509 0.029498525073746312 0.05733558178752108
1 0.711897738446411 0.3111298482293423 0.03343166175024582 0.05902192242833052
1 0.7374631268436578 0.290893760539629 0.02753195673549656 0.06239460370994941
1 0.732055063913471 0.22765598650927488 0.024582104228121928 0.04384485666104553
1 0.7123893805309734 0.1905564924114671 0.018682399213372666 0.03709949409780776
1 0.6917404129793511 0.17959527824620575 0.018682399213372666 0.03541315345699832
1 0.7104228121927237 0.16104553119730186 0.018682399213372666 0.0387858347386172
1 0.755653883972468 0.1357504215851602 0.014749262536873156 0.03541315345699832
1 0.7620452310717798 0.15851602023608768 0.017699115044247787 0.03372681281618887
1 0.7659783677482792 0.18465430016863407 0.01966568338249754 0.04215851602023609
1 0.7753195673549655 0.25126475548060706 0.02261553588987217 0.05733558178752108
1 0.7517207472959685 0.3752107925801012 0.038348082595870206 0.07588532883642496
1 0.8264503441494592 0.3971332209106239 0.0344149459193707 0.07925801011804384
1 0.8077679449360865 0.28583473861720066 0.02261553588987217 0.05227655986509275
1 0.8018682399213373 0.24957841483979765 0.018682399213372666 0.03709949409780776
1 0.8062930186823992 0.21500843170320405 0.01966568338249754 0.04215851602023609
1 0.8058013765978368 0.1627318718381113 0.018682399213372666 0.03541315345699832
1 0.7915437561455261 0.14418212478920742 0.01376597836774828 0.03204047217537943
1 0.884464110127827 0.22849915682967958 0.02261553588987217 0.04215851602023609
1 0.8780727630285152 0.2706576728499157 0.021632251720747297 0.048903878583473864
1 0.8461160275319567 0.30269814502529513 0.024582104228121928 0.0657672849915683
1 0.9051130776794494 0.4156829679595278 0.04031465093411996 0.07925801011804384
1 0.9203539823008849 0.3145025295109612 0.02359882005899705 0.0657672849915683
1 0.9306784660766961 0.28499156829679595 0.02064896755162242 0.047217537942664416
1 0.9341199606686332 0.22596964586846544 0.01966568338249754 0.04047217537942664