1 0.03057982525814138 0.4155027932960894 0.023034154090548053 0.051675977653631286
1 0.2307386814932486 0.3344972067039106 0.015091342335186657 0.034916201117318434
1 0.2561556791104051 0.36312849162011174 0.018268467037331215 0.04189944134078212
1 0.2851469420174742 0.2995810055865922 0.015885623510722795 0.03212290502793296
1 0.32922954725972997 0.3505586592178771 0.019857029388403495 0.036312849162011177
1 0.35146942017474186 0.3303072625698324 0.016679904686258934 0.029329608938547486
1 0.352263701350278 0.2905027932960894 0.016679904686258934 0.030726256983240222
1 0.38284352660841936 0.25488826815642457 0.014297061159650517 0.02653631284916201
1 0.3987291501191422 0.2702513966480447 0.014297061159650517 0.029329608938547486
1 0.4019062748212867 0.29399441340782123 0.012708498808578236 0.02653631284916201
1 0.37887212073073867 0.32192737430167595 0.017474185861795076 0.03212290502793296
1 0.40031771247021447 0.33379888268156427 0.017474185861795076 0.0335195530726257
1 0.4217633042096902 0.24650837988826815 0.012708498808578236 0.023743016759776536
1 0.4249404289118348 0.29678770949720673 0.015885623510722795 0.03212290502793296
1 0.4471803018268467 0.3365921787709497 0.019062748212867357 0.0335195530726257
1 0.4384432088959492 0.2590782122905028 0.014297061159650517 0.02653631284916201
1 0.46108022239872914 0.29608938547486036 0.015091342335186657 0.027932960893854747
1 0.46664019062748213 0.2639664804469274 0.011914217633042097 0.0223463687150838
1 0.4567116759332804 0.23812849162011174 0.011119936457505957 0.02094972067039106
1 0.517474185861795 0.2360335195530726 0.010325655281969817 0.019553072625698324
1 0.5003971405877681 0.2639664804469274 0.012708498808578236 0.0223463687150838
1 0.5297855440826053 0.263268156424581 0.014297061159650517 0.02653631284916201
1 0.5476568705321684 0.2807262569832402 0.015091342335186657 0.027932960893854747
1 0.5250198570293884 0.3477653631284916 0.022239872915011914 0.04748603351955307
1 0.49404289118347894 0.316340782122905 0.017474185861795076 0.02653631284916201
1 0.5472597299444003 0.2255586592178771 0.011119936457505957 0.02094972067039106
1 0.561953931691819 0.22136871508379888 0.013502779984114376 0.02094972067039106
1 0.5710881652104846 0.2534916201117318 0.011119936457505957 0.02653631284916201
1 0.5861795075456712 0.24581005586592178 0.012708498808578236 0.025139664804469275
1 0.5897537728355838 0.2185754189944134 0.011914217633042097 0.02653631284916201
1 0.5957108816521048 0.2053072625698324 0.011119936457505957 0.0223463687150838
1 0.6123907863383637 0.21578212290502793 0.011119936457505957 0.023743016759776536
1 0.6235107227958697 0.22695530726256982 0.012708498808578236 0.02094972067039106
1 0.6413820492454329 0.210195530726257 0.010325655281969817 0.02094972067039106
1 0.6616362192216044 0.22695530726256982 0.014297061159650517 0.029329608938547486
1 0.6826846703733122 0.22136871508379888 0.011914217633042097 0.023743016759776536
1 0.6890389197776012 0.25139664804469275 0.013502779984114376 0.0335195530726257
1 0.6612390786338364 0.26187150837988826 0.015091342335186657 0.02653631284916201
1 0.6243050039714059 0.24371508379888268 0.011119936457505957 0.02094972067039106
1 0.6175536139793487 0.2905027932960894 0.013502779984114376 0.025139664804469275
1 0.5865766481334392 0.32821229050279327 0.015091342335186657 0.027932960893854747
1 0.596505162827641 0.3526536312849162 0.020651310563939634 0.04329608938547486
1 0.5980937251787133 0.41410614525139666 0.023828435266084195 0.051675977653631286
1 0.6425734710087371 0.36312849162011174 0.022239872915011914 0.03910614525139665
1 0.6711675933280381 0.34567039106145253 0.019062748212867357 0.040502793296089384
1 0.6632247815726767 0.4308659217877095 0.025416997617156472 0.051675977653631286
1 0.5329626687847498 0.39455307262569833 0.025416997617156472 0.046089385474860335
1 0.6985702938840349 0.4622905027932961 0.030976965845909452 0.06983240223463687
1 0.7136616362192216 0.3931564245810056 0.021445591739475776 0.046089385474860335
1 0.7728355837966641 0.40502793296089384 0.025416997617156472 0.0446927374301676
1 0.8030182684670373 0.4937150837988827 0.027005559968228753 0.05446927374301676
1 0.8236695790309769 0.4245810055865922 0.022239872915011914 0.05027932960893855
1 0.892374900714853 0.4594972067039106 0.023034154090548053 0.04748603351955307
1 0.8788721207307387 0.39036312849162014 0.019857029388403495 0.03770949720670391
1 0.8415409054805401 0.3659217877094972 0.019857029388403495 0.05027932960893855
1 0.7926926131850676 0.35893854748603354 0.020651310563939634 0.04189944134078212
1 0.7966640190627482 0.32751396648044695 0.017474185861795076 0.03212290502793296
1 0.8224781572676727 0.3023743016759777 0.016679904686258934 0.034916201117318434
1 0.7982525814138205 0.29678770949720673 0.014297061159650517 0.03212290502793296
1 0.7529785544082606 0.2807262569832402 0.014297061159650517 0.030726256983240222
1 0.710087370929309 0.2856145251396648 0.014297061159650517 0.029329608938547486
1 0.7235901509134234 0.2590782122905028 0.014297061159650517 0.034916201117318434
1 0.7303415409054805 0.23533519553072627 0.011914217633042097 0.023743016759776536
1 0.7430500397140588 0.23044692737430167 0.011914217633042097 0.025139664804469275
1 0.7450357426528992 0.2527932960893855 0.014297061159650517 0.027932960893854747
1 0.7605242255758539 0.23533519553072627 0.011914217633042097 0.02653631284916201
1 0.7696584590945195 0.24441340782122906 0.011119936457505957 0.027932960893854747
1 0.795472597299444 0.263268156424581 0.013502779984114376 0.023743016759776536
1 0.8220810166799047 0.25 0.012708498808578236 0.025139664804469275
1 0.8304209690230342 0.27164804469273746 0.011914217633042097 0.029329608938547486
1 0.8383637807783956 0.263268156424581 0.013502779984114376 0.02653631284916201
1 0.8514694201747418 0.2506983240223464 0.011119936457505957 0.03212290502793296
1 0.8737092930897538 0.2807262569832402 0.014297061159650517 0.036312849162011177
1 0.8617950754567116 0.316340782122905 0.012708498808578236 0.03212290502793296
1 0.8558379666401906 0.3407821229050279 0.015091342335186657 0.036312849162011177
1 0.8911834789515488 0.3191340782122905 0.012708498808578236 0.03212290502793296
1 0.9090548054011119 0.3407821229050279 0.015091342335186657 0.036312849162011177
1 0.90945194598888 0.29329608938547486 0.014297061159650517 0.027932960893854747
1 0.9082605242255759 0.2751396648044693 0.011914217633042097 0.025139664804469275
1 0.45432883240667193 0.4057262569832402 0.023828435266084195 0.051675977653631286