1 0.8414161008729389 0.20633561643835616 0.014548981571290009 0.03595890410958904
1 0.8346265761396702 0.2303082191780822 0.016488845780795344 0.03595890410958904
1 0.8666343355965083 0.285958904109589 0.020368574199806012 0.04794520547945205
1 0.8899127061105723 0.22517123287671234 0.014548981571290009 0.03595890410958904
1 0.930164888457808 0.2405821917808219 0.011639185257032008 0.032534246575342464
1 0.9296799224054316 0.2825342465753425 0.016488845780795344 0.0410958904109589
1 0.9107662463627546 0.3467465753424658 0.02133850630455868 0.05650684931506849
1 0.8414161008729389 0.3424657534246575 0.02424830261881668 0.04794520547945205
1 0.7938894277400582 0.3159246575342466 0.02424830261881668 0.06678082191780822
1 0.7589718719689622 0.2568493150684932 0.01842870999030068 0.04452054794520548
1 0.7274490785645005 0.2945205479452055 0.02133850630455868 0.05821917808219178
1 0.7308438409311349 0.1815068493150685 0.016488845780795344 0.0410958904109589
1 0.6629485935984482 0.19863013698630136 0.014548981571290009 0.03767123287671233
1 0.6391852570320078 0.24743150684931506 0.015518913676042677 0.046232876712328765
1 0.6794374393792435 0.2602739726027397 0.02424830261881668 0.04794520547945205
1 0.5935984481086324 0.23972602739726026 0.01745877788554801 0.04452054794520548
1 0.5834141610087293 0.18065068493150685 0.014548981571290009 0.03595890410958904
1 0.6222114451988361 0.14383561643835616 0.01066925315227934 0.0273972602739726
1 0.5082444228903976 0.15154109589041095 0.011639185257032008 0.02910958904109589
1 0.498545101842871 0.19006849315068494 0.013579049466537343 0.03767123287671233
1 0.5431619786614937 0.1969178082191781 0.015518913676042677 0.0410958904109589
1 0.488360814742968 0.2285958904109589 0.01842870999030068 0.046232876712328765
1 0.41949563530552864 0.2226027397260274 0.014548981571290009 0.03424657534246575
1 0.4354995150339476 0.22517123287671234 0.01745877788554801 0.04280821917808219
1 0.39670223084384093 0.2517123287671233 0.019398642095053348 0.04452054794520548
1 0.34044616876818623 0.21147260273972604 0.013579049466537343 0.025684931506849314
1 0.34190106692531524 0.2525684931506849 0.01842870999030068 0.039383561643835614