1 0.013396375098502758 0.4471496437054632 0.0252167060677699 0.07957244655581948
1 0.07210401891252956 0.4750593824228028 0.02127659574468085 0.03800475059382423
1 0.04688731284475965 0.46021377672209024 0.01182033096926714 0.032066508313539195
1 0.05594956658786446 0.47030878859857483 0.01260835303388495 0.023752969121140142
1 0.09259259259259259 0.5623515439429929 0.029156816390858944 0.060570071258907364
1 0.11899133175728921 0.6573634204275535 0.055161544523246654 0.08432304038004751
1 0.15681639085894405 0.6864608076009501 0.061465721040189124 0.13064133016627077
1 0.18006304176516943 0.5973871733966746 0.0338849487785658 0.07125890736342043
1 0.18833727344365642 0.5546318289786223 0.0252167060677699 0.04513064133016627
1 0.21513002364066194 0.5665083135391924 0.028368794326241134 0.052256532066508314
1 0.3301812450748621 0.6745843230403801 0.04885736800630418 0.0831353919239905
1 0.31639085894405045 0.6300475059382423 0.04964539007092199 0.07244655581947744
1 0.2895981087470449 0.5564133016627079 0.02127659574468085 0.039192399049881234
1 0.3195429472025217 0.5617577197149644 0.026004728132387706 0.047505938242280284
1 0.3833727344365642 0.4495249406175772 0.04491725768321513 0.07482185273159145
1 0.4227738376674547 0.5498812351543944 0.022852639873916468 0.040380047505938245
1 0.4858156028368794 0.6116389548693587 0.04018912529550828 0.0688836104513064
1 0.48699763593380613 0.5665083135391924 0.0252167060677699 0.035629453681710214
1 0.5027580772261623 0.5391923990498813 0.0252167060677699 0.04275534441805225
1 0.5397951142631994 0.581353919239905 0.0252167060677699 0.039192399049881234
1 0.5610717100078803 0.6383610451306413 0.04728132387706856 0.08432304038004751
1 0.5606776989755713 0.5380047505938242 0.022852639873916468 0.03800475059382423
1 0.5791962174940898 0.5528503562945368 0.02206461780929866 0.03681710213776722
1 0.6174152876280535 0.5570071258907363 0.030732860520094562 0.0498812351543943
1 0.6516942474389283 0.5985748218527316 0.04412923561859732 0.06175771971496437
1 0.6769109535066982 0.5492874109263658 0.026792750197005517 0.039192399049881234
1 0.710795902285264 0.6086698337292161 0.039401103230890466 0.06532066508313539
1 0.7194641449960599 0.5475059382422803 0.0252167060677699 0.047505938242280284
1 0.7454688731284476 0.5795724465558195 0.026792750197005517 0.04513064133016627
1 0.830575256107171 0.5985748218527316 0.03467297084318361 0.057007125890736345
1 0.8459416863672183 0.5718527315914489 0.029156816390858944 0.043942992874109264
1 0.9440504334121356 0.586104513064133 0.03309692671394799 0.0510688836104513