1 0.36455108359133126 0.8246606334841629 0.18111455108359134 0.3054298642533937
1 0.4117647058823529 0.6278280542986425 0.07430340557275542 0.10633484162895927
1 0.44891640866873067 0.5497737556561086 0.030959752321981424 0.049773755656108594
1 0.5092879256965944 0.5067873303167421 0.02476780185758514 0.04072398190045249
1 0.31811145510835914 0.584841628959276 0.047987616099071206 0.07013574660633484
1 0.3304953560371517 0.5384615384615384 0.02321981424148607 0.04072398190045249
1 0.16718266253869968 0.584841628959276 0.03715170278637771 0.07013574660633484
1 0.08591331269349846 0.670814479638009 0.07585139318885449 0.11990950226244344
1 0.7476780185758514 0.6153846153846154 0.04953560371517028 0.09502262443438914
1 0.9620743034055728 0.7296380090497737 0.07585139318885449 0.14705882352941177
1 0.9651702786377709 0.6527149321266968 0.06656346749226007 0.09276018099547512
1 0.9806501547987616 0.5916289592760181 0.03560371517027864 0.06561085972850679
1 0.9396284829721362 0.5735294117647058 0.04024767801857585 0.06108597285067873
1 0.6230650154798761 0.5678733031674208 0.04179566563467492 0.05429864253393665
1 0.596749226006192 0.5497737556561086 0.029411764705882353 0.03619909502262444
1 0.5789473684210527 0.5328054298642534 0.02476780185758514 0.033936651583710405
1 0.2585139318885449 0.5486425339366516 0.021671826625386997 0.038461538461538464