1 0.06261682242990654 0.37569444444444444 0.026168224299065422 0.04861111111111111
1 0.2163551401869159 0.4597222222222222 0.03644859813084112 0.05277777777777778
1 0.30046728971962616 0.49444444444444446 0.04579439252336449 0.05555555555555555
1 0.3560747663551402 0.4576388888888889 0.037383177570093455 0.05138888888888889
1 0.4289719626168224 0.4826388888888889 0.037383177570093455 0.059722222222222225
1 0.4546728971962617 0.46041666666666664 0.025233644859813085 0.0375
1 0.4742990654205608 0.41597222222222224 0.019626168224299065 0.03194444444444444
1 0.5462616822429907 0.5326388888888889 0.0514018691588785 0.07916666666666666
1 0.5883177570093457 0.4638888888888889 0.02149532710280374 0.03611111111111111
1 0.6299065420560748 0.4125 0.020560747663551402 0.030555555555555555
1 0.6626168224299065 0.45208333333333334 0.020560747663551402 0.029166666666666667
1 0.6761682242990654 0.4840277777777778 0.03271028037383177 0.04861111111111111
1 0.7546728971962616 0.5180555555555556 0.06261682242990654 0.11944444444444445
1 0.7934579439252336 0.46597222222222223 0.028037383177570093 0.05416666666666667
1 0.8238317757009346 0.48125 0.02149532710280374 0.04861111111111111
1 0.9116822429906543 0.5131944444444444 0.038317757009345796 0.07083333333333333
1 0.9869158878504672 0.4909722222222222 0.024299065420560748 0.043055555555555555
1 0.9383177570093458 0.6256944444444444 0.06542056074766354 0.09583333333333334