1 0.9525 0.17928286852589642 0.076 0.12749003984063745
1 0.532 0.7123505976095618 0.113 0.17051792828685258
1 0.26625 0.9406374501992032 0.1715 0.11872509960159362
1 0.06775 0.6804780876494024 0.1145 0.17370517928286852
1 0.27 0.6171314741035857 0.074 0.14262948207171314
1 0.6125 0.6147410358565737 0.079 0.1298804780876494
1 0.7115 0.48446215139442234 0.071 0.08764940239043825
1 0.7555 0.4685258964143426 0.046 0.09880478087649402
1 0.77975 0.44621513944223107 0.0505 0.07808764940239044
1 0.7985 0.4187250996015936 0.032 0.06772908366533864
1 0.806 0.39203187250996013 0.029 0.055776892430278883
1 0.78 0.3800796812749004 0.032 0.062151394422310755
1 0.68025 0.38286852589641435 0.0345 0.06135458167330677
1 0.6515 0.4055776892430279 0.041 0.07649402390438247
1 0.5935 0.45298804780876495 0.046 0.07091633466135458
1 0.5495 0.48725099601593624 0.051 0.09322709163346614
1 0.47825 0.49840637450199204 0.0615 0.10438247011952191
1 0.54975 0.40318725099601593 0.0325 0.05099601593625498
1 0.566 0.37211155378486055 0.034 0.05258964143426295
1 0.43825 0.38605577689243026 0.0265 0.0549800796812749
1 0.40925 0.38366533864541835 0.0355 0.05338645418326693
1 0.391 0.43545816733067727 0.043 0.07410358565737052
1 0.3445 0.451394422310757 0.046 0.0804780876494024
1 0.3575 0.38725099601593627 0.035 0.05258964143426295
1 0.3325 0.3784860557768924 0.029 0.054183266932270914
1 0.29125 0.39362549800796814 0.0355 0.054183266932270914
1 0.249 0.4788844621513944 0.061 0.09561752988047809
1 0.232 0.4294820717131474 0.039 0.055776892430278883
1 0.24825 0.40398406374501994 0.0355 0.06693227091633466
1 0.167 0.3812749003984064 0.036 0.05816733067729084
1 0.1505 0.45697211155378487 0.046 0.08685258964143426
1 0.13025 0.4099601593625498 0.0315 0.0549800796812749
1 0.0765 0.4346613545816733 0.036 0.06613545816733067
1 0.05025 0.4701195219123506 0.0605 0.07808764940239044
1 0.05025 0.549800796812749 0.0835 0.1051792828685259