1 0.14514407684098185 0.2224334600760456 0.0192102454642476 0.030418250950570342
1 0.2870864461045891 0.40209125475285173 0.0576307363927428 0.11216730038022814
1 0.39701173959445035 0.5152091254752852 0.06616862326574173 0.13688212927756654
1 0.3457844183564568 0.21007604562737642 0.021344717182497332 0.04752851711026616
1 0.4012806830309498 0.26806083650190116 0.021344717182497332 0.04182509505703422
1 0.4242262540021345 0.21197718631178708 0.016008537886873 0.03231939163498099
1 0.47011739594450375 0.2262357414448669 0.01814300960512273 0.034220532319391636
1 0.5005336179295624 0.20912547528517111 0.021344717182497332 0.034220532319391636
1 0.5757737459978656 0.1112167300380228 0.011739594450373533 0.024714828897338403
1 0.6072572038420491 0.10931558935361217 0.010672358591248666 0.02091254752851711
1 0.6376734258271078 0.11692015209125475 0.0096051227321238 0.024714828897338403
1 0.583778014941302 0.25570342205323193 0.025613660618996798 0.03612167300380228
1 0.615795090715048 0.24524714828897337 0.023479188900747065 0.04182509505703422
1 0.6542155816435432 0.12452471482889733 0.010672358591248666 0.017110266159695818