1 0.11713836477987422 0.5138888888888888 0.040880503144654086 0.09567901234567901
1 0.21776729559748428 0.2492283950617284 0.012578616352201259 0.041666666666666664
1 0.2841981132075472 0.22530864197530864 0.018081761006289308 0.033950617283950615
1 0.3164308176100629 0.22453703703703703 0.013364779874213837 0.032407407407407406
1 0.32861635220125784 0.1882716049382716 0.015723270440251572 0.037037037037037035
1 0.3384433962264151 0.21141975308641975 0.01650943396226415 0.046296296296296294
1 0.38404088050314467 0.24537037037037038 0.019654088050314465 0.05246913580246913
1 0.407625786163522 0.17746913580246915 0.013364779874213837 0.037037037037037035
1 0.41312893081761004 0.2183641975308642 0.013364779874213837 0.032407407407407406
1 0.44575471698113206 0.2770061728395062 0.020440251572327043 0.05092592592592592
1 0.4367138364779874 0.1597222222222222 0.01650943396226415 0.032407407407407406
1 0.44025157232704404 0.1867283950617284 0.014150943396226415 0.040123456790123455
1 0.4563679245283019 0.15895061728395063 0.01179245283018868 0.040123456790123455
1 0.48663522012578614 0.1597222222222222 0.015723270440251572 0.035493827160493825
1 0.47759433962264153 0.23919753086419754 0.014937106918238994 0.046296296296296294
1 0.5074685534591195 0.19212962962962962 0.014937106918238994 0.035493827160493825
1 0.5015723270440252 0.1427469135802469 0.0110062893081761 0.026234567901234566
1 0.514937106918239 0.08410493827160494 0.014150943396226415 0.038580246913580245
1 0.5609276729559748 0.20756172839506173 0.013364779874213837 0.035493827160493825
1 0.5581761006289309 0.15432098765432098 0.014150943396226415 0.040123456790123455
1 0.5805817610062893 0.19907407407407407 0.014937106918238994 0.040123456790123455
1 0.5900157232704403 0.12962962962962962 0.014937106918238994 0.033950617283950615
1 0.589622641509434 0.15432098765432098 0.014150943396226415 0.033950617283950615
1 0.6053459119496856 0.12037037037037036 0.015723270440251572 0.030864197530864196
1 0.6403301886792453 0.11882716049382716 0.014937106918238994 0.030864197530864196
1 0.6202830188679245 0.15200617283950618 0.014150943396226415 0.032407407407407406
1 0.6509433962264151 0.14660493827160495 0.015723270440251572 0.033950617283950615
1 0.6705974842767296 0.12422839506172839 0.012578616352201259 0.029320987654320986
1 0.714622641509434 0.14506172839506173 0.015723270440251572 0.030864197530864196
1 0.6324685534591195 0.19290123456790123 0.014937106918238994 0.043209876543209874
1 0.6658805031446541 0.1705246913580247 0.012578616352201259 0.032407407407407406
1 0.6210691823899371 0.27469135802469136 0.018867924528301886 0.05246913580246913
1 0.5695754716981132 0.32407407407407407 0.025943396226415096 0.05555555555555555
1 0.6077044025157232 0.3472222222222222 0.02358490566037736 0.05864197530864197
1 0.6623427672955975 0.38348765432098764 0.027515723270440252 0.06327160493827161
1 0.6639150943396226 0.23148148148148148 0.02122641509433962 0.05246913580246913
1 0.7161949685534591 0.2006172839506173 0.014150943396226415 0.040123456790123455
1 0.7248427672955975 0.24459876543209877 0.018867924528301886 0.044753086419753084
1 0.7598270440251572 0.2152777777777778 0.014937106918238994 0.044753086419753084
1 0.7692610062893082 0.27237654320987653 0.02122641509433962 0.047839506172839504
1 0.7488207547169812 0.19830246913580246 0.01179245283018868 0.035493827160493825
1 0.7834119496855346 0.16435185185185186 0.014937106918238994 0.038580246913580245
1 0.8132861635220126 0.18364197530864199 0.013364779874213837 0.037037037037037035
1 0.797562893081761 0.22453703703703703 0.01650943396226415 0.05092592592592592
1 0.8183962264150944 0.22376543209876543 0.015723270440251572 0.037037037037037035
1 0.8199685534591195 0.2839506172839506 0.020440251572327043 0.05246913580246913
1 0.7295597484276729 0.37037037037037035 0.025157232704402517 0.06790123456790123
1 0.8038522012578616 0.42901234567901236 0.027515723270440252 0.07407407407407407
1 0.8592767295597484 0.48302469135802467 0.0220125786163522 0.07098765432098765
1 0.8639937106918238 0.3271604938271605 0.018867924528301886 0.05246913580246913
1 0.8742138364779874 0.3896604938271605 0.0220125786163522 0.06018518518518518
1 0.8781446540880503 0.19984567901234568 0.014150943396226415 0.032407407407407406
1 0.8718553459119497 0.22453703703703703 0.015723270440251572 0.035493827160493825
1 0.8907232704402516 0.26003086419753085 0.015723270440251572 0.044753086419753084
1 0.9029088050314465 0.23765432098765432 0.013364779874213837 0.037037037037037035
1 0.9080188679245284 0.21373456790123457 0.014150943396226415 0.035493827160493825
1 0.9229559748427673 0.30478395061728397 0.01729559748427673 0.041666666666666664
1 0.9382861635220126 0.2569444444444444 0.013364779874213837 0.044753086419753084
1 0.9488993710691824 0.2368827160493827 0.012578616352201259 0.032407407407407406
1 0.9815251572327044 0.24228395061728394 0.013364779874213837 0.033950617283950615
1 0.9508647798742138 0.43364197530864196 0.02122641509433962 0.05246913580246913
1 0.9477201257861635 0.3603395061728395 0.01650943396226415 0.044753086419753084
1 0.9772012578616353 0.3441358024691358 0.01729559748427673 0.043209876543209874
1 0.9772012578616353 0.2862654320987654 0.01729559748427673 0.041666666666666664
1 0.970125786163522 0.31635802469135804 0.014150943396226415 0.040123456790123455
1 0.7877358490566038 0.19830246913580246 0.01729559748427673 0.044753086419753084
1 0.6937893081761006 0.1566358024691358 0.01179245283018868 0.035493827160493825
1 0.5628930817610063 0.13117283950617284 0.012578616352201259 0.033950617283950615
1 0.46894654088050314 0.15046296296296297 0.013364779874213837 0.032407407407407406
1 0.35888364779874216 0.19984567901234568 0.014937106918238994 0.032407407407407406