1 0.14427083333333332 0.7726851851851851 0.096875 0.17314814814814813
1 0.027083333333333334 0.6180555555555556 0.052083333333333336 0.14907407407407408
1 0.0390625 0.44027777777777777 0.036458333333333336 0.0712962962962963
1 0.13515625 0.5041666666666667 0.0390625 0.07685185185185185
1 0.17135416666666667 0.4041666666666667 0.025 0.05462962962962963
1 0.1515625 0.42083333333333334 0.021875 0.03611111111111111
1 0.20078125 0.41435185185185186 0.03177083333333333 0.07314814814814814
1 0.265625 0.4212962962962963 0.034375 0.05
1 0.25104166666666666 0.5393518518518519 0.03958333333333333 0.0712962962962963
1 0.27682291666666664 0.5087962962962963 0.030729166666666665 0.05277777777777778
1 0.3028645833333333 0.6231481481481481 0.04739583333333333 0.07592592592592592
1 0.46432291666666664 0.6601851851851852 0.0546875 0.08703703703703704
1 0.48489583333333336 0.5879629629629629 0.04375 0.05925925925925926
1 0.3692708333333333 0.512962962962963 0.041666666666666664 0.06111111111111111
1 0.3484375 0.49722222222222223 0.034375 0.06111111111111111
1 0.38645833333333335 0.3925925925925926 0.03125 0.05185185185185185
1 0.40963541666666664 0.38981481481481484 0.0265625 0.04259259259259259
1 0.43776041666666665 0.3787037037037037 0.019270833333333334 0.04259259259259259
1 0.4596354166666667 0.3907407407407407 0.028645833333333332 0.05555555555555555
1 0.47994791666666664 0.41574074074074074 0.028645833333333332 0.046296296296296294
1 0.49244791666666665 0.38333333333333336 0.019270833333333334 0.04259259259259259
1 0.5322916666666667 0.37546296296296294 0.021875 0.04351851851851852
1 0.35989583333333336 0.31296296296296294 0.01875 0.04259259259259259
1 0.34036458333333336 0.30925925925925923 0.0234375 0.03518518518518519
1 0.5692708333333333 0.4759259259259259 0.03854166666666667 0.07407407407407407
1 0.5796875 0.44074074074074077 0.025 0.04259259259259259
1 0.58046875 0.40185185185185185 0.021354166666666667 0.040740740740740744
1 0.5828125 0.38101851851851853 0.017708333333333333 0.03796296296296296
1 0.56484375 0.4046296296296296 0.0171875 0.037037037037037035
1 0.6119791666666666 0.39814814814814814 0.020833333333333332 0.04259259259259259
1 0.63203125 0.4351851851851852 0.030729166666666665 0.05555555555555555
1 0.65625 0.3939814814814815 0.027083333333333334 0.041666666666666664
1 0.5924479166666666 0.649537037037037 0.0578125 0.09722222222222222
1 0.8015625 0.7263888888888889 0.08229166666666667 0.14166666666666666
1 0.8291666666666667 0.6018518518518519 0.053125 0.1
1 0.9052083333333333 0.5939814814814814 0.04479166666666667 0.07314814814814814
1 0.9166666666666666 0.5370370370370371 0.03125 0.07222222222222222
1 0.9432291666666667 0.4638888888888889 0.03854166666666667 0.06296296296296296
1 0.8432291666666667 0.5462962962962963 0.03854166666666667 0.05555555555555555
1 0.7947916666666667 0.49675925925925923 0.0375 0.05277777777777778
1 0.8278645833333333 0.44583333333333336 0.033854166666666664 0.06574074074074074
1 0.7700520833333333 0.324537037037037 0.03177083333333333 0.06388888888888888
1 0.7408854166666666 0.47685185185185186 0.043229166666666666 0.09074074074074075
1 0.7151041666666667 0.41898148148148145 0.025 0.04722222222222222
1 0.69375 0.43703703703703706 0.020833333333333332 0.05
1 0.6458333333333334 0.4930555555555556 0.035416666666666666 0.07685185185185185