1 0.33524904214559387 0.7468030690537084 0.06513409961685823 0.10230179028132992
1 0.35153256704980845 0.6572890025575447 0.032567049808429116 0.04603580562659847
1 0.23275862068965517 0.6508951406649617 0.040229885057471264 0.058823529411764705
1 0.19731800766283525 0.6342710997442456 0.022988505747126436 0.030690537084398978
1 0.31226053639846746 0.618925831202046 0.019157088122605363 0.030690537084398978
1 0.32950191570881227 0.5792838874680307 0.019157088122605363 0.028132992327365727
1 0.3716475095785441 0.6240409207161125 0.01532567049808429 0.02557544757033248
1 0.3946360153256705 0.6265984654731458 0.01532567049808429 0.02557544757033248
1 0.446360153256705 0.649616368286445 0.022988505747126436 0.030690537084398978
1 0.46360153256704983 0.6406649616368286 0.019157088122605363 0.03324808184143223
1 0.5028735632183908 0.629156010230179 0.0210727969348659 0.030690537084398978
1 0.5316091954022989 0.6227621483375959 0.0210727969348659 0.03324808184143223
1 0.5795019157088123 0.6227621483375959 0.0210727969348659 0.03324808184143223
1 0.6044061302681992 0.6202046035805626 0.0210727969348659 0.028132992327365727
1 0.6503831417624522 0.6483375959079284 0.02490421455938697 0.028132992327365727
1 0.6781609195402298 0.6278772378516624 0.02681992337164751 0.03324808184143223
1 0.7078544061302682 0.6470588235294118 0.0210727969348659 0.030690537084398978
1 0.7586206896551724 0.6317135549872123 0.022988505747126436 0.02557544757033248