1 0.6713709677419355 0.6716666666666666 0.11693548387096774 0.3566666666666667
1 0.6243279569892473 0.69 0.08198924731182795 0.29333333333333333
1 0.594758064516129 0.4816666666666667 0.10080645161290322 0.31
1 0.7083333333333334 0.4866666666666667 0.06182795698924731 0.25333333333333335
1 0.7661290322580645 0.4666666666666667 0.06451612903225806 0.29333333333333333
1 0.8178763440860215 0.46 0.08198924731182795 0.30666666666666664
1 0.8770161290322581 0.575 0.08736559139784947 0.2966666666666667
1 0.948252688172043 0.6116666666666667 0.09811827956989247 0.35
1 0.9704301075268817 0.385 0.05913978494623656 0.17
1 0.9032258064516129 0.385 0.06451612903225806 0.19
1 0.9516129032258065 0.21666666666666667 0.051075268817204304 0.13333333333333333
1 0.8736559139784946 0.19333333333333333 0.051075268817204304 0.14666666666666667
1 0.8541666666666666 0.325 0.05241935483870968 0.13
1 0.6969086021505376 0.36 0.05510752688172043 0.13333333333333333
1 0.6592741935483871 0.4266666666666667 0.05241935483870968 0.12