1 0.14272644098810613 0.34072249589490966 0.0292772186642269 0.060755336617405585
1 0.277676120768527 0.2602627257799672 0.01738334858188472 0.034482758620689655
1 0.2936870997255261 0.2733990147783251 0.020128087831655993 0.034482758620689655
1 0.2991765782250686 0.2471264367816092 0.018298261665141813 0.03776683087027915
1 0.3344007319304666 0.27504105090311987 0.0192131747483989 0.04433497536945813
1 0.3650503202195791 0.28735632183908044 0.018298261665141813 0.03940886699507389
1 0.3687099725526075 0.2536945812807882 0.018298261665141813 0.027914614121510674
1 0.38609332113449224 0.1863711001642036 0.012808783165599268 0.031198686371100164
1 0.4002744739249771 0.19458128078817735 0.013723696248856358 0.027914614121510674
1 0.4048490393412626 0.17159277504105092 0.013723696248856358 0.027914614121510674
1 0.4222323879231473 0.1724137931034483 0.01555352241537054 0.03284072249589491
1 0.4249771271729186 0.20032840722495895 0.01555352241537054 0.029556650246305417
1 0.444647758462946 0.22824302134646962 0.018298261665141813 0.0361247947454844
1 0.45288197621225984 0.19704433497536947 0.018298261665141813 0.026272577996715927
1 0.4515096065873742 0.15845648604269294 0.01555352241537054 0.031198686371100164
1 0.4716376944190302 0.1683087027914614 0.013723696248856358 0.027914614121510674
1 0.4775846294602013 0.15188834154351397 0.009149130832570906 0.024630541871921183
1 0.4839890210430009 0.1921182266009852 0.018298261665141813 0.03940886699507389
1 0.47529734675205854 0.22413793103448276 0.0192131747483989 0.03776683087027915
1 0.510064043915828 0.1683087027914614 0.01738334858188472 0.034482758620689655
1 0.5105215004574566 0.1444991789819376 0.010978956999085087 0.022988505747126436
1 0.5027447392497713 0.12561576354679804 0.011893870082342177 0.024630541871921183
1 0.5457456541628545 0.1206896551724138 0.013723696248856358 0.027914614121510674
1 0.5329368709972553 0.18719211822660098 0.01738334858188472 0.0361247947454844
1 0.540256175663312 0.17980295566502463 0.013723696248856358 0.027914614121510674
1 0.5699908508691675 0.1748768472906404 0.01646843549862763 0.034482758620689655
1 0.5608417200365965 0.1330049261083744 0.010978956999085087 0.029556650246305417
1 0.5777676120768527 0.14860426929392448 0.013723696248856358 0.031198686371100164
1 0.585544373284538 0.1354679802955665 0.009149130832570906 0.021346469622331693
1 0.5782250686184812 0.11904761904761904 0.009149130832570906 0.0180623973727422
1 0.5841720036596524 0.10673234811165845 0.013723696248856358 0.026272577996715927
1 0.6088746569075938 0.1477832512315271 0.01555352241537054 0.03284072249589491
1 0.6111619396157365 0.11001642036124795 0.01463860933211345 0.029556650246305417
1 0.6349496797804208 0.13628899835796388 0.01463860933211345 0.026272577996715927
1 0.6395242451967064 0.11247947454844007 0.010978956999085087 0.024630541871921183
1 0.6294602012808783 0.10262725779967159 0.010978956999085087 0.027914614121510674
1 0.6582799634034767 0.10591133004926108 0.011893870082342177 0.027914614121510674
1 0.6935041171088746 0.10509031198686371 0.010978956999085087 0.03284072249589491
1 0.6765782250686185 0.15270935960591134 0.01555352241537054 0.03284072249589491
1 0.6944190301921317 0.17651888341543515 0.01463860933211345 0.03776683087027915
1 0.6482159194876487 0.18226600985221675 0.021043000914913082 0.03940886699507389
1 0.6678865507776761 0.2110016420361248 0.021957913998170174 0.041050903119868636
1 0.6079597438243367 0.2110016420361248 0.024702653247941447 0.04433497536945813
1 0.5686184812442818 0.2471264367816092 0.021043000914913082 0.04433497536945813
1 0.5329368709972553 0.33004926108374383 0.03202195791399817 0.05582922824302135
1 0.5356816102470265 0.277504105090312 0.021043000914913082 0.03940886699507389
1 0.49268069533394326 0.29064039408866993 0.026532479414455627 0.059113300492610835
1 0.6193961573650503 0.2602627257799672 0.021957913998170174 0.047619047619047616
1 0.6239707227813358 0.2947454844006568 0.025617566331198535 0.05090311986863711
1 0.6614821591948765 0.3218390804597701 0.03476669716376944 0.06896551724137931
1 0.7063129002744739 0.2569786535303777 0.0292772186642269 0.05747126436781609
1 0.6948764867337603 0.2233169129720854 0.021043000914913082 0.03940886699507389
1 0.7209515096065874 0.21018062397372742 0.020128087831655993 0.042692939244663386
1 0.7305580969807868 0.1724137931034483 0.01738334858188472 0.03284072249589491
1 0.7401646843549863 0.15024630541871922 0.012808783165599268 0.027914614121510674
1 0.7319304666056725 0.11494252873563218 0.01463860933211345 0.03284072249589491
1 0.7589204025617566 0.12889983579638753 0.01738334858188472 0.031198686371100164
1 0.7731015553522416 0.1412151067323481 0.01463860933211345 0.0361247947454844
1 0.7698993595608418 0.19704433497536947 0.01738334858188472 0.052545155993431854
1 0.7465690759377859 0.21592775041050905 0.020128087831655993 0.047619047619047616
1 0.7580054894784996 0.28735632183908044 0.024702653247941447 0.06239737274220033
1 0.7351326623970723 0.37110016420361247 0.039341262580054895 0.0755336617405583
1 0.8042086001829826 0.4088669950738916 0.04757548032936871 0.0722495894909688
1 0.8929551692589204 0.40229885057471265 0.0384263494967978 0.0722495894909688
1 0.8947849954254345 0.2947454844006568 0.023787740164684355 0.060755336617405585
1 0.8998170173833486 0.24958949096880131 0.01738334858188472 0.04597701149425287
1 0.9112534309240622 0.21921182266009853 0.020128087831655993 0.034482758620689655
1 0.9172003659652334 0.25205254515599346 0.013723696248856358 0.04433497536945813
1 0.8586459286367795 0.2512315270935961 0.021043000914913082 0.042692939244663386
1 0.8494967978042086 0.2963875205254516 0.03202195791399817 0.06403940886699508
1 0.7987191216834401 0.2504105090311987 0.020128087831655993 0.05090311986863711
1 0.8161024702653248 0.21018062397372742 0.020128087831655993 0.059113300492610835
1 0.7987191216834401 0.14614121510673234 0.01646843549862763 0.0361247947454844
1 0.8257090576395243 0.1444991789819376 0.013723696248856358 0.029556650246305417
1 0.8206770356816102 0.12889983579638753 0.010978956999085087 0.027914614121510674
1 0.8472095150960659 0.1444991789819376 0.01463860933211345 0.029556650246305417
1 0.859103385178408 0.13136288998357964 0.012808783165599268 0.029556650246305417
1 0.8513266239707228 0.1748768472906404 0.013723696248856358 0.031198686371100164
1 0.8732845379688929 0.1748768472906404 0.013723696248856358 0.034482758620689655
1 0.8796889295516926 0.1592775041050903 0.011893870082342177 0.029556650246305417
1 0.9153705397987191 0.16174055829228243 0.010064043915827997 0.027914614121510674
1 0.8623055809698079 0.20853858784893267 0.01738334858188472 0.03284072249589491