1 0.12416666666666666 0.4616306954436451 0.04833333333333333 0.07434052757793765
1 0.17583333333333334 0.4616306954436451 0.03833333333333333 0.05995203836930456
1 0.25833333333333336 0.5 0.06666666666666667 0.10311750599520383
1 0.36333333333333334 0.684652278177458 0.16 0.2182254196642686
1 0.37 0.460431654676259 0.03333333333333333 0.047961630695443645
1 0.42083333333333334 0.4520383693045564 0.035 0.045563549160671464
1 0.4666666666666667 0.45083932853717024 0.03 0.03836930455635491
1 0.5183333333333333 0.473621103117506 0.03333333333333333 0.0407673860911271
1 0.5258333333333334 0.4412470023980815 0.03833333333333333 0.04316546762589928
1 0.5716666666666667 0.4628297362110312 0.03333333333333333 0.047961630695443645
1 0.5758333333333333 0.38489208633093525 0.025 0.03597122302158273
1 0.6841666666666667 0.5719424460431655 0.095 0.1366906474820144
1 0.7633333333333333 0.5587529976019184 0.07333333333333333 0.10551558752997602
1 0.8466666666666667 0.5335731414868106 0.06 0.09352517985611511
1 0.865 0.47961630695443647 0.04 0.05755395683453238
1 0.88 0.5239808153477218 0.04666666666666667 0.08393285371702638
1 0.9266666666666666 0.5227817745803357 0.043333333333333335 0.07194244604316546