0 0.835 0.24243856332703215 0.06466666666666666 0.11814744801512288
0 0.9873333333333333 0.35302457466918713 0.025333333333333333 0.07088846880907372
0 0.7733333333333333 0.32466918714555765 0.04666666666666667 0.09546313799621928
0 0.625 0.12570888468809074 0.09133333333333334 0.15311909262759923
0 0.5273333333333333 0.30387523629489605 0.058666666666666666 0.07844990548204159
0 0.4633333333333333 0.2585066162570889 0.06666666666666667 0.12570888468809074
0 0.433 0.31947069943289225 0.042 0.07939508506616257
0 0.353 0.2438563327032136 0.06733333333333333 0.09829867674858223
0 0.2763333333333333 0.2783553875236295 0.059333333333333335 0.08601134215500945
0 0.20033333333333334 0.31805293005671076 0.04733333333333333 0.08601134215500945
0 0.17533333333333334 0.3275047258979206 0.02266666666666667 0.06521739130434782
0 0.16 0.3643667296786389 0.02666666666666667 0.05387523629489603
0 0.075 0.33128544423440454 0.05266666666666667 0.07655954631379962