1 0.06375 0.1661111111111111 0.03916666666666667 0.06333333333333334
1 0.09916666666666667 0.18611111111111112 0.04833333333333333 0.08333333333333333
1 0.13291666666666666 0.24222222222222223 0.07083333333333333 0.12222222222222222
1 0.17791666666666667 0.22555555555555556 0.04583333333333333 0.10444444444444445
1 0.17 0.155 0.045 0.06555555555555556
1 0.20666666666666667 0.20444444444444446 0.03666666666666667 0.07111111111111111
1 0.2633333333333333 0.17944444444444443 0.03666666666666667 0.06555555555555556
1 0.30875 0.17555555555555555 0.05583333333333333 0.08444444444444445
1 0.32958333333333334 0.23722222222222222 0.06416666666666666 0.12111111111111111
1 0.42583333333333334 0.33611111111111114 0.09166666666666666 0.16555555555555557
1 0.40708333333333335 0.23222222222222222 0.04416666666666667 0.06444444444444444
1 0.44916666666666666 0.21666666666666667 0.05 0.08888888888888889
1 0.4895833333333333 0.23944444444444443 0.0525 0.09222222222222222
1 0.5195833333333333 0.2611111111111111 0.0625 0.11777777777777777
1 0.56125 0.275 0.04416666666666667 0.07666666666666666
1 0.6145833333333334 0.2866666666666667 0.04583333333333333 0.08666666666666667
1 0.6579166666666667 0.3433333333333333 0.07083333333333333 0.13777777777777778
1 0.6995833333333333 0.36 0.0625 0.13555555555555557