1 0.08723021582733813 0.6469002695417789 0.11330935251798561 0.18328840970350405
1 0.07464028776978417 0.5202156334231806 0.08812949640287769 0.11320754716981132
1 0.02697841726618705 0.4474393530997305 0.046762589928057555 0.09703504043126684
1 0.04136690647482014 0.37331536388140163 0.046762589928057555 0.07816711590296496
1 0.03327338129496403 0.330188679245283 0.0341726618705036 0.05660377358490566
1 0.13219424460431656 0.4299191374663073 0.06294964028776978 0.09433962264150944
1 0.1564748201438849 0.3706199460916442 0.04316546762589928 0.07277628032345014
1 0.12140287769784172 0.3288409703504043 0.0341726618705036 0.05390835579514825
1 0.25359712230215825 0.49326145552560646 0.06474820143884892 0.10242587601078167
1 0.3444244604316547 0.5673854447439353 0.09532374100719425 0.14824797843665768
1 0.28776978417266186 0.28706199460916443 0.03237410071942446 0.05121293800539083
1 0.3120503597122302 0.3018867924528302 0.0341726618705036 0.04851752021563342
1 0.3381294964028777 0.19811320754716982 0.02877697841726619 0.05121293800539083
1 0.3579136690647482 0.27088948787061995 0.039568345323741004 0.05660377358490566
1 0.3669064748201439 0.33827493261455527 0.04316546762589928 0.06199460916442048
1 0.4199640287769784 0.3665768194070081 0.048561151079136694 0.07008086253369272
1 0.40827338129496404 0.316711590296496 0.03597122302158273 0.04043126684636118
1 0.3947841726618705 0.29245283018867924 0.023381294964028777 0.03504043126684636
1 0.4199640287769784 0.2587601078167116 0.030575539568345324 0.03773584905660377
1 0.4739208633093525 0.2749326145552561 0.0341726618705036 0.05390835579514825
1 0.5260791366906474 0.3436657681940701 0.048561151079136694 0.0673854447439353
1 0.5620503597122302 0.41778975741239893 0.05935251798561151 0.10242587601078167
1 0.5782374100719424 0.7884097035040432 0.13489208633093525 0.20754716981132076
1 0.7643884892086331 0.5336927223719676 0.08633093525179857 0.12398921832884097
1 0.8821942446043165 0.4528301886792453 0.07733812949640288 0.11320754716981132
1 0.7607913669064749 0.3719676549865229 0.05755395683453238 0.08086253369272237
1 0.8039568345323741 0.33962264150943394 0.046762589928057555 0.0646900269541779
1 0.7661870503597122 0.3018867924528302 0.03597122302158273 0.05390835579514825
1 0.7257194244604317 0.2628032345013477 0.0341726618705036 0.05660377358490566
1 0.6726618705035972 0.261455525606469 0.03237410071942446 0.05390835579514825
1 0.6780575539568345 0.19002695417789758 0.025179856115107913 0.04582210242587601
1 0.664568345323741 0.37601078167115903 0.07014388489208633 0.0889487870619946
1 0.60431654676259 0.33423180592991913 0.04316546762589928 0.07008086253369272
1 0.5845323741007195 0.2857142857142857 0.03237410071942446 0.05390835579514825
1 0.5764388489208633 0.2371967654986523 0.02697841726618705 0.0431266846361186
1 0.5314748201438849 0.3005390835579515 0.0341726618705036 0.05660377358490566
1 0.5197841726618705 0.24393530997304583 0.02877697841726619 0.03504043126684636
1 0.512589928057554 0.2803234501347709 0.02877697841726619 0.03773584905660377
1 0.6987410071942446 0.32345013477088946 0.0341726618705036 0.0431266846361186
1 0.6187050359712231 0.26819407008086255 0.03237410071942446 0.05121293800539083
1 0.8120503597122302 0.2803234501347709 0.030575539568345324 0.05390835579514825
1 0.8255395683453237 0.25067385444743934 0.025179856115107913 0.03773584905660377
1 0.7976618705035972 0.25336927223719674 0.02697841726618705 0.03773584905660377
1 0.7535971223021583 0.23450134770889489 0.025179856115107913 0.03773584905660377
1 0.7320143884892086 0.22911051212938005 0.025179856115107913 0.026954177897574125
1 0.8758992805755396 0.2358490566037736 0.025179856115107913 0.04043126684636118
1 0.908273381294964 0.3086253369272237 0.050359712230215826 0.0673854447439353
1 0.9631294964028777 0.3045822102425876 0.04136690647482014 0.07008086253369272
1 0.9568345323741008 0.2560646900269542 0.039568345323741004 0.0431266846361186
1 0.9109712230215827 0.2722371967654987 0.02697841726618705 0.0431266846361186