1 0.2121380846325167 0.3606719367588933 0.05011135857461024 0.09683794466403162
1 0.3290645879732739 0.19960474308300397 0.01893095768374165 0.03557312252964427
1 0.3680400890868597 0.1225296442687747 0.01893095768374165 0.03162055335968379
1 0.41146993318485525 0.1857707509881423 0.014476614699331848 0.02766798418972332
1 0.4304008908685969 0.17193675889328064 0.01670378619153675 0.03557312252964427
1 0.44042316258351893 0.1432806324110672 0.012249443207126948 0.03359683794466403
1 0.4526726057906459 0.1442687747035573 0.01002227171492205 0.023715415019762844
1 0.47160356347438753 0.1551383399209486 0.014476614699331848 0.03359683794466403
1 0.4615812917594655 0.17094861660079053 0.01670378619153675 0.029644268774703556
1 0.46492204899777284 0.2015810276679842 0.01893095768374165 0.03162055335968379
1 0.46380846325167036 0.14031620553359683 0.014476614699331848 0.023715415019762844
1 0.4866369710467706 0.14624505928853754 0.015590200445434299 0.02766798418972332
1 0.5094654788418709 0.1442687747035573 0.012249443207126948 0.023715415019762844
1 0.49721603563474387 0.13636363636363635 0.01002227171492205 0.019762845849802372
1 0.522271714922049 0.13043478260869565 0.013363028953229399 0.02766798418972332
1 0.522271714922049 0.18675889328063242 0.015590200445434299 0.03359683794466403
1 0.5434298440979956 0.1956521739130435 0.0200445434298441 0.03557312252964427
1 0.5439866369710468 0.15711462450592886 0.012249443207126948 0.029644268774703556
1 0.5701559020044543 0.13438735177865613 0.013363028953229399 0.03162055335968379
1 0.5796213808463252 0.12845849802371542 0.01670378619153675 0.03162055335968379
1 0.5991091314031181 0.1383399209486166 0.017817371937639197 0.03162055335968379
1 0.5851893095768375 0.16205533596837945 0.01670378619153675 0.03557312252964427
1 0.6208240534521158 0.17094861660079053 0.01893095768374165 0.03359683794466403
1 0.6169265033407573 0.1067193675889328 0.011135857461024499 0.023715415019762844
1 0.6425389755011136 0.1225296442687747 0.013363028953229399 0.02766798418972332
1 0.6520044543429844 0.14130434782608695 0.014476614699331848 0.025691699604743084
1 0.6586859688195991 0.11462450592885376 0.01002227171492205 0.023715415019762844
1 0.6692650334075724 0.11758893280632411 0.011135857461024499 0.021739130434782608
1 0.6904231625835189 0.11264822134387352 0.013363028953229399 0.03162055335968379
1 0.7110244988864143 0.12154150197628459 0.012249443207126948 0.025691699604743084
1 0.5957683741648107 0.24308300395256918 0.022271714922048998 0.05138339920948617
1 0.6330734966592427 0.21146245059288538 0.02338530066815145 0.05138339920948617
1 0.660913140311804 0.22035573122529645 0.021158129175946547 0.0533596837944664
1 0.6675946547884187 0.20652173913043478 0.01893095768374165 0.03359683794466403
1 0.6887527839643652 0.17292490118577075 0.01893095768374165 0.03359683794466403
1 0.7099109131403119 0.18181818181818182 0.01670378619153675 0.03162055335968379
1 0.7416481069042317 0.20652173913043478 0.024498886414253896 0.045454545454545456
1 0.7405345211581291 0.17490118577075098 0.015590200445434299 0.037549407114624504
1 0.755011135857461 0.1432806324110672 0.013363028953229399 0.025691699604743084
1 0.7594654788418709 0.13339920948616601 0.011135857461024499 0.021739130434782608
1 0.7689309576837416 0.17984189723320157 0.01670378619153675 0.039525691699604744
1 0.7800668151447662 0.1442687747035573 0.014476614699331848 0.03557312252964427
1 0.7978841870824054 0.16699604743083005 0.014476614699331848 0.03359683794466403
1 0.8073496659242761 0.15810276679841898 0.013363028953229399 0.03162055335968379
1 0.8273942093541202 0.13339920948616601 0.013363028953229399 0.029644268774703556
1 0.8262806236080178 0.1808300395256917 0.015590200445434299 0.037549407114624504
1 0.8407572383073497 0.18774703557312253 0.015590200445434299 0.03162055335968379
1 0.8095768374164811 0.20355731225296442 0.017817371937639197 0.03557312252964427
1 0.7889755011135857 0.2183794466403162 0.01893095768374165 0.041501976284584984
1 0.715478841870824 0.16798418972332016 0.01670378619153675 0.02766798418972332
1 0.8697104677060133 0.29051383399209485 0.0200445434298441 0.05138339920948617
1 0.8853006681514477 0.23023715415019763 0.017817371937639197 0.041501976284584984
1 0.8925389755011136 0.20553359683794467 0.021158129175946547 0.039525691699604744
1 0.873608017817372 0.15711462450592886 0.01002227171492205 0.029644268774703556
1 0.8502227171492205 0.15217391304347827 0.012249443207126948 0.03162055335968379
1 0.9170378619153675 0.17885375494071146 0.014476614699331848 0.03359683794466403
1 0.938195991091314 0.19466403162055335 0.012249443207126948 0.029644268774703556
1 0.9376391982182628 0.17193675889328064 0.011135857461024499 0.019762845849802372
1 0.9175946547884187 0.26679841897233203 0.017817371937639197 0.04743083003952569