1 0.20145379023883697 0.22803738317757008 0.016614745586708203 0.041121495327102804
1 0.24454828660436137 0.202803738317757 0.017653167185877467 0.05046728971962617
1 0.31931464174454827 0.21214953271028036 0.01557632398753894 0.04299065420560748
1 0.3603322949117342 0.20747663551401868 0.016614745586708203 0.041121495327102804
1 0.3805815160955348 0.16074766355140188 0.021806853582554516 0.041121495327102804
1 0.4164070612668744 0.15046728971962617 0.018691588785046728 0.04299065420560748
1 0.4257528556593977 0.2205607476635514 0.024922118380062305 0.059813084112149535
1 0.4683281412253375 0.102803738317757 0.014537902388369679 0.022429906542056073
1 0.47923156801661476 0.2102803738317757 0.021806853582554516 0.05794392523364486
1 0.514018691588785 0.1252336448598131 0.016614745586708203 0.022429906542056073
1 0.47767393561786087 0.1308411214953271 0.020768431983385256 0.037383177570093455
1 0.5311526479750779 0.15794392523364487 0.01557632398753894 0.03551401869158879
1 0.5482866043613707 0.1411214953271028 0.016614745586708203 0.03551401869158879
1 0.4470404984423676 0.35700934579439253 0.040498442367601244 0.08224299065420561
1 0.5586708203530634 0.2822429906542056 0.04776739356178609 0.08598130841121496
1 0.6235721703011423 0.2336448598130841 0.023883696780893044 0.048598130841121495
1 0.6744548286604362 0.3336448598130841 0.03426791277258567 0.06542056074766354
1 0.5835929387331257 0.1588785046728972 0.018691588785046728 0.044859813084112146
1 0.6687435098650052 0.08598130841121496 0.018691588785046728 0.037383177570093455
1 0.6895119418483905 0.07850467289719626 0.016614745586708203 0.037383177570093455
1 0.6656282450674974 0.1280373831775701 0.024922118380062305 0.03177570093457944
1 0.6178608515057114 0.1485981308411215 0.024922118380062305 0.04672897196261682
1 0.7004153686396677 0.197196261682243 0.021806853582554516 0.04672897196261682
1 0.7206645898234684 0.2383177570093458 0.02699896157840083 0.04299065420560748
1 0.7258566978193146 0.30093457943925234 0.029075804776739357 0.052336448598130844
1 0.7466251298026999 0.37009345794392523 0.03115264797507788 0.06728971962616823
1 0.7622014537902388 0.1383177570093458 0.014537902388369679 0.041121495327102804
1 0.780373831775701 0.13644859813084112 0.01557632398753894 0.03364485981308411
1 0.7487019730010385 0.20654205607476636 0.020768431983385256 0.04672897196261682
1 0.7793354101765316 0.1766355140186916 0.023883696780893044 0.03925233644859813
1 0.7627206645898235 0.2607476635514019 0.02596053997923157 0.04672897196261682
1 0.8021806853582555 0.2177570093457944 0.017653167185877467 0.03925233644859813
1 0.8037383177570093 0.15514018691588785 0.014537902388369679 0.037383177570093455
1 0.8203530633437176 0.2514018691588785 0.02284527518172378 0.04672897196261682
1 0.8229491173416407 0.37009345794392523 0.030114226375908618 0.08598130841121496
1 0.8359293873312564 0.31588785046728973 0.020768431983385256 0.048598130841121495
1 0.8696780893042575 0.44672897196261685 0.02596053997923157 0.07476635514018691
1 0.8670820353063343 0.27850467289719627 0.020768431983385256 0.056074766355140186
1 0.881619937694704 0.24766355140186916 0.018691588785046728 0.03925233644859813
1 0.942367601246106 0.22990654205607478 0.017653167185877467 0.037383177570093455
1 0.9288681204569055 0.2841121495327103 0.021806853582554516 0.048598130841121495
1 0.7279335410176532 0.1485981308411215 0.018691588785046728 0.04299065420560748
1 0.7424714434060229 0.1560747663551402 0.02284527518172378 0.04299065420560748
1 0.573208722741433 0.07757009345794393 0.016614745586708203 0.03177570093457944
1 0.5939771547248183 0.0794392523364486 0.018691588785046728 0.028037383177570093
1 0.6137071651090342 0.07570093457943926 0.018691588785046728 0.04299065420560748
1 0.4537902388369678 0.14018691588785046 0.024922118380062305 0.03364485981308411
1 0.43406022845275183 0.15327102803738318 0.024922118380062305 0.03364485981308411
1 0.5628245067497404 0.15233644859813084 0.02284527518172378 0.04672897196261682