1 0.10867834394904459 0.5489396411092985 0.046974522292993634 0.10603588907014681
1 0.2269108280254777 0.26753670473083196 0.01592356687898089 0.03588907014681892
1 0.2360668789808917 0.28548123980424145 0.021496815286624203 0.048939641109298535
1 0.28343949044585987 0.2398042414355628 0.020700636942675158 0.04567699836867863
1 0.31170382165605093 0.23898858075040783 0.018312101910828025 0.040783034257748776
1 0.31528662420382164 0.21044045676998369 0.01751592356687898 0.03915171288743882
1 0.3339968152866242 0.23164763458401305 0.016719745222929936 0.03915171288743882
1 0.3499203821656051 0.23083197389885807 0.015127388535031847 0.04404567699836868
1 0.36863057324840764 0.2642740619902121 0.022292993630573247 0.05546492659053834
1 0.3682324840764331 0.200652528548124 0.016719745222929936 0.03915171288743882
1 0.3893312101910828 0.19412724306688417 0.01592356687898089 0.048939641109298535
1 0.40246815286624205 0.23735725938009788 0.019904458598726114 0.04730831973898858
1 0.4390923566878981 0.2969004893964111 0.024681528662420384 0.052202283849918436
1 0.4343152866242038 0.19412724306688417 0.016719745222929936 0.03915171288743882
1 0.44028662420382164 0.16639477977161501 0.01751592356687898 0.03588907014681892
1 0.4781050955414013 0.23735725938009788 0.02308917197452229 0.04404567699836868
1 0.49920382165605093 0.20636215334420882 0.01592356687898089 0.037520391517128875
1 0.48089171974522293 0.1761827079934747 0.01751592356687898 0.04567699836867863
1 0.46894904458598724 0.1761827079934747 0.014331210191082803 0.03915171288743882
1 0.45979299363057324 0.16884176182707994 0.013535031847133758 0.02773246329526917
1 0.49920382165605093 0.15823817292006526 0.014331210191082803 0.03262642740619902
1 0.5242834394904459 0.17128874388254486 0.016719745222929936 0.04241435562805873
1 0.5513535031847133 0.23491027732463296 0.019904458598726114 0.03915171288743882
1 0.5632961783439491 0.15742251223491027 0.018312101910828025 0.03425774877650897
1 0.5577229299363057 0.14110929853181076 0.013535031847133758 0.03099510603588907
1 0.5828025477707006 0.2039151712887439 0.01592356687898089 0.03915171288743882
1 0.5859872611464968 0.17128874388254486 0.01592356687898089 0.03588907014681892
1 0.5843949044585988 0.1370309951060359 0.014331210191082803 0.03262642740619902
1 0.6023089171974523 0.12887438825448613 0.015127388535031847 0.03262642740619902
1 0.6090764331210191 0.1533442088091354 0.014331210191082803 0.02936378466557912
1 0.6138535031847133 0.18189233278955955 0.01592356687898089 0.03425774877650897
1 0.6114649681528662 0.21044045676998369 0.01910828025477707 0.03915171288743882
1 0.6353503184713376 0.12887438825448613 0.01592356687898089 0.02936378466557912
1 0.6620222929936306 0.1802610114192496 0.016719745222929936 0.03425774877650897
1 0.6584394904458599 0.14763458401305057 0.012738853503184714 0.02773246329526917
1 0.6632165605095541 0.13376835236541598 0.012738853503184714 0.02936378466557912
1 0.6902866242038217 0.15823817292006526 0.01751592356687898 0.03915171288743882
1 0.6942675159235668 0.14110929853181076 0.014331210191082803 0.037520391517128875
1 0.714171974522293 0.1631321370309951 0.012738853503184714 0.03915171288743882
1 0.5832006369426752 0.3352365415986949 0.024681528662420384 0.053833605220228384
1 0.6106687898089171 0.3825448613376835 0.028662420382165606 0.06035889070146819
1 0.6174363057324841 0.2895595432300163 0.02786624203821656 0.057096247960848286
1 0.6644108280254777 0.24877650897226752 0.02308917197452229 0.06035889070146819
1 0.6986464968152867 0.21615008156606852 0.019904458598726114 0.04404567699836868
1 0.6632165605095541 0.3898858075040783 0.030254777070063694 0.06851549755301795
1 0.7273089171974523 0.3964110929853181 0.03105095541401274 0.06851549755301795
1 0.7193471337579618 0.2814029363784666 0.02308917197452229 0.053833605220228384
1 0.7448248407643312 0.233278955954323 0.018312101910828025 0.04241435562805873
1 0.73328025477707 0.22430668841761828 0.01592356687898089 0.037520391517128875
1 0.7563694267515924 0.21207177814029363 0.01592356687898089 0.03915171288743882
1 0.7707006369426752 0.18515497553017946 0.01592356687898089 0.037520391517128875
1 0.7830414012738853 0.200652528548124 0.016719745222929936 0.04241435562805873
1 0.7945859872611465 0.24551386623164764 0.020700636942675158 0.06035889070146819
1 0.7547770700636943 0.29526916802610115 0.022292993630573247 0.05546492659053834
1 0.8017515923566879 0.3091353996737357 0.025477707006369428 0.053833605220228384
1 0.8280254777070064 0.23409461663947798 0.020700636942675158 0.040783034257748776
1 0.8093152866242038 0.19494290375203915 0.018312101910828025 0.037520391517128875
1 0.8316082802547771 0.2096247960848287 0.015127388535031847 0.037520391517128875
1 0.8646496815286624 0.23083197389885807 0.01592356687898089 0.037520391517128875
1 0.8805732484076433 0.2365415986949429 0.014331210191082803 0.03915171288743882
1 0.901671974522293 0.22185970636215335 0.016719745222929936 0.03588907014681892
1 0.9028662420382165 0.2601957585644372 0.01592356687898089 0.04730831973898858
1 0.8877388535031847 0.27814029363784665 0.01910828025477707 0.04730831973898858
1 0.8710191082802548 0.30424143556280586 0.022292993630573247 0.053833605220228384
1 0.8634554140127388 0.3376835236541599 0.021496815286624203 0.048939641109298535
1 0.8021496815286624 0.44127243066884175 0.03105095541401274 0.08319738988580751
1 0.8706210191082803 0.48613376835236544 0.02945859872611465 0.08156606851549755
1 0.8869426751592356 0.4029363784665579 0.02388535031847134 0.07177814029363784
1 0.9359076433121019 0.4168026101141925 0.024681528662420384 0.06035889070146819
1 0.9546178343949044 0.3605220228384992 0.01751592356687898 0.04567699836867863
1 0.9777070063694268 0.36133768352365414 0.01592356687898089 0.05057096247960848
1 0.9287420382165605 0.32300163132137033 0.018312101910828025 0.05546492659053834
1 0.9299363057324841 0.26753670473083196 0.014331210191082803 0.03588907014681892
1 0.9530254777070064 0.2463295269168026 0.012738853503184714 0.03262642740619902
1 0.981687898089172 0.2544861337683524 0.012738853503184714 0.03915171288743882
1 0.9792993630573248 0.3075040783034258 0.01592356687898089 0.04404567699836868