1 0.1734375 0.32435597189695553 0.084375 0.1522248243559719
1 0.309375 0.4613583138173302 0.140625 0.22950819672131148
1 0.46328125 0.24824355971896955 0.0421875 0.07494145199063232
1 0.5515625 0.21311475409836064 0.05 0.0936768149882904
1 0.6515625 0.42505854800936765 0.13125 0.2459016393442623
1 0.7 0.2786885245901639 0.053125 0.10772833723653395
1 0.81640625 0.3149882903981265 0.0640625 0.11475409836065574
1 0.8921875 0.34543325526932084 0.1 0.1522248243559719
1 0.90546875 0.2892271662763466 0.0734375 0.11007025761124122
1 0.86875 0.21428571428571427 0.0625 0.12412177985948478
1 0.9640625 0.22833723653395785 0.071875 0.14285714285714285