1 0.11833333333333333 0.47485207100591714 0.06333333333333334 0.10355029585798817
1 0.02 0.46597633136094674 0.03666666666666667 0.13313609467455623
1 0.1625 0.4334319526627219 0.041666666666666664 0.07988165680473373
1 0.1525 0.3905325443786982 0.035 0.05917159763313609
1 0.20666666666666667 0.3742603550295858 0.04 0.07988165680473373
1 0.24 0.613905325443787 0.09666666666666666 0.14497041420118342
1 0.3016666666666667 0.4156804733727811 0.05333333333333334 0.09171597633136094
1 0.3616666666666667 0.39201183431952663 0.03666666666666667 0.0621301775147929
1 0.37416666666666665 0.28402366863905326 0.03166666666666667 0.05325443786982249
1 0.5108333333333334 0.5044378698224852 0.08833333333333333 0.15680473372781065
1 0.4866666666666667 0.4378698224852071 0.043333333333333335 0.07100591715976332
1 0.6075 0.23668639053254437 0.03166666666666667 0.05917159763313609
1 0.6541666666666667 0.33579881656804733 0.041666666666666664 0.09171597633136094
1 0.6533333333333333 0.3698224852071006 0.03333333333333333 0.0650887573964497
1 0.6983333333333334 0.35502958579881655 0.03666666666666667 0.07100591715976332
1 0.7075 0.4171597633136095 0.045 0.08875739644970414
1 0.7616666666666667 0.41124260355029585 0.056666666666666664 0.10059171597633136
1 0.8366666666666667 0.4319526627218935 0.06333333333333334 0.14201183431952663