1 0.1583949313621964 0.2608286252354049 0.021119324181626188 0.04331450094161959
1 0.2666314677930306 0.1873822975517891 0.01795142555438226 0.035781544256120526
1 0.31890179514255546 0.2080979284369115 0.021119324181626188 0.032015065913371
1 0.3600844772967265 0.1977401129943503 0.01689545934530095 0.04143126177024482
1 0.37328405491024286 0.1854990583804143 0.013727560718057022 0.032015065913371
1 0.38595564941921856 0.1704331450094162 0.01795142555438226 0.03954802259887006
1 0.39334741288278774 0.1497175141242938 0.011615628299894404 0.02824858757062147
1 0.4155227032734953 0.1751412429378531 0.02006335797254488 0.04143126177024482
1 0.43294614572333684 0.15819209039548024 0.01900739176346357 0.03766478342749529
1 0.43453009503695883 0.22033898305084745 0.024287222808870117 0.05649717514124294
1 0.43611404435058077 0.3700564971751412 0.048574445617740235 0.09227871939736347
1 0.4820485744456177 0.2071563088512241 0.026399155227032733 0.06779661016949153
1 0.46673706441393875 0.1374764595103578 0.021119324181626188 0.03766478342749529
1 0.49366420274551215 0.1337099811676083 0.011615628299894404 0.026365348399246705
1 0.510559662090813 0.14689265536723164 0.01795142555438226 0.03766478342749529
1 0.5253431890179514 0.1327683615819209 0.013727560718057022 0.032015065913371
1 0.5295670538542767 0.1713747645951036 0.02006335797254488 0.03389830508474576
1 0.5601900739176346 0.15819209039548024 0.01795142555438226 0.03389830508474576
1 0.5533262935586061 0.14124293785310735 0.012671594508975714 0.030131826741996232
1 0.5844772967265047 0.07532956685499058 0.013727560718057022 0.03389830508474576
1 0.5892291446673706 0.16290018832391714 0.01689545934530095 0.035781544256120526
1 0.5559662090813094 0.192090395480226 0.02006335797254488 0.03766478342749529
1 0.5068637803590285 0.224105461393597 0.023231256599788808 0.05273069679849341
1 0.6124604012671595 0.11393596986817325 0.012671594508975714 0.02448210922787194
1 0.6219640971488912 0.10828625235404897 0.014783526927138331 0.032015065913371
1 0.6378035902851109 0.10546139359698682 0.012671594508975714 0.026365348399246705
1 0.6282998944033791 0.15160075329566855 0.01900739176346357 0.03954802259887006
1 0.6705385427666315 0.1167608286252354 0.01900739176346357 0.03766478342749529
1 0.6573389651531151 0.05743879472693032 0.013727560718057022 0.02824858757062147
1 0.6710665258711721 0.08192090395480225 0.01583949313621964 0.032015065913371
1 0.6884899683210137 0.08380414312617702 0.014783526927138331 0.035781544256120526
1 0.7122492080253432 0.07627118644067797 0.01583949313621964 0.02824858757062147
1 0.6187961985216474 0.2749529190207156 0.029567053854276663 0.05273069679849341
1 0.6209081309398099 0.3314500941619586 0.03590285110876452 0.064030131826742
1 0.6916578669482577 0.332391713747646 0.029567053854276663 0.07344632768361582
1 0.7397043294614573 0.3032015065913371 0.028511087645195353 0.05273069679849341
1 0.7787750791974657 0.4011299435028249 0.03273495248152059 0.07156308851224105
1 0.8405491024287223 0.3775894538606403 0.03167898627243928 0.07721280602636535
1 0.8722280887011615 0.4143126177024482 0.03590285110876452 0.08662900188323917
1 0.853220696937698 0.307909604519774 0.027455121436114043 0.0696798493408663
1 0.8305174234424498 0.2523540489642185 0.026399155227032733 0.05273069679849341
1 0.7750791974656811 0.2674199623352166 0.021119324181626188 0.05273069679849341
1 0.7302006335797254 0.211864406779661 0.02006335797254488 0.047080979284369114
1 0.7101372756071805 0.19868173258003766 0.022175290390707498 0.04331450094161959
1 0.7397043294614573 0.1487758945386064 0.01795142555438226 0.03766478342749529
1 0.7555438225976768 0.160075329566855 0.01795142555438226 0.04143126177024482
1 0.7761351636747624 0.1393596986817326 0.014783526927138331 0.03389830508474576
1 0.7909186906019008 0.1337099811676083 0.01689545934530095 0.03766478342749529
1 0.8194297782470961 0.1553672316384181 0.01689545934530095 0.03954802259887006
1 0.810454065469905 0.22128060263653485 0.02006335797254488 0.03954802259887006
1 0.7602956705385427 0.2128060263653484 0.01900739176346357 0.04143126177024482
1 0.8827877507919747 0.2834274952919021 0.023231256599788808 0.054613935969868174
1 0.895987328405491 0.2495291902071563 0.024287222808870117 0.04331450094161959
1 0.938753959873284 0.2909604519774011 0.01900739176346357 0.05084745762711865
1 0.9577613516367476 0.2297551789077213 0.01689545934530095 0.04143126177024482