1 0.3815165876777251 0.19299674267100977 0.016113744075829384 0.03420195439739414
1 0.4037914691943128 0.18322475570032573 0.015165876777251185 0.02768729641693811
1 0.4199052132701422 0.19381107491856678 0.015165876777251185 0.03257328990228013
1 0.4109004739336493 0.22312703583061888 0.01800947867298578 0.03257328990228013
1 0.3796208530805687 0.2752442996742671 0.025592417061611375 0.04234527687296417
1 0.3995260663507109 0.28338762214983715 0.023696682464454975 0.04234527687296417
1 0.45545023696682463 0.18078175895765472 0.016113744075829384 0.03257328990228013
1 0.4843601895734597 0.18566775244299674 0.017061611374407582 0.03257328990228013
1 0.4976303317535545 0.19299674267100977 0.02085308056872038 0.03745928338762215
1 0.47014218009478675 0.2247557003257329 0.022748815165876776 0.04234527687296417
1 0.5018957345971564 0.22312703583061888 0.01990521327014218 0.03908794788273615
1 0.4985781990521327 0.3004885993485342 0.02843601895734597 0.043973941368078175
1 0.6175355450236967 0.2695439739413681 0.027488151658767772 0.050488599348534204
1 0.7241706161137441 0.18892508143322476 0.022748815165876776 0.03908794788273615
1 0.7734597156398104 0.2280130293159609 0.024644549763033177 0.05537459283387622
1 0.5507109004739337 0.07003257328990228 0.015165876777251185 0.026058631921824105
1 0.5876777251184834 0.13762214983713356 0.018957345971563982 0.030944625407166124