1 0.089453125 0.3955582232893157 0.03671875 0.061224489795918366
1 0.149609375 0.43637454981992796 0.04296875 0.08283313325330131
1 0.202734375 0.5198079231692677 0.04921875 0.08883553421368548
1 0.2625 0.6236494597839136 0.05625 0.11404561824729892
1 0.29765625 0.37755102040816324 0.0328125 0.0468187274909964
1 0.36484375 0.41836734693877553 0.0328125 0.061224489795918366
1 0.43984375 0.46278511404561823 0.0390625 0.08043217286914765
1 0.540625 0.5450180072028812 0.0484375 0.10084033613445378
1 0.47734375 0.3835534213685474 0.025 0.05162064825930372
1 0.537109375 0.3847539015606242 0.02890625 0.05162064825930372
1 0.64921875 0.45138055222088835 0.0328125 0.057623049219687875
1 0.803515625 0.5066026410564226 0.04296875 0.08643457382953182
1 0.84921875 0.3433373349339736 0.0765625 0.12004801920768307