1 0.1068 0.5521885521885522 0.0504 0.11447811447811448
1 0.2176 0.25757575757575757 0.0192 0.05387205387205387
1 0.2268 0.27104377104377103 0.0216 0.04377104377104377
1 0.2736 0.2297979797979798 0.0192 0.045454545454545456
1 0.3012 0.22643097643097643 0.0184 0.045454545454545456
1 0.3072 0.20033670033670034 0.0224 0.04040404040404041
1 0.33 0.21632996632996632 0.0168 0.05218855218855219
1 0.3404 0.2196969696969697 0.0152 0.045454545454545456
1 0.3616 0.2558922558922559 0.0208 0.050505050505050504
1 0.36 0.18686868686868688 0.0176 0.04040404040404041
1 0.3864 0.17929292929292928 0.0192 0.03198653198653199
1 0.39 0.2297979797979798 0.0168 0.03872053872053872
1 0.4316 0.29208754208754206 0.0232 0.04882154882154882
1 0.414 0.16666666666666666 0.0136 0.037037037037037035
1 0.4268 0.18181818181818182 0.0184 0.04377104377104377
1 0.4684 0.23063973063973064 0.0216 0.04377104377104377
1 0.4508 0.15404040404040403 0.0168 0.03198653198653199
1 0.4628 0.15235690235690236 0.0152 0.03872053872053872
1 0.4768 0.15824915824915825 0.0176 0.04377104377104377
1 0.488 0.13468013468013468 0.0144 0.037037037037037035
1 0.508 0.15488215488215487 0.0176 0.050505050505050504
1 0.4972 0.18855218855218855 0.0168 0.04040404040404041
1 0.5252 0.21885521885521886 0.0168 0.050505050505050504
1 0.5292 0.15824915824915825 0.0152 0.04040404040404041
1 0.546 0.12626262626262627 0.0152 0.037037037037037035
1 0.5552 0.14057239057239057 0.0144 0.03535353535353535
1 0.5704 0.1893939393939394 0.016 0.04208754208754209
1 0.6004 0.20622895622895623 0.0184 0.045454545454545456
1 0.6052 0.16835016835016836 0.0168 0.037037037037037035
1 0.6012 0.1388888888888889 0.0136 0.03198653198653199
1 0.5912 0.117003367003367 0.016 0.03535353535353535
1 0.5688 0.12542087542087543 0.0144 0.03535353535353535
1 0.5768 0.1574074074074074 0.0176 0.03872053872053872
1 0.626 0.12037037037037036 0.0152 0.03872053872053872
1 0.6492 0.13215488215488216 0.0152 0.03872053872053872
1 0.6552 0.11784511784511785 0.0144 0.037037037037037035
1 0.6524 0.17255892255892255 0.0152 0.03872053872053872
1 0.6828 0.14309764309764308 0.0136 0.04040404040404041
1 0.686 0.12457912457912458 0.0136 0.03367003367003367
1 0.7012 0.1473063973063973 0.0152 0.03872053872053872
1 0.688 0.2053872053872054 0.0176 0.04377104377104377
1 0.652 0.2415824915824916 0.0272 0.05555555555555555
1 0.6056 0.2727272727272727 0.0288 0.06060606060606061
1 0.5696 0.32575757575757575 0.0288 0.06228956228956229
1 0.6028 0.37037037037037035 0.0296 0.06397306397306397
1 0.6548 0.3872053872053872 0.0328 0.06734006734006734
1 0.7184 0.38552188552188554 0.0304 0.06397306397306397
1 0.7096 0.2702020202020202 0.024 0.06902356902356903
1 0.7364 0.22474747474747475 0.02 0.04208754208754209
1 0.7244 0.21464646464646464 0.0168 0.03872053872053872
1 0.7472 0.18602693602693604 0.016 0.03535353535353535
1 0.7624 0.1717171717171717 0.0144 0.04377104377104377
1 0.7716 0.19107744107744107 0.0168 0.03872053872053872
1 0.7904 0.23063973063973064 0.0176 0.04377104377104377
1 0.7468 0.2845117845117845 0.0232 0.05723905723905724
1 0.7952 0.3021885521885522 0.0224 0.05555555555555555
1 0.8132 0.21464646464646464 0.0168 0.04208754208754209
1 0.804 0.1835016835016835 0.016 0.04040404040404041
1 0.8248 0.20202020202020202 0.016 0.04040404040404041
1 0.7892 0.4553872053872054 0.0312 0.09259259259259259
1 0.8548 0.49074074074074076 0.0312 0.09932659932659933
1 0.8708 0.3939393939393939 0.0264 0.06734006734006734
1 0.8564 0.335016835016835 0.0184 0.05387205387205387
1 0.864 0.3021885521885522 0.0192 0.045454545454545456
1 0.8856 0.26936026936026936 0.0176 0.050505050505050504
1 0.8976 0.2441077441077441 0.0144 0.030303030303030304
1 0.8932 0.21296296296296297 0.0136 0.03198653198653199
1 0.8704 0.22727272727272727 0.016 0.04040404040404041
1 0.8552 0.2255892255892256 0.0176 0.04377104377104377
1 0.9232 0.25336700336700335 0.0128 0.04208754208754209
1 0.9464 0.23653198653198654 0.0128 0.03535353535353535
1 0.92 0.3207070707070707 0.0208 0.04882154882154882
1 0.942 0.43013468013468015 0.0248 0.07912457912457913
1 0.9456 0.37037037037037035 0.0208 0.06060606060606061
1 0.9684 0.3484848484848485 0.0184 0.05387205387205387
1 0.9692 0.30134680134680136 0.0152 0.04713804713804714
1 0.9744 0.24663299663299662 0.0112 0.045454545454545456