1 0.1187624750499002 0.26278659611992944 0.023952095808383235 0.042328042328042326
1 0.19011976047904192 0.31393298059964725 0.04091816367265469 0.09171075837742504
1 0.17664670658682635 0.43915343915343913 0.04590818363273453 0.08818342151675485
1 0.35479041916167664 0.21428571428571427 0.020958083832335328 0.04056437389770723
1 0.42664670658682635 0.21869488536155202 0.020958083832335328 0.042328042328042326
1 0.4540918163672655 0.1984126984126984 0.02594810379241517 0.047619047619047616
1 0.5074850299401198 0.11816578483245149 0.0249500998003992 0.04585537918871252
1 0.561377245508982 0.10758377425044091 0.0249500998003992 0.04585537918871252
1 0.625249500998004 0.13227513227513227 0.018962075848303395 0.042328042328042326
1 0.5484031936127745 0.19135802469135801 0.020958083832335328 0.04409171075837742
1 0.5823353293413174 0.20811287477954143 0.0249500998003992 0.04585537918871252
1 0.6412175648702595 0.24779541446208111 0.028942115768463075 0.054673721340388004
1 0.7210578842315369 0.2742504409171076 0.028942115768463075 0.06172839506172839
1 0.843812375249501 0.3412698412698413 0.03293413173652695 0.0582010582010582
1 0.8373253493013972 0.21516754850088182 0.021956087824351298 0.04585537918871252
1 0.9146706586826348 0.2848324514991182 0.02694610778443114 0.05114638447971781
1 0.9296407185628742 0.16313932980599646 0.012974051896207584 0.03350970017636684
1 0.9026946107784432 0.12433862433862433 0.016966067864271458 0.03350970017636684