1 0.523 0.7063253012048193 0.162 0.2560240963855422
1 0.311 0.48343373493975905 0.066 0.14156626506024098
1 0.493 0.4683734939759036 0.058 0.12349397590361445
1 0.64 0.4457831325301205 0.052 0.10843373493975904
1 0.783 0.6671686746987951 0.122 0.21385542168674698
1 0.777 0.5015060240963856 0.082 0.12951807228915663
1 0.891 0.4894578313253012 0.086 0.16566265060240964
1 0.978 0.42168674698795183 0.044 0.10843373493975904
1 0.93 0.3644578313253012 0.032 0.06626506024096386
1 0.914 0.3132530120481928 0.02 0.04216867469879518
1 0.88 0.32831325301204817 0.028 0.05421686746987952
1 0.849 0.3463855421686747 0.03 0.06626506024096386
1 0.745 0.38403614457831325 0.042 0.07530120481927711
1 0.765 0.338855421686747 0.03 0.0572289156626506
1 0.837 0.3192771084337349 0.03 0.04819277108433735
1 0.676 0.34186746987951805 0.04 0.07530120481927711
1 0.624 0.29819277108433734 0.024 0.03614457831325301
1 0.593 0.30271084337349397 0.018 0.03313253012048193
1 0.556 0.2936746987951807 0.02 0.03313253012048193
1 0.546 0.30873493975903615 0.02 0.03313253012048193
1 0.499 0.2996987951807229 0.022 0.0391566265060241
1 0.454 0.338855421686747 0.028 0.045180722891566265
1 0.483 0.37650602409638556 0.042 0.060240963855421686
1 0.391 0.3313253012048193 0.026 0.04819277108433735
1 0.337 0.338855421686747 0.034 0.0572289156626506
1 0.308 0.25150602409638556 0.024 0.03313253012048193
1 0.299 0.3629518072289157 0.038 0.0572289156626506
1 0.25 0.37650602409638556 0.048 0.0783132530120482
1 0.248 0.32379518072289154 0.028 0.0391566265060241
1 0.209 0.37801204819277107 0.042 0.06927710843373494
1 0.118 0.3870481927710843 0.052 0.07530120481927711
1 0.051 0.3825301204819277 0.034 0.06626506024096386
1 0.741 0.24548192771084337 0.01 0.02108433734939759