1 0.07583333333333334 0.5255555555555556 0.045 0.05555555555555555
1 0.16083333333333333 0.49 0.03833333333333333 0.04666666666666667
1 0.2825 0.48333333333333334 0.03833333333333333 0.051111111111111114
1 0.29833333333333334 0.5177777777777778 0.04 0.06222222222222222
1 0.39416666666666667 0.4711111111111111 0.025 0.04888888888888889
1 0.415 0.49333333333333335 0.03666666666666667 0.04888888888888889
1 0.4375 0.5444444444444444 0.04833333333333333 0.07555555555555556
1 0.4533333333333333 0.5133333333333333 0.04 0.06222222222222222
1 0.48833333333333334 0.4777777777777778 0.02666666666666667 0.044444444444444446
1 0.49416666666666664 0.45444444444444443 0.025 0.03333333333333333
1 0.5425 0.4811111111111111 0.03833333333333333 0.04666666666666667
1 0.57 0.5033333333333333 0.04 0.05555555555555555
1 0.5508333333333333 0.44 0.025 0.04
1 0.5825 0.43555555555555553 0.018333333333333333 0.02666666666666667
1 0.6158333333333333 0.45666666666666667 0.028333333333333332 0.051111111111111114
1 0.6391666666666667 0.4777777777777778 0.025 0.04
1 0.6408333333333334 0.43333333333333335 0.021666666666666667 0.035555555555555556
1 0.6625 0.43555555555555553 0.018333333333333333 0.02666666666666667
1 0.6833333333333333 0.45 0.02666666666666667 0.042222222222222223
1 0.7108333333333333 0.45444444444444443 0.021666666666666667 0.03777777777777778
1 0.74 0.43777777777777777 0.023333333333333334 0.035555555555555556
1 0.7633333333333333 0.42444444444444446 0.02 0.02666666666666667
1 0.8283333333333334 0.49666666666666665 0.056666666666666664 0.06888888888888889
1 0.8533333333333334 0.4722222222222222 0.04 0.05555555555555555
1 0.8841666666666667 0.4411111111111111 0.025 0.04666666666666667
1 0.9033333333333333 0.41888888888888887 0.02666666666666667 0.04666666666666667
1 0.965 0.5033333333333333 0.05 0.07333333333333333
1 0.9516666666666667 0.45111111111111113 0.03333333333333333 0.05333333333333334
1 0.945 0.4166666666666667 0.023333333333333334 0.03333333333333333