1 0.035333333333333335 0.24377224199288255 0.06 0.12099644128113879
1 0.07866666666666666 0.19217081850533807 0.04 0.06761565836298933
1 0.25933333333333336 0.4822064056939502 0.108 0.14590747330960854
1 0.352 0.4101423487544484 0.08533333333333333 0.10498220640569395
1 0.33666666666666667 0.2900355871886121 0.068 0.099644128113879
1 0.30133333333333334 0.26512455516014233 0.037333333333333336 0.06405693950177936
1 0.2653333333333333 0.2402135231316726 0.037333333333333336 0.05338078291814947
1 0.374 0.24377224199288255 0.03333333333333333 0.05693950177935943
1 0.42 0.25889679715302494 0.05333333333333334 0.08362989323843416
1 0.4766666666666667 0.3016014234875445 0.07333333333333333 0.10498220640569395
1 0.5853333333333334 0.5409252669039146 0.10666666666666667 0.14590747330960854
1 0.6686666666666666 0.4608540925266904 0.084 0.13167259786476868
1 0.6913333333333334 0.34252669039145905 0.04933333333333333 0.0800711743772242
1 0.8213333333333334 0.22597864768683273 0.06933333333333333 0.10320284697508897
1 0.8693333333333333 0.3736654804270463 0.058666666666666666 0.099644128113879
1 0.9126666666666666 0.3211743772241993 0.052 0.07295373665480427
1 0.7553333333333333 0.3896797153024911 0.04133333333333333 0.09252669039145907
1 0.7013333333333334 0.2918149466192171 0.064 0.08185053380782918
1 0.6433333333333333 0.29537366548042704 0.044 0.07473309608540925
1 0.5786666666666667 0.27402135231316727 0.050666666666666665 0.06761565836298933