1 0.056666666666666664 0.22565320665083136 0.06533333333333333 0.1330166270783848
1 0.15 0.37292161520190026 0.036 0.057007125890736345
1 0.14133333333333334 0.33729216152019004 0.029333333333333333 0.047505938242280284
1 0.19533333333333333 0.37767220902612825 0.036 0.07600950118764846
1 0.22933333333333333 0.3693586698337292 0.04 0.07363420427553444
1 0.24866666666666667 0.3919239904988123 0.04133333333333333 0.07125890736342043
1 0.2826666666666667 0.32660332541567694 0.02666666666666667 0.05938242280285035
1 0.31533333333333335 0.32660332541567694 0.02266666666666667 0.05938242280285035
1 0.342 0.333729216152019 0.028 0.05463182897862233
1 0.37266666666666665 0.33729216152019004 0.025333333333333333 0.06175771971496437
1 0.408 0.3491686460807601 0.029333333333333333 0.06175771971496437
1 0.4033333333333333 0.44061757719714967 0.044 0.10688836104513064
1 0.452 0.4513064133016627 0.048 0.10451306413301663
1 0.45466666666666666 0.35748218527315917 0.037333333333333336 0.07838479809976247
1 0.5233333333333333 0.32066508313539194 0.025333333333333333 0.047505938242280284
1 0.4713333333333333 0.30641330166270786 0.025333333333333333 0.03800475059382423
1 0.5793333333333334 0.3254156769596199 0.030666666666666665 0.057007125890736345
1 0.5213333333333333 0.47980997624703087 0.050666666666666665 0.10926365795724466
1 0.6073333333333333 0.49643705463182897 0.06266666666666666 0.12351543942992874
1 0.6233333333333333 0.3990498812351544 0.04666666666666667 0.09026128266033254
1 0.6973333333333334 0.42399049881235157 0.042666666666666665 0.08788598574821853
1 0.7686666666666667 0.42161520190023755 0.052 0.09263657957244656
1 0.746 0.37054631828978624 0.036 0.08076009501187649
1 0.7393333333333333 0.5427553444180523 0.07866666666666666 0.1543942992874109
1 0.8986666666666666 0.6294536817102138 0.08533333333333333 0.166270783847981
1 0.8713333333333333 0.4346793349168646 0.068 0.12351543942992874
1 0.83 0.37767220902612825 0.044 0.09501187648456057
1 0.9666666666666667 0.4679334916864608 0.064 0.12351543942992874
1 0.9793333333333333 0.39429928741092635 0.04133333333333333 0.08076009501187649