1 0.18421052631578946 0.4555735056542811 0.04709141274238227 0.09369951534733441
1 0.27516158818097874 0.2310177705977383 0.020313942751615882 0.03877221324717286
1 0.2982456140350877 0.22697899838449112 0.01662049861495845 0.04038772213247173
1 0.34025854108956605 0.14862681744749595 0.02123730378578024 0.0420032310177706
1 0.3605724838411819 0.19063004846526657 0.01569713758079409 0.045234248788368334
1 0.37765466297322253 0.16720516962843296 0.018467220683287166 0.030694668820678513
1 0.38688827331486614 0.2407108239095315 0.020313942751615882 0.045234248788368334
1 0.41735918744228995 0.24151857835218093 0.0221606648199446 0.046849757673667204
1 0.425207756232687 0.20193861066235863 0.017543859649122806 0.0420032310177706
1 0.44136657433056325 0.210016155088853 0.0221606648199446 0.03877221324717286
1 0.4279778393351801 0.17609046849757673 0.013850415512465374 0.025848142164781908
1 0.43859649122807015 0.16397415185783523 0.014773776546629732 0.030694668820678513
1 0.4233610341643583 0.15266558966074315 0.013850415512465374 0.0210016155088853
1 0.47830101569713757 0.15105008077544427 0.018467220683287166 0.03715670436187399
1 0.487072945521699 0.19709208400646203 0.017543859649122806 0.035541195476575124
1 0.5055401662049861 0.19709208400646203 0.01569713758079409 0.0420032310177706
1 0.4695290858725762 0.11873990306946688 0.010156971375807941 0.024232633279483037
1 0.48753462603878117 0.07350565428109855 0.012927054478301015 0.024232633279483037
1 0.49722991689750695 0.11712439418416801 0.013850415512465374 0.027463651050080775
1 0.5184672206832872 0.1332794830371567 0.01569713758079409 0.027463651050080775
1 0.530932594644506 0.1284329563812601 0.0110803324099723 0.024232633279483037
1 0.5480147737765466 0.14781906300484654 0.017543859649122806 0.030694668820678513
1 0.5475530932594644 0.12681744749596122 0.014773776546629732 0.027463651050080775
1 0.5646352723915051 0.16155088852988692 0.013850415512465374 0.03231017770597738
1 0.5951061865189289 0.13731825525040386 0.01569713758079409 0.029079159935379646
1 0.5997229916897507 0.11631663974151858 0.013850415512465374 0.022617124394184167
1 0.6191135734072022 0.11631663974151858 0.013850415512465374 0.022617124394184167
1 0.6200369344413665 0.10581583198707593 0.008310249307479225 0.017770597738287562
1 0.6265004616805171 0.14781906300484654 0.013850415512465374 0.024232633279483037
1 0.6481994459833795 0.12681744749596122 0.012927054478301015 0.027463651050080775
1 0.6786703601108033 0.12197092084006463 0.012927054478301015 0.027463651050080775
1 0.7068328716528163 0.11389337641357028 0.012003693444136657 0.024232633279483037
1 0.7479224376731302 0.07754442649434572 0.012927054478301015 0.029079159935379646
1 0.5937211449676824 0.2310177705977383 0.020313942751615882 0.035541195476575124
1 0.6518928901200369 0.23263327948303716 0.0221606648199446 0.051696284329563816
1 0.6980609418282548 0.25848142164781907 0.0221606648199446 0.05492730210016155
1 0.7151431209602955 0.32794830371567046 0.032317636195752536 0.06462035541195477
1 0.7539242843951985 0.3570274636510501 0.030470914127423823 0.05815831987075929
1 0.7862419205909511 0.3037156704361874 0.023084025854108958 0.05815831987075929
1 0.7580794090489381 0.2520193861066236 0.024007386888273315 0.051696284329563816
1 0.7308402585410896 0.22617124394184168 0.023084025854108958 0.045234248788368334
1 0.7169898430286242 0.18093699515347333 0.017543859649122806 0.03877221324717286
1 0.7049861495844876 0.16478190630048464 0.01569713758079409 0.03877221324717286
1 0.7326869806094183 0.17124394184168013 0.013850415512465374 0.035541195476575124
1 0.7456140350877193 0.20274636510500807 0.017543859649122806 0.04038772213247173
1 0.7908587257617729 0.23990306946688206 0.02123730378578024 0.033925686591276254
1 0.7770083102493075 0.15508885298869143 0.01569713758079409 0.022617124394184167
1 0.7968605724838412 0.16558966074313408 0.012927054478301015 0.027463651050080775
1 0.8000923361034165 0.13974151857835218 0.012003693444136657 0.027463651050080775
1 0.8439519852262235 0.1583198707592892 0.014773776546629732 0.035541195476575124
1 0.8559556786703602 0.14620355411954766 0.012927054478301015 0.027463651050080775
1 0.8319482917820868 0.19466882067851374 0.018467220683287166 0.04038772213247173
1 0.8716528162511542 0.1801292407108239 0.012927054478301015 0.033925686591276254
1 0.8698060941828255 0.2294022617124394 0.018467220683287166 0.03231017770597738
1 0.8444136657433057 0.25040387722132473 0.019390581717451522 0.045234248788368334
1 0.8988919667590027 0.21405492730210016 0.017543859649122806 0.04038772213247173
1 0.8988919667590027 0.18497576736672053 0.01569713758079409 0.03715670436187399
1 0.907202216066482 0.17124394184168013 0.01569713758079409 0.035541195476575124
1 0.9155124653739612 0.1583198707592892 0.013850415512465374 0.029079159935379646
1 0.9464450600184672 0.16155088852988692 0.012927054478301015 0.029079159935379646
1 0.9376731301939059 0.2633279483037157 0.017543859649122806 0.0420032310177706
1 0.9261311172668514 0.2084006462035541 0.014773776546629732 0.03877221324717286
1 0.9104339796860572 0.39337641357027464 0.024007386888273315 0.050080775444264945
1 0.8864265927977839 0.2681744749596123 0.018467220683287166 0.03877221324717286
1 0.6278855032317636 0.1777059773828756 0.01662049861495845 0.03231017770597738