1 0.14278198653198654 0.3282828282828283 0.04061447811447812 0.08017676767676768
1 0.19654882154882156 0.3334911616161616 0.03156565656565657 0.06534090909090909
1 0.21506734006734007 0.4098800505050505 0.040824915824915826 0.07039141414141414
1 0.2543139730639731 0.5007891414141414 0.032196969696969696 0.06534090909090909
1 0.3265993265993266 0.5566603535353535 0.05176767676767677 0.0798611111111111
1 0.4644360269360269 0.5392992424242424 0.05387205387205387 0.08743686868686869
1 0.5672348484848485 0.5492424242424242 0.05197811447811448 0.09027777777777778
1 0.6811868686868687 0.5093118686868687 0.04292929292929293 0.09059343434343434
1 0.24736952861952863 0.33885732323232326 0.03640572390572391 0.054608585858585856
1 0.27041245791245794 0.22522095959595959 0.029461279461279462 0.052714646464646464
1 0.3048190235690236 0.31833964646464646 0.030934343434343436 0.05776515151515151
1 0.3571127946127946 0.31470959595959597 0.03577441077441077 0.06944444444444445
1 0.3546927609427609 0.21559343434343434 0.02798821548821549 0.056818181818181816
1 0.40898569023569026 0.3529040404040404 0.03851010101010101 0.0726010101010101
1 0.4476010101010101 0.3104482323232323 0.03156565656565657 0.06092171717171717
1 0.43076599326599324 0.22301136363636365 0.03156565656565657 0.06092171717171717
1 0.5176767676767676 0.24100378787878787 0.027356902356902357 0.054608585858585856
1 0.4917929292929293 0.33254419191919193 0.03577441077441077 0.06723484848484848
1 0.5556607744107744 0.3161300505050505 0.03851010101010101 0.07481060606060606
1 0.5956439393939394 0.3372790404040404 0.03851010101010101 0.07039141414141414
1 0.5851220538720538 0.23832070707070707 0.034301346801346805 0.06628787878787878
1 0.6790824915824916 0.2058080808080808 0.041245791245791245 0.0726010101010101
1 0.6703493265993266 0.3262310606060606 0.04061447811447812 0.0798611111111111
1 0.7348484848484849 0.3057133838383838 0.04335016835016835 0.08301767676767677
1 0.7639941077441077 0.2904040404040404 0.05113636363636364 0.08396464646464646
1 0.7537878787878788 0.2168560606060606 0.040824915824915826 0.06313131313131314
1 0.8400673400673401 0.3109217171717172 0.05765993265993266 0.09154040404040405
1 0.9705387205387206 0.3336489898989899 0.05597643097643098 0.10101010101010101