1 0.20194274028629858 0.31669691470054445 0.041922290388548056 0.0852994555353902
1 0.532719836400818 0.2014519056261343 0.022494887525562373 0.039927404718693285
1 0.5894683026584867 0.1751361161524501 0.015337423312883436 0.030852994555353903
1 0.6651329243353783 0.19600725952813067 0.015337423312883436 0.036297640653357534
1 0.6165644171779141 0.20871143375680581 0.02044989775051125 0.047186932849364795
1 0.6595092024539877 0.2540834845735027 0.022494887525562373 0.0544464609800363
1 0.7116564417177914 0.20235934664246824 0.016359918200409 0.034482758620689655
1 0.7443762781186094 0.20689655172413793 0.018404907975460124 0.043557168784029036
1 0.7285276073619632 0.2695099818511797 0.02147239263803681 0.045372050816696916
1 0.7699386503067485 0.2613430127041742 0.022494887525562373 0.050816696914700546
1 0.8123721881390593 0.2713248638838475 0.02147239263803681 0.04900181488203267
1 0.7346625766871165 0.36932849364791287 0.03374233128834356 0.0780399274047187
1 0.8087934560327198 0.40018148820326677 0.03067484662576687 0.0852994555353902
1 0.8987730061349694 0.41379310344827586 0.0408997955010225 0.08711433756805807
1 0.6733128834355828 0.22141560798548093 0.017382413087934562 0.050816696914700546