1 0.15981012658227847 0.2747875354107649 0.03322784810126582 0.05099150141643059
1 0.18156645569620253 0.40368271954674223 0.037183544303797465 0.07365439093484419
1 0.6412183544303798 0.09985835694050992 0.015031645569620253 0.029745042492917848
1 0.6930379746835443 0.10764872521246459 0.014240506329113924 0.025495750708215296
1 0.7274525316455697 0.11614730878186968 0.01819620253164557 0.031161473087818695
1 0.7772943037974683 0.11898016997167139 0.011867088607594937 0.025495750708215296
1 0.8073575949367089 0.12393767705382436 0.010284810126582278 0.032577903682719546
1 0.836629746835443 0.12393767705382436 0.01819620253164557 0.03541076487252125
1 0.5613132911392406 0.12960339943342777 0.011867088607594937 0.024079320113314446
1 0.5249208860759493 0.14022662889518414 0.011867088607594937 0.028328611898016998
1 0.5917721518987342 0.10339943342776203 0.007911392405063292 0.019830028328611898
1 0.6079905063291139 0.11756373937677053 0.013449367088607595 0.028328611898016998
1 0.5035601265822784 0.14022662889518414 0.015031645569620253 0.028328611898016998
1 0.45688291139240506 0.14660056657223797 0.01819620253164557 0.029745042492917848
1 0.34810126582278483 0.21175637393767704 0.020569620253164556 0.03824362606232295
1 0.3192246835443038 0.24787535410764872 0.022943037974683545 0.036827195467422094
1 0.3136867088607595 0.2754957507082153 0.01661392405063291 0.03824362606232295
1 0.41139240506329117 0.19688385269121814 0.020569620253164556 0.036827195467422094
1 0.43908227848101267 0.17209631728045327 0.015822784810126583 0.032577903682719546
1 0.3928006329113924 0.26416430594900847 0.027689873417721517 0.049575070821529746
1 0.4513449367088608 0.21813031161473087 0.01819620253164557 0.031161473087818695
1 0.46795886075949367 0.24291784702549576 0.022943037974683545 0.03824362606232295
1 0.5015822784810127 0.1905099150141643 0.01740506329113924 0.03824362606232295
1 0.5589398734177216 0.1813031161473088 0.01819620253164557 0.0339943342776204
1 0.6068037974683544 0.14730878186968838 0.015822784810126583 0.028328611898016998
1 0.6400316455696202 0.13456090651558072 0.01740506329113924 0.031161473087818695
1 0.5348101265822784 0.3002832861189802 0.03164556962025317 0.06232294617563739
1 0.5636867088607594 0.2443342776203966 0.021360759493670885 0.05240793201133145
1 0.6024525316455697 0.25991501416430596 0.02610759493670886 0.046742209631728045
1 0.603243670886076 0.22096317280453256 0.0245253164556962 0.0453257790368272
1 0.6313291139240507 0.31090651558073656 0.02689873417721519 0.05807365439093484
1 0.6511075949367089 0.26558073654390935 0.023734177215189875 0.043909348441926344
1 0.6534810126582279 0.2245042492917847 0.022151898734177215 0.04107648725212465
1 0.6768196202531646 0.1905099150141643 0.01819620253164557 0.03824362606232295
1 0.7049050632911392 0.22237960339943344 0.0189873417721519 0.0453257790368272
1 0.7203322784810127 0.1813031161473088 0.01661392405063291 0.036827195467422094
1 0.7772943037974683 0.1678470254957507 0.013449367088607595 0.032577903682719546
1 0.8176424050632911 0.1558073654390935 0.021360759493670885 0.039660056657223795
1 0.8583860759493671 0.15864022662889518 0.0189873417721519 0.036827195467422094
1 0.8928006329113924 0.1536827195467422 0.011867088607594937 0.029745042492917848
1 0.8350474683544303 0.32223796033994334 0.02610759493670886 0.08073654390934844
1 0.7958860759493671 0.38172804532577903 0.030063291139240507 0.09206798866855524
1 0.875 0.42492917847025496 0.03481012658227848 0.08498583569405099
1 0.903876582278481 0.3038243626062323 0.02610759493670886 0.060906515580736544
1 0.8619462025316456 0.26274787535410765 0.01977848101265823 0.049575070821529746
1 0.9149525316455697 0.24645892351274787 0.022943037974683545 0.053824362606232294
1 0.7638449367088608 0.23441926345609065 0.021360759493670885 0.05524079320113314
1 0.8117088607594937 0.25 0.01740506329113924 0.043909348441926344
1 0.803006329113924 0.1813031161473088 0.020569620253164556 0.039660056657223795
1 0.3714398734177215 0.24362606232294617 0.02610759493670886 0.0339943342776204
1 0.4050632911392405 0.2386685552407932 0.03322784810126582 0.04107648725212465
1 0.5478639240506329 0.14376770538243627 0.013449367088607595 0.029745042492917848
1 0.5427215189873418 0.16288951841359772 0.022151898734177215 0.04815864022662889
1 0.5862341772151899 0.14660056657223797 0.022151898734177215 0.03541076487252125
1 0.6693037974683544 0.12464589235127478 0.011075949367088608 0.028328611898016998
1 0.7496044303797469 0.14730878186968838 0.01819620253164557 0.036827195467422094
1 0.7622626582278481 0.2988668555240793 0.022943037974683545 0.042492917847025496
1 0.8840981012658228 0.1791784702549575 0.015031645569620253 0.03541076487252125
1 0.34810126582278483 0.2471671388101983 0.020569620253164556 0.049575070821529746
1 0.584256329113924 0.12393767705382436 0.015031645569620253 0.026912181303116147
1 0.7729430379746836 0.21742209631728046 0.015822784810126583 0.03824362606232295
1 0.8710443037974683 0.23371104815864022 0.015822784810126583 0.0453257790368272