1 0.05588235294117647 0.36106194690265486 0.04823529411764706 0.06371681415929203
1 0.10882352941176471 0.4008849557522124 0.027058823529411764 0.04424778761061947
1 0.16411764705882353 0.37610619469026546 0.024705882352941175 0.05486725663716814
1 0.1976470588235294 0.36991150442477877 0.04 0.05663716814159292
1 0.27941176470588236 0.3548672566371681 0.052941176470588235 0.07964601769911504
1 0.3211764705882353 0.36902654867256635 0.03764705882352941 0.0584070796460177
1 0.3788235294117647 0.3805309734513274 0.02823529411764706 0.05309734513274336
1 0.4023529411764706 0.3893805309734513 0.021176470588235293 0.04247787610619469
1 0.44 0.3805309734513274 0.03294117647058824 0.06017699115044248
1 0.48 0.38849557522123895 0.018823529411764704 0.04424778761061947
1 0.5370588235294118 0.3601769911504425 0.052941176470588235 0.09734513274336283
1 0.611764705882353 0.38141592920353984 0.04 0.0831858407079646
1 0.6417647058823529 0.39557522123893807 0.03176470588235294 0.0584070796460177
1 0.701764705882353 0.40176991150442476 0.03411764705882353 0.06725663716814159
1 0.7523529411764706 0.4230088495575221 0.02235294117647059 0.03893805309734513
1 0.9452941176470588 0.32654867256637166 0.024705882352941175 0.04070796460176991