1 0.22583333333333333 0.4431818181818182 0.095 0.1691919191919192
1 0.1375 0.3888888888888889 0.058333333333333334 0.09595959595959595
1 0.09583333333333334 0.33964646464646464 0.04833333333333333 0.07828282828282829
1 0.06916666666666667 0.33964646464646464 0.03833333333333333 0.07323232323232323
1 0.0525 0.30303030303030304 0.025 0.050505050505050504
1 0.13416666666666666 0.27525252525252525 0.025 0.030303030303030304
1 0.16416666666666666 0.2967171717171717 0.025 0.04292929292929293
1 0.18833333333333332 0.273989898989899 0.02666666666666667 0.04292929292929293
1 0.18083333333333335 0.3282828282828283 0.035 0.05555555555555555
1 0.2783333333333333 0.2765151515151515 0.02 0.03787878787878788
1 0.3416666666666667 0.2828282828282828 0.023333333333333334 0.050505050505050504
1 0.3575 0.351010101010101 0.045 0.07575757575757576
1 0.4091666666666667 0.2904040404040404 0.028333333333333332 0.045454545454545456
1 0.44916666666666666 0.30808080808080807 0.035 0.06060606060606061
1 0.4841666666666667 0.27146464646464646 0.025 0.04292929292929293
1 0.5225 0.3838383838383838 0.08166666666666667 0.13131313131313133
1 0.5991666666666666 0.30303030303030304 0.025 0.050505050505050504
1 0.64 0.29545454545454547 0.02666666666666667 0.045454545454545456
1 0.6625 0.2916666666666667 0.025 0.04292929292929293
1 0.65 0.4015151515151515 0.06333333333333334 0.12121212121212122
1 0.7266666666666667 0.3472222222222222 0.043333333333333335 0.06818181818181818
1 0.7891666666666667 0.3573232323232323 0.058333333333333334 0.09848484848484848
1 0.8316666666666667 0.31565656565656564 0.03666666666666667 0.06565656565656566