1 0.09296875 0.3875 0.0515625 0.09722222222222222
1 0.04921875 0.3472222222222222 0.0359375 0.06666666666666667
1 0.19140625 0.39861111111111114 0.0515625 0.11388888888888889
1 0.16953125 0.35138888888888886 0.0328125 0.058333333333333334
1 0.234375 0.3333333333333333 0.025 0.05
1 0.2625 0.375 0.040625 0.08333333333333333
1 0.32578125 0.36527777777777776 0.0328125 0.08611111111111111
1 0.39453125 0.3388888888888889 0.0390625 0.08333333333333333
1 0.45234375 0.3333333333333333 0.0296875 0.08333333333333333
1 0.44453125 0.5541666666666667 0.1078125 0.18055555555555555
1 0.5671875 0.4375 0.090625 0.21944444444444444
1 0.5171875 0.375 0.0625 0.14444444444444443
1 0.65859375 0.41944444444444445 0.0671875 0.14444444444444443
1 0.77421875 0.5236111111111111 0.1078125 0.225
1 0.75625 0.3597222222222222 0.05 0.11944444444444445
1 0.7203125 0.35833333333333334 0.025 0.07222222222222222
1 0.8078125 0.3388888888888889 0.04375 0.08333333333333333
1 0.90625 0.4041666666666667 0.0625 0.14166666666666666