1 0.1239460370994941 0.5759493670886076 0.15682967959527824 0.2708860759493671
1 0.403035413153457 0.4607594936708861 0.09106239460370995 0.13670886075949368
1 0.3811129848229342 0.25949367088607594 0.03372681281618887 0.04810126582278481
1 0.32377740303541314 0.37721518987341773 0.04384485666104553 0.06582278481012659
1 0.23946037099494097 0.3556962025316456 0.04384485666104553 0.05822784810126582
1 0.12225969645868466 0.35822784810126584 0.048903878583473864 0.06329113924050633
1 0.5075885328836425 0.37468354430379747 0.03372681281618887 0.05569620253164557
1 0.5809443507588533 0.369620253164557 0.03541315345699832 0.05569620253164557
1 0.6239460370994941 0.3848101265822785 0.03709949409780776 0.05569620253164557
1 0.6180438448566611 0.6594936708860759 0.1467116357504216 0.24050632911392406
1 0.806070826306914 0.4759493670886076 0.07082630691399663 0.11139240506329114
1 0.924114671163575 0.4151898734177215 0.07082630691399663 0.12658227848101267