1 0.0832012678288431 0.45321229050279327 0.04120443740095087 0.09078212290502793
1 0.28724247226624405 0.26675977653631283 0.02456418383518225 0.03910614525139665
1 0.3102218700475436 0.2185754189944134 0.019809825673534072 0.03770949720670391
1 0.34746434231378764 0.210195530726257 0.018225039619651346 0.034916201117318434
1 0.33716323296354994 0.25488826815642457 0.019809825673534072 0.034916201117318434
1 0.3692551505546751 0.26955307262569833 0.022187004754358162 0.05027932960893855
1 0.36806656101426305 0.2115921787709497 0.018225039619651346 0.03770949720670391
1 0.3989698890649762 0.2206703910614525 0.021394611727416798 0.036312849162011177
1 0.39025356576862125 0.276536312849162 0.0277337559429477 0.04189944134078212
1 0.4211568938193344 0.18156424581005587 0.015055467511885896 0.036312849162011177
1 0.44968304278922344 0.2115921787709497 0.018225039619651346 0.046089385474860335
1 0.47741679873217113 0.22346368715083798 0.01664025356576862 0.0335195530726257
1 0.4663232963549921 0.13687150837988826 0.015055467511885896 0.0335195530726257
1 0.4849445324881141 0.1319832402234637 0.01584786053882726 0.029329608938547486
1 0.49326465927099844 0.15013966480446927 0.015055467511885896 0.03212290502793296
1 0.5027733755942948 0.1340782122905028 0.015055467511885896 0.025139664804469275
1 0.5221870047543582 0.13058659217877094 0.014263074484944533 0.02094972067039106
1 0.5023771790808241 0.18156424581005587 0.028526148969889066 0.03910614525139665
1 0.5396196513470681 0.16410614525139663 0.01584786053882726 0.034916201117318434
1 0.5522979397781299 0.12430167597765363 0.01584786053882726 0.027932960893854747
1 0.5629952456418383 0.13477653631284917 0.022979397781299524 0.029329608938547486
1 0.5566561014263075 0.18226256983240224 0.018225039619651346 0.03770949720670391
1 0.5729001584786054 0.11592178770949721 0.014263074484944533 0.025139664804469275
1 0.5899366085578447 0.10195530726256984 0.021394611727416798 0.027932960893854747
1 0.6041996830427893 0.12220670391061453 0.021394611727416798 0.03770949720670391
1 0.6109350237717908 0.14106145251396648 0.012678288431061807 0.025139664804469275
1 0.6378763866877971 0.09497206703910614 0.012678288431061807 0.025139664804469275
1 0.660459587955626 0.10614525139664804 0.01347068145800317 0.030726256983240222
1 0.6469889064976229 0.12988826815642457 0.015055467511885896 0.027932960893854747
1 0.6715530903328051 0.11592178770949721 0.010301109350237718 0.0223463687150838
1 0.6961172741679873 0.10405027932960893 0.010301109350237718 0.02094972067039106
1 0.5578446909667195 0.2276536312849162 0.022187004754358162 0.0446927374301676
1 0.5590332805071315 0.27304469273743015 0.022979397781299524 0.046089385474860335
1 0.6152931854199684 0.2360335195530726 0.02456418383518225 0.05027932960893855
1 0.6145007923930269 0.20600558659217877 0.021394611727416798 0.04329608938547486
1 0.679080824088748 0.19343575418994413 0.022187004754358162 0.040502793296089384
1 0.659270998415214 0.26256983240223464 0.025356576862123614 0.04748603351955307
1 0.6275752773375595 0.3400837988826816 0.030110935023771792 0.04888268156424581
1 0.7056259904912837 0.21997206703910616 0.022979397781299524 0.034916201117318434
1 0.7080031695721077 0.16131284916201116 0.018225039619651346 0.03770949720670391
1 0.7202852614896988 0.18435754189944134 0.020602218700475437 0.0335195530726257
1 0.731378763866878 0.13756983240223464 0.01901743264659271 0.03212290502793296
1 0.751188589540412 0.13477653631284917 0.020602218700475437 0.03770949720670391
1 0.7801109350237718 0.11173184357541899 0.01664025356576862 0.025139664804469275
1 0.777337559429477 0.1452513966480447 0.022187004754358162 0.04189944134078212
1 0.7480190174326465 0.23952513966480446 0.028526148969889066 0.051675977653631286
1 0.8022979397781299 0.28002793296089384 0.026148969889064975 0.04888268156424581
1 0.8007131537242472 0.11592178770949721 0.018225039619651346 0.0335195530726257
1 0.8090332805071315 0.1564245810055866 0.020602218700475437 0.030726256983240222
1 0.8371632329635499 0.23812849162011174 0.022979397781299524 0.04888268156424581
1 0.8252773375594294 0.13337988826815642 0.015055467511885896 0.034916201117318434
1 0.8585578446909667 0.1361731843575419 0.019809825673534072 0.029329608938547486
1 0.8553882725832013 0.16620111731843576 0.015055467511885896 0.030726256983240222
1 0.8965927099841522 0.1403631284916201 0.01347068145800317 0.034916201117318434
1 0.8878763866877971 0.18854748603351956 0.015055467511885896 0.025139664804469275
1 0.8280507131537242 0.30027932960893855 0.025356576862123614 0.04748603351955307
1 0.8403328050713154 0.36033519553072624 0.022979397781299524 0.06424581005586592
1 0.884310618066561 0.33100558659217877 0.030110935023771792 0.06424581005586592
1 0.8886687797147385 0.4420391061452514 0.03565768621236133 0.07681564245810056
1 0.875594294770206 0.24441340782122906 0.02377179080824089 0.05027932960893855
1 0.9128367670364501 0.23114525139664804 0.02377179080824089 0.04329608938547486
1 0.929080824088748 0.19762569832402235 0.011885895404120444 0.03212290502793296
1 0.9326465927099842 0.15013966480446927 0.00792393026941363 0.02653631284916201
1 0.9057052297939778 0.29608938547486036 0.02694136291600634 0.061452513966480445
1 0.8621236133122029 0.20251396648044692 0.01901743264659271 0.036312849162011177
1 0.7737717908082409 0.21787709497206703 0.030903328050713153 0.05865921787709497
1 0.7527733755942948 0.17527932960893855 0.025356576862123614 0.040502793296089384
1 0.8042789223454834 0.2430167597765363 0.02377179080824089 0.0446927374301676
1 0.8272583201267829 0.20949720670391062 0.025356576862123614 0.03910614525139665
1 0.5804278922345484 0.1473463687150838 0.030903328050713153 0.03770949720670391
1 0.46988906497622823 0.164804469273743 0.01901743264659271 0.030726256983240222
1 0.4326465927099842 0.18226256983240224 0.025356576862123614 0.034916201117318434
1 0.45364500792393025 0.18505586592178772 0.015055467511885896 0.029329608938547486
1 0.6164817749603804 0.09567039106145252 0.020602218700475437 0.023743016759776536
1 0.7135499207606973 0.13477653631284917 0.021394611727416798 0.029329608938547486