1 0.10561497326203209 0.5754276827371695 0.045454545454545456 0.08709175738724728
1 0.1925133689839572 0.35536547433903576 0.0213903743315508 0.041990668740279936
1 0.22593582887700533 0.37325038880248834 0.020499108734402853 0.049766718506998445
1 0.2700534759358289 0.3701399688958009 0.023172905525846704 0.049766718506998445
1 0.2927807486631016 0.40668740279937793 0.02406417112299465 0.04510108864696734
1 0.25757575757575757 0.3234836702954899 0.0196078431372549 0.03732503888024884
1 0.2936720142602496 0.3405909797822706 0.022281639928698752 0.04354587869362364
1 0.32174688057041 0.3538102643856921 0.024955436720142603 0.041990668740279936
1 0.3293226381461676 0.307153965785381 0.01871657754010695 0.03576982892690513
1 0.3640819964349376 0.3468118195956454 0.020499108734402853 0.04354587869362364
1 0.39126559714795006 0.34603421461897355 0.0196078431372549 0.03576982892690513
1 0.3712121212121212 0.2698289269051322 0.01871657754010695 0.038880248833592534
1 0.3868092691622103 0.2838258164852255 0.016042780748663103 0.029548989113530325
1 0.38547237076648844 0.3118195956454121 0.01871657754010695 0.03576982892690513
1 0.41221033868092694 0.2581648522550544 0.013368983957219251 0.03110419906687403
1 0.4273618538324421 0.2643856920684292 0.01871657754010695 0.03421461897356143
1 0.4193404634581105 0.3164852255054432 0.01871657754010695 0.03576982892690513
1 0.4523172905525847 0.32581648522550544 0.022281639928698752 0.041990668740279936
1 0.4451871657754011 0.28149300155520995 0.01871657754010695 0.03732503888024884
1 0.44875222816399285 0.24961119751166408 0.015151515151515152 0.029548989113530325
1 0.4532085561497326 0.23716951788491447 0.015151515151515152 0.029548989113530325
1 0.5080213903743316 0.27993779160186627 0.017825311942959002 0.03421461897356143
1 0.4942067736185383 0.2744945567651633 0.015151515151515152 0.03265940902021773
1 0.49064171122994654 0.3320373250388802 0.020499108734402853 0.038880248833592534
1 0.5071301247771836 0.24727838258164853 0.0142602495543672 0.03110419906687403
1 0.5463458110516934 0.27838258164852253 0.0213903743315508 0.04043545878693624
1 0.5436720142602496 0.24416796267496113 0.017825311942959002 0.03110419906687403
1 0.5588235294117647 0.2161741835147745 0.0142602495543672 0.024883359253499222
1 0.5730837789661319 0.2161741835147745 0.017825311942959002 0.03110419906687403
1 0.5681818181818182 0.24883359253499224 0.01871657754010695 0.03732503888024884
1 0.5953654188948306 0.2534992223950233 0.016042780748663103 0.03110419906687403
1 0.6002673796791443 0.22628304821150855 0.015151515151515152 0.03265940902021773
1 0.6091800356506238 0.20606531881804044 0.015151515151515152 0.03265940902021773
1 0.6270053475935828 0.21461897356143078 0.015151515151515152 0.03421461897356143
1 0.6394830659536542 0.2223950233281493 0.01693404634581105 0.03421461897356143
1 0.6461675579322638 0.25660964230171074 0.016042780748663103 0.03732503888024884
1 0.6706773618538324 0.208398133748056 0.011586452762923352 0.027993779160186624
1 0.6809269162210339 0.2286158631415241 0.016042780748663103 0.03421461897356143
1 0.6871657754010695 0.2161741835147745 0.016042780748663103 0.03110419906687403
1 0.5935828877005348 0.34603421461897355 0.024955436720142603 0.05132192846034215
1 0.5877896613190731 0.4051321928460342 0.029411764705882353 0.060653188180404355
1 0.5303030303030303 0.4354587869362364 0.03208556149732621 0.06531881804043546
1 0.5222816399286988 0.39502332814930013 0.026737967914438502 0.049766718506998445
1 0.45766488413547235 0.4230171073094868 0.03297682709447415 0.08087091757387248
1 0.43315508021390375 0.3631415241057543 0.024955436720142603 0.041990668740279936
1 0.5762032085561497 0.48367029548989116 0.036541889483065956 0.07776049766718507
1 0.6372549019607843 0.5038880248833593 0.044563279857397504 0.08709175738724728
1 0.7067736185383244 0.5528771384136858 0.0427807486631016 0.08242612752721618
1 0.6742424242424242 0.37636080870917576 0.029411764705882353 0.06220839813374806
1 0.6987522281639929 0.3724727838258165 0.024955436720142603 0.05754276827371695
1 0.643048128342246 0.36236391912908245 0.02406417112299465 0.05287713841368585
1 0.6368092691622104 0.3141524105754277 0.020499108734402853 0.04665629860031104
1 0.6733511586452763 0.2822706065318818 0.022281639928698752 0.041990668740279936
1 0.7121212121212122 0.26360808709175737 0.017825311942959002 0.03265940902021773
1 0.7192513368983957 0.3048211508553655 0.0196078431372549 0.04665629860031104
1 0.6858288770053476 0.3250388802488336 0.02406417112299465 0.04665629860031104
1 0.7522281639928698 0.2558320373250389 0.0213903743315508 0.04510108864696734
1 0.7762923351158645 0.25894245723172626 0.016042780748663103 0.03265940902021773
1 0.7834224598930482 0.2869362363919129 0.016042780748663103 0.04821150855365474
1 0.7299465240641712 0.4284603421461897 0.0285204991087344 0.06687402799377916
1 0.7896613190730838 0.45412130637636083 0.030303030303030304 0.06842923794712286
1 0.839126559714795 0.5326594090202177 0.036541889483065956 0.07931570762052877
1 0.8694295900178253 0.48289269051321926 0.03297682709447415 0.07309486780715396
1 0.9411764705882353 0.5077760497667185 0.035650623885918005 0.07931570762052877
1 0.8605169340463458 0.4082426127527216 0.031194295900178252 0.06376360808709176
1 0.8284313725490197 0.3724727838258165 0.025846702317290554 0.05132192846034215
1 0.8422459893048129 0.35303265940902023 0.023172905525846704 0.049766718506998445
1 0.820855614973262 0.2954898911353033 0.023172905525846704 0.04043545878693624
1 0.7936720142602496 0.27060653188180406 0.015151515151515152 0.03110419906687403
1 0.7967914438502673 0.23405909797822705 0.016042780748663103 0.03576982892690513
1 0.8270944741532977 0.24416796267496113 0.017825311942959002 0.03732503888024884
1 0.8382352941176471 0.27216174183514774 0.01871657754010695 0.04354587869362364
1 0.8609625668449198 0.25660964230171074 0.016042780748663103 0.03421461897356143
1 0.8685383244206774 0.2838258164852255 0.01693404634581105 0.03576982892690513
1 0.8801247771836007 0.2690513219284603 0.01693404634581105 0.03421461897356143
1 0.9028520499108734 0.2620528771384137 0.0142602495543672 0.038880248833592534
1 0.8738859180035651 0.33670295489891133 0.022281639928698752 0.04510108864696734
1 0.89349376114082 0.34603421461897355 0.01871657754010695 0.04821150855365474
1 0.9122103386809269 0.3468118195956454 0.01871657754010695 0.049766718506998445
1 0.9206773618538324 0.28149300155520995 0.016042780748663103 0.049766718506998445
1 0.9625668449197861 0.36158631415241055 0.0213903743315508 0.05132192846034215
1 0.964795008912656 0.31493001555209954 0.01693404634581105 0.03576982892690513
1 0.966131907308378 0.2892690513219285 0.016042780748663103 0.03421461897356143