1 0.18875 0.54625 0.12416666666666666 0.225
1 0.09291666666666666 0.416875 0.08083333333333333 0.14375
1 0.07541666666666667 0.324375 0.07083333333333333 0.09375
1 0.20125 0.35 0.0575 0.085
1 0.2325 0.299375 0.041666666666666664 0.05875
1 0.30625 0.32375 0.050833333333333335 0.075
1 0.30291666666666667 0.405 0.06916666666666667 0.125
1 0.41875 0.381875 0.05416666666666667 0.10375
1 0.4775 0.456875 0.095 0.17875
1 0.4125 0.273125 0.03166666666666667 0.07125
1 0.44666666666666666 0.285 0.03166666666666667 0.0575
1 0.48791666666666667 0.325625 0.0375 0.06375
1 0.5175 0.2875 0.03166666666666667 0.055
1 0.5554166666666667 0.314375 0.034166666666666665 0.06875
1 0.6375 0.42625 0.08166666666666667 0.1375
1 0.6216666666666667 0.336875 0.04 0.07125
1 0.63 0.2975 0.03166666666666667 0.05
1 0.6875 0.335 0.04 0.07
1 0.7554166666666666 0.320625 0.030833333333333334 0.06625
1 0.79875 0.328125 0.0375 0.06375
1 0.83875 0.3875 0.0575 0.095
1 0.9008333333333334 0.385 0.058333333333333334 0.1075