1 0.7416666666666667 0.31875 0.06333333333333334 0.1175
1 0.17 0.71 0.07666666666666666 0.12
1 0.3975 0.74875 0.105 0.1475
1 0.4175 0.6675 0.09166666666666666 0.125
1 0.5133333333333333 0.745 0.08333333333333333 0.16
1 0.595 0.76875 0.09333333333333334 0.1525
1 0.6041666666666666 0.68625 0.08833333333333333 0.1125
1 0.6758333333333333 0.7925 0.13166666666666665 0.16
1 0.6608333333333334 0.8925 0.13166666666666665 0.185
1 0.8066666666666666 0.7325 0.09666666666666666 0.13
1 0.8441666666666666 0.68875 0.06833333333333333 0.1175