1 0.13674321503131523 0.4934579439252336 0.05010438413361169 0.09345794392523364
1 0.7072025052192067 0.3233644859813084 0.04697286012526096 0.09719626168224299
1 0.6252609603340292 0.25327102803738316 0.022964509394572025 0.04672897196261682
1 0.5975991649269311 0.22710280373831776 0.021920668058455117 0.05046728971962617
1 0.8037578288100209 0.21214953271028036 0.020876826722338204 0.03925233644859813
1 0.843945720250522 0.2523364485981308 0.024008350730688934 0.041121495327102804
1 0.8877870563674322 0.1766355140186916 0.015657620041753653 0.04299065420560748
1 0.925365344467641 0.24018691588785046 0.019832985386221295 0.03925233644859813
1 0.4081419624217119 0.1560747663551402 0.014613778705636743 0.028037383177570093
1 0.3804801670146138 0.18691588785046728 0.015657620041753653 0.03364485981308411
1 0.4196242171189979 0.21214953271028036 0.018789144050104383 0.03177570093457944
1 0.44937369519832987 0.2308411214953271 0.019832985386221295 0.03177570093457944
1 0.46868475991649267 0.14953271028037382 0.012526096033402923 0.03364485981308411
1 0.5135699373695198 0.197196261682243 0.022964509394572025 0.03177570093457944
1 0.5506263048016702 0.18411214953271027 0.017745302713987474 0.03925233644859813
1 0.5772442588726514 0.12242990654205607 0.014613778705636743 0.028037383177570093
1 0.3930062630480167 0.2102803738317757 0.019832985386221295 0.03925233644859813