1 0.11433305716652858 0.5110650069156293 0.041425020712510356 0.0677731673582296
1 0.20629660314830156 0.33402489626556015 0.01988400994200497 0.03734439834024896
1 0.24109362054681027 0.34923928077455046 0.018227009113504555 0.042876901798063624
1 0.26843413421706713 0.30013831258644535 0.014913007456503728 0.03319502074688797
1 0.2787903893951947 0.3478561549100968 0.019055509527754765 0.040110650069156296
1 0.30737365368682684 0.36099585062240663 0.01988400994200497 0.04426002766251729
1 0.33098591549295775 0.32918395573997233 0.020712510356255178 0.03319502074688797
1 0.335956917978459 0.28769017980636236 0.014084507042253521 0.022130013831258646
1 0.36702568351284176 0.3278008298755187 0.016570008285004142 0.03319502074688797
1 0.39229494614747307 0.3326417704011065 0.02236951118475559 0.029045643153526972
1 0.3715824357912179 0.2676348547717842 0.014084507042253521 0.029045643153526972
1 0.4146644573322287 0.23789764868603042 0.012427506213753107 0.022130013831258646
1 0.4270919635459818 0.2524204702627939 0.014084507042253521 0.0318118948824343
1 0.43620546810273403 0.326417704011065 0.020712510356255178 0.03872752420470263
1 0.44821872410936203 0.3070539419087137 0.016570008285004142 0.03319502074688797
1 0.44614747307373653 0.23789764868603042 0.014084507042253521 0.022130013831258646
1 0.49254349627174815 0.3070539419087137 0.015741507870753936 0.04149377593360996
1 0.4531897265948633 0.4045643153526971 0.026512013256006627 0.05394190871369295
1 0.49337199668599835 0.2551867219917012 0.014084507042253521 0.0318118948824343
1 0.5024855012427506 0.2710926694329184 0.014084507042253521 0.03319502074688797
1 0.5132560066280033 0.24412171507607192 0.014084507042253521 0.029045643153526972
1 0.5331400165700083 0.23443983402489627 0.012427506213753107 0.029045643153526972
1 0.5459817729908865 0.21507607192254496 0.014913007456503728 0.02351313969571231
1 0.5608947804473903 0.20608575380359612 0.016570008285004142 0.022130013831258646
1 0.5965202982601492 0.1970954356846473 0.0115990057995029 0.02351313969571231
1 0.56006628003314 0.2697095435684647 0.014913007456503728 0.035961272475795295
1 0.5890637945318973 0.24343015214384509 0.0115990057995029 0.03319502074688797
1 0.6251035625517812 0.2143845089903181 0.014084507042253521 0.024896265560165973
1 0.6271748135874068 0.2413554633471646 0.014913007456503728 0.0318118948824343
1 0.648301574150787 0.21023513139695713 0.014084507042253521 0.024896265560165973
1 0.664043082021541 0.21991701244813278 0.014084507042253521 0.027662517289073305
1 0.6843413421706711 0.21230982019363762 0.013256006628003313 0.02627939142461964
1 0.5091135045567523 0.42254495159059474 0.027340513670256836 0.059474412171507604
1 0.5265120132560066 0.34439834024896265 0.024026512013256007 0.04702627939142462
1 0.572079536039768 0.4412171507607192 0.03231151615575808 0.06085753803596127
1 0.5724937862468932 0.38105117565698476 0.0231980115990058 0.048409405255878286
1 0.5849212924606463 0.32226832641770403 0.021541010770505385 0.04149377593360996
1 0.6222038111019056 0.2994467496542185 0.016570008285004142 0.03734439834024896
1 0.6541010770505385 0.27247579529737204 0.014084507042253521 0.030428769017980636
1 0.6901408450704225 0.2475795297372061 0.013256006628003313 0.03319502074688797
1 0.671913835956918 0.30774550484094054 0.0231980115990058 0.034578146611341634
1 0.6992543496271748 0.2869986168741355 0.018227009113504555 0.03734439834024896
1 0.6454018227009114 0.3582295988934993 0.01988400994200497 0.04979253112033195
1 0.6731565865782932 0.3533886583679115 0.019055509527754765 0.042876901798063624
1 0.6263463131731566 0.4605809128630705 0.03148301574150787 0.0636237897648686
1 0.7029826014913008 0.39557399723374825 0.02568351284175642 0.058091286307053944
1 0.6864125932062966 0.5325034578146611 0.035625517812758904 0.06915629322268327
1 0.7630488815244407 0.42461964038727523 0.028169014084507043 0.05532503457814661
1 0.7220381110190555 0.23997233748271093 0.014084507042253521 0.02627939142461964
1 0.7489643744821872 0.21784232365145229 0.014913007456503728 0.029045643153526972
1 0.751864125932063 0.25103734439834025 0.015741507870753936 0.034578146611341634
1 0.7676056338028169 0.27040110650069155 0.01739850869925435 0.03734439834024896
1 0.7713338856669428 0.2351313969571231 0.0115990057995029 0.03319502074688797
1 0.7879038939519469 0.23582295988934993 0.013256006628003313 0.0318118948824343
1 0.8115161557580779 0.2641770401106501 0.014084507042253521 0.030428769017980636
1 0.831814415907208 0.24481327800829875 0.0115990057995029 0.035961272475795295
1 0.8036454018227009 0.28769017980636236 0.014913007456503728 0.03319502074688797
1 0.8260149130074566 0.2987551867219917 0.016570008285004142 0.03319502074688797
1 0.8169014084507042 0.3257261410788382 0.018227009113504555 0.040110650069156296
1 0.8007456503728252 0.3478561549100968 0.020712510356255178 0.048409405255878286
1 0.848384424192212 0.35892116182572614 0.018227009113504555 0.04564315352697095
1 0.8392709196354599 0.4384508990318119 0.024855012427506214 0.058091286307053944
1 0.8094449047224523 0.47925311203319504 0.026512013256006627 0.056708160442600276
1 0.9022369511184756 0.45435684647302904 0.026512013256006627 0.059474412171507604
1 0.8670256835128417 0.34163208852005533 0.019055509527754765 0.04426002766251729
1 0.8429991714995857 0.26625172890733056 0.014084507042253521 0.03734439834024896
1 0.8657829328914665 0.2503457814661134 0.0115990057995029 0.035961272475795295
1 0.884009942004971 0.27040110650069155 0.016570008285004142 0.040110650069156296
1 0.8985086992543496 0.31258644536652835 0.01739850869925435 0.035961272475795295
1 0.9262634631317316 0.35408022130013833 0.018227009113504555 0.04979253112033195
1 0.9229494614747308 0.2959889349930844 0.014913007456503728 0.035961272475795295
1 0.9275062137531068 0.27040110650069155 0.012427506213753107 0.02351313969571231
1 0.9014084507042254 0.42738589211618255 0.026512013256006627 0.035961272475795295
1 0.5683512841756421 0.25103734439834025 0.013256006628003313 0.034578146611341634
1 0.39022369511184757 0.2939142461964039 0.013256006628003313 0.029045643153526972
1 0.41963545981772993 0.2987551867219917 0.015741507870753936 0.030428769017980636
1 0.38939519469759737 0.27247579529737204 0.013256006628003313 0.024896265560165973
1 0.8748964374482188 0.3029045643153527 0.014913007456503728 0.04149377593360996