1 0.07790368271954674 0.45754119138149557 0.05760151085930123 0.08111533586818757
1 0.1562795089707271 0.43599493029150826 0.05004721435316336 0.06590621039290241
1 0.1964117091595845 0.5190114068441065 0.08687440982058546 0.10012674271229405
1 0.2271010387157696 0.4157160963244613 0.044381491973559964 0.060836501901140684
1 0.28234183191690276 0.40874524714828897 0.04154863078375826 0.062103929024081114
1 0.301699716713881 0.517743979721166 0.0764872521246459 0.10773130544993663
1 0.37063267233238906 0.426489226869455 0.053824362606232294 0.07477820025348543
1 0.3937677053824363 0.41508238276299114 0.0453257790368272 0.062103929024081114
1 0.45514636449480644 0.4036755386565273 0.03588290840415486 0.046894803548795945
1 0.4636449480642115 0.30798479087452474 0.024551463644948063 0.032953105196451206
1 0.5033050047214354 0.4220532319391635 0.0453257790368272 0.05576679340937896
1 0.4943342776203966 0.4619771863117871 0.05760151085930123 0.07731305449936629
1 0.5174693106704438 0.38593155893536124 0.030217186024551465 0.044359949302915085
1 0.5377714825306893 0.376425855513308 0.02927289896128423 0.043092522179974654
1 0.43342776203966005 0.6730038022813688 0.14542020774315392 0.24081115335868186
1 0.5868744098205855 0.5519645120405576 0.08781869688385269 0.13054499366286437
1 0.591123701605288 0.45754119138149557 0.05288007554296506 0.06590621039290241
1 0.6100094428706326 0.38022813688212925 0.03777148253068933 0.043092522179974654
1 0.6935788479697829 0.38910012674271227 0.03871576959395656 0.06590621039290241
1 0.6964117091595845 0.44550063371356147 0.053824362606232294 0.07477820025348543
1 0.7559017941454202 0.47655259822560203 0.06326723323890462 0.08871989860583017
1 0.9098205854579793 0.7908745247148289 0.1652502360717658 0.2585551330798479
1 0.8739376770538244 0.39923954372623577 0.036827195467422094 0.050697084917617236
1 0.8932955618508026 0.3726235741444867 0.03777148253068933 0.043092522179974654
1 0.9154863078375827 0.41191381495564006 0.044381491973559964 0.053231939163498096
1 0.947119924457035 0.3935361216730038 0.03588290840415486 0.051964512040557666
1 0.9787535410764873 0.41191381495564006 0.042492917847025496 0.06590621039290241