1 0.049873737373737376 0.32512626262626265 0.03156565656565657 0.056818181818181816
1 0.07344276094276095 0.32417929292929293 0.03367003367003367 0.050505050505050504
1 0.1550925925925926 0.3314393939393939 0.027356902356902357 0.04861111111111111
1 0.2119107744107744 0.3366477272727273 0.02441077441077441 0.04198232323232323
1 0.21054292929292928 0.3115530303030303 0.017466329966329967 0.03156565656565657
1 0.2361111111111111 0.3115530303030303 0.01978114478114478 0.03787878787878788
1 0.26167929292929293 0.323074494949495 0.02462121212121212 0.04640151515151515
1 0.29955808080808083 0.36726641414141414 0.041456228956228955 0.07796717171717171
1 0.3041877104377104 0.31029040404040403 0.02798821548821549 0.04419191919191919
1 0.28377525252525254 0.3088699494949495 0.018308080808080808 0.036931818181818184
1 0.3168139730639731 0.3035037878787879 0.018308080808080808 0.036931818181818184
1 0.3479587542087542 0.29829545454545453 0.021675084175084174 0.039141414141414144
1 0.36900252525252525 0.3851010101010101 0.045664983164983165 0.08396464646464646
1 0.383733164983165 0.3125 0.02462121212121212 0.03787878787878788
1 0.41109006734006737 0.31202651515151514 0.020412457912457913 0.043244949494949496
1 0.4276094276094276 0.32196969696969696 0.029461279461279462 0.056818181818181816
1 0.45391414141414144 0.31360479797979796 0.027356902356902357 0.054608585858585856
1 0.4654882154882155 0.3319128787878788 0.026515151515151516 0.05587121212121212
1 0.4973695286195286 0.3524305555555556 0.05829124579124579 0.09059343434343434
1 0.5562920875420876 0.3456439393939394 0.03851010101010101 0.08333333333333333
1 0.4952651515151515 0.29624368686868685 0.016203703703703703 0.026199494949494948
1 0.507260101010101 0.3014520202020202 0.016203703703703703 0.036616161616161616
1 0.5615530303030303 0.257260101010101 0.02251683501683502 0.04924242424242424
1 0.5875420875420876 0.23469065656565657 0.026515151515151516 0.054608585858585856
1 0.6219486531986532 0.3260732323232323 0.02798821548821549 0.061237373737373736
1 0.63878367003367 0.30303030303030304 0.018308080808080808 0.0422979797979798
1 0.6667718855218855 0.3050820707070707 0.015361952861952861 0.03377525252525253
1 0.6601430976430976 0.2987689393939394 0.015993265993265993 0.027462121212121212
1 0.6871843434343434 0.3188131313131313 0.02251683501683502 0.04861111111111111
1 0.6906565656565656 0.2878787878787879 0.00968013468013468 0.015782828282828284
1 0.7040193602693603 0.29419191919191917 0.018308080808080808 0.034722222222222224
1 0.7155934343434344 0.34138257575757575 0.025883838383838384 0.06218434343434343
1 0.7512626262626263 0.34138257575757575 0.03998316498316498 0.08933080808080808
1 0.7765151515151515 0.33885732323232326 0.03156565656565657 0.059027777777777776
1 0.7966119528619529 0.320864898989899 0.026725589225589225 0.054608585858585856
1 0.7835648148148148 0.2588383838383838 0.020412457912457913 0.027146464646464648
1 0.8032407407407407 0.2741477272727273 0.015993265993265993 0.032512626262626264
1 0.8155513468013468 0.3192866161616162 0.018308080808080808 0.036931818181818184
1 0.8193392255892256 0.29466540404040403 0.013257575757575758 0.03377525252525253
1 0.9007786195286195 0.366635101010101 0.05408249158249158 0.09375
1 0.8800505050505051 0.32875631313131315 0.03787878787878788 0.06407828282828283
1 0.8593223905723906 0.31186868686868685 0.021675084175084174 0.041035353535353536
1 0.8645833333333334 0.26625631313131315 0.018308080808080808 0.029356060606060608
1 0.9053030303030303 0.26878156565656564 0.0180976430976431 0.036931818181818184
1 0.9189814814814815 0.31202651515151514 0.023148148148148147 0.043244949494949496
1 0.9335016835016835 0.2673611111111111 0.016835016835016835 0.029671717171717172
1 0.9509680134680135 0.31676136363636365 0.021043771043771045 0.04008838383838384
1 0.9754840067340067 0.35132575757575757 0.03935185185185185 0.07575757575757576