1 0.07545271629778671 0.2265625 0.08651911468812877 0.134375
1 0.1659959758551308 0.4296875 0.09054325955734406 0.146875
1 0.26156941649899396 0.290625 0.06438631790744467 0.10625
1 0.24748490945674045 0.4296875 0.08048289738430583 0.146875
1 0.3722334004024145 0.4046875 0.06841046277665996 0.109375
1 0.39235412474849096 0.340625 0.060362173038229376 0.125
1 0.45271629778672035 0.43125 0.052313883299798795 0.1125
1 0.5362173038229376 0.3234375 0.05835010060362173 0.109375
1 0.5533199195171026 0.4453125 0.07243460764587525 0.128125
1 0.6156941649899397 0.4296875 0.0482897384305835 0.103125
1 0.6156941649899397 0.3046875 0.07243460764587525 0.115625
1 0.6991951710261569 0.2984375 0.05835010060362173 0.115625
1 0.7857142857142857 0.2515625 0.08651911468812877 0.140625
1 0.8792756539235412 0.359375 0.06841046277665996 0.11875
1 0.08048289738430583 0.365625 0.06438631790744467 0.1125
1 0.14386317907444668 0.3421875 0.07042253521126761 0.109375