1 0.02734375 0.2358490566037736 0.0484375 0.08962264150943396
1 0.09453125 0.2535377358490566 0.0640625 0.10141509433962265
1 0.23203125 0.4186320754716981 0.0453125 0.06839622641509434
1 0.28046875 0.4268867924528302 0.0515625 0.07547169811320754
1 0.23984375 0.37735849056603776 0.0296875 0.04245283018867924
1 0.21640625 0.3714622641509434 0.0234375 0.04481132075471698
1 0.325 0.35141509433962265 0.03125 0.05188679245283019
1 0.38203125 0.3466981132075472 0.0359375 0.0660377358490566
1 0.36015625 0.45872641509433965 0.0578125 0.09198113207547169
1 0.41015625 0.5212264150943396 0.0703125 0.09905660377358491
1 0.43515625 0.39976415094339623 0.0484375 0.08254716981132075
1 0.44140625 0.3419811320754717 0.0265625 0.04716981132075472
1 0.4265625 0.3313679245283019 0.021875 0.04481132075471698
1 0.47890625 0.3785377358490566 0.0328125 0.054245283018867926
1 0.48671875 0.3231132075471698 0.0234375 0.04716981132075472
1 0.53515625 0.33254716981132076 0.0234375 0.04245283018867924
1 0.53125 0.3903301886792453 0.034375 0.06839622641509434
1 0.5109375 0.43514150943396224 0.046875 0.08726415094339622
1 0.56796875 0.45754716981132076 0.0609375 0.09905660377358491
1 0.6234375 0.37971698113207547 0.040625 0.07547169811320754
1 0.56171875 0.35495283018867924 0.0265625 0.054245283018867926
1 0.61015625 0.3113207547169811 0.0234375 0.04716981132075472
1 0.64765625 0.3266509433962264 0.0265625 0.049528301886792456
1 0.709375 0.36674528301886794 0.028125 0.054245283018867926
1 0.74140625 0.39622641509433965 0.0421875 0.07547169811320754
1 0.7171875 0.3443396226415094 0.025 0.04245283018867924
1 0.7109375 0.3136792452830189 0.025 0.03773584905660377
1 0.7734375 0.32193396226415094 0.025 0.054245283018867926
1 0.7859375 0.3419811320754717 0.028125 0.04716981132075472
1 0.78515625 0.4009433962264151 0.0546875 0.07547169811320754
1 0.7625 0.6073113207547169 0.10625 0.1721698113207547
1 0.86796875 0.5778301886792453 0.0796875 0.10849056603773585
1 0.9328125 0.7452830188679245 0.10625 0.22641509433962265
1 0.96875 0.47759433962264153 0.053125 0.11556603773584906
1 0.965625 0.330188679245283 0.03125 0.05660377358490566
1 0.90625 0.33372641509433965 0.034375 0.054245283018867926
1 0.884375 0.3266509433962264 0.025 0.04481132075471698
1 0.84140625 0.3242924528301887 0.0265625 0.049528301886792456