1 0.1419753086419753 0.26648841354723707 0.018518518518518517 0.0374331550802139
1 0.14300411522633744 0.40998217468805703 0.05555555555555555 0.09269162210338681
1 0.3230452674897119 0.23351158645276293 0.018518518518518517 0.03208556149732621
1 0.37911522633744854 0.2014260249554367 0.021604938271604937 0.035650623885918005
1 0.3924897119341564 0.24777183600713013 0.01954732510288066 0.035650623885918005
1 0.41975308641975306 0.24866310160427807 0.018518518518518517 0.040998217468805706
1 0.44753086419753085 0.2700534759358289 0.018518518518518517 0.0374331550802139
1 0.47170781893004116 0.20231729055258468 0.015432098765432098 0.030303030303030304
1 0.4670781893004115 0.18983957219251338 0.01440329218106996 0.023172905525846704
1 0.5185185185185185 0.22549019607843138 0.0205761316872428 0.040998217468805706
1 0.5524691358024691 0.22994652406417113 0.0205761316872428 0.0392156862745098
1 0.5740740740740741 0.16310160427807488 0.01646090534979424 0.030303030303030304
1 0.602366255144033 0.2709447415329768 0.021604938271604937 0.0427807486631016
1 0.6316872427983539 0.28609625668449196 0.024691358024691357 0.05525846702317291
1 0.7011316872427984 0.19696969696969696 0.015432098765432098 0.030303030303030304
1 0.7098765432098766 0.22281639928698752 0.018518518518518517 0.035650623885918005
1 0.7340534979423868 0.20855614973262032 0.01954732510288066 0.035650623885918005
1 0.7505144032921811 0.2415329768270945 0.01954732510288066 0.0374331550802139
1 0.7777777777777778 0.21568627450980393 0.018518518518518517 0.035650623885918005
1 0.7890946502057613 0.25044563279857396 0.018518518518518517 0.040998217468805706
1 0.8276748971193416 0.2976827094474153 0.021604938271604937 0.049910873440285206
1 0.8631687242798354 0.31105169340463457 0.024691358024691357 0.058823529411764705
1 0.9212962962962963 0.30303030303030304 0.01954732510288066 0.0427807486631016
1 0.9439300411522634 0.23529411764705882 0.015432098765432098 0.04634581105169341