1 0.0705078125 0.6864583333333333 0.126171875 0.225
1 0.0380859375 0.4786458333333333 0.066796875 0.15416666666666667
1 0.15703125 0.37083333333333335 0.0390625 0.07083333333333333
1 0.2287109375 0.39895833333333336 0.050390625 0.07083333333333333
1 0.283984375 0.41458333333333336 0.046875 0.078125
1 0.2673828125 0.38125 0.031640625 0.052083333333333336
1 0.330859375 0.40651041666666665 0.03828125 0.07239583333333334
1 0.3455078125 0.3841145833333333 0.031640625 0.0609375
1 0.390234375 0.4700520833333333 0.0546875 0.09322916666666667
1 0.422265625 0.44609375 0.0375 0.07135416666666666
1 0.428515625 0.4005208333333333 0.04453125 0.0625
1 0.508984375 0.44140625 0.0546875 0.0859375
1 0.567578125 0.5408854166666667 0.07734375 0.14010416666666667
1 0.507421875 0.40338541666666666 0.04453125 0.06822916666666666
1 0.569140625 0.39401041666666664 0.03515625 0.04739583333333333
1 0.6486328125 0.4395833333333333 0.047265625 0.08020833333333334
1 0.61875 0.40963541666666664 0.03828125 0.06197916666666667
1 0.648828125 0.39609375 0.03828125 0.058854166666666666
1 0.71484375 0.38619791666666664 0.03671875 0.06510416666666667
1 0.69453125 0.3731770833333333 0.025 0.0390625
1 0.7560546875 0.42526041666666664 0.055078125 0.09114583333333333
1 0.733203125 0.5192708333333333 0.0765625 0.11145833333333334
1 0.8533203125 0.62890625 0.103515625 0.19010416666666666
1 0.855078125 0.49921875 0.07890625 0.09322916666666667
1 0.80078125 0.3924479166666667 0.03125 0.0578125
1 0.8712890625 0.42604166666666665 0.044921875 0.06354166666666666
1 0.9310546875 0.40182291666666664 0.045703125 0.0609375
1 0.9626953125 0.4934895833333333 0.074609375 0.1484375