1 0.19990224828934505 0.36994727592267135 0.047898338220918865 0.09314586994727592
1 0.2873900293255132 0.22319859402460457 0.013685239491691105 0.0351493848857645
1 0.32111436950146627 0.24165202108963094 0.016617790811339198 0.040421792618629174
1 0.3304007820136852 0.18101933216168717 0.013685239491691105 0.03163444639718805
1 0.32991202346041054 0.22319859402460457 0.01466275659824047 0.028119507908611598
1 0.3514173998044966 0.18892794376098418 0.016617790811339198 0.033391915641476276
1 0.3709677419354839 0.19947275922671354 0.016617790811339198 0.040421792618629174
1 0.38465298142717497 0.2478031634446397 0.01857282502443793 0.03866432337434095
1 0.375366568914956 0.23637961335676624 0.015640273704789834 0.029876977152899824
1 0.4022482893450635 0.19420035149384884 0.01857282502443793 0.040421792618629174
1 0.42473118279569894 0.22759226713532513 0.01857282502443793 0.04745166959578207
1 0.4452590420332356 0.2179261862917399 0.01857282502443793 0.03866432337434095
1 0.44574780058651026 0.19244288224956063 0.015640273704789834 0.029876977152899824
1 0.4398826979472141 0.1678383128295255 0.015640273704789834 0.029876977152899824
1 0.4173998044965787 0.1704745166959578 0.015640273704789834 0.03163444639718805
1 0.42424242424242425 0.14411247803163443 0.011730205278592375 0.03163444639718805
1 0.45943304007820135 0.14499121265377857 0.013685239491691105 0.033391915641476276
1 0.47165200391006845 0.14235500878734622 0.01270772238514174 0.028119507908611598
1 0.47702834799608995 0.18101933216168717 0.019550342130987292 0.03866432337434095
1 0.5053763440860215 0.21528998242530756 0.019550342130987292 0.040421792618629174
1 0.4995112414467253 0.19068541300527242 0.013685239491691105 0.026362038664323375
1 0.4970674486803519 0.15992970123022848 0.01466275659824047 0.03163444639718805
1 0.48826979472140764 0.14235500878734622 0.01270772238514174 0.02460456942003515
1 0.5029325513196481 0.12038664323374342 0.01270772238514174 0.029876977152899824
1 0.5205278592375366 0.13532513181019332 0.01466275659824047 0.03163444639718805
1 0.5366568914956011 0.16608084358523725 0.013685239491691105 0.033391915641476276
1 0.5547409579667644 0.18717047451669597 0.016617790811339198 0.040421792618629174
1 0.5562072336265884 0.15729349736379614 0.015640273704789834 0.029876977152899824
1 0.5478983382209188 0.14235500878734622 0.010752688172043012 0.0210896309314587
1 0.543010752688172 0.12126537785588752 0.01466275659824047 0.028119507908611598
1 0.5718475073313783 0.12126537785588752 0.013685239491691105 0.028119507908611598
1 0.5860215053763441 0.17486818980667837 0.01857282502443793 0.03690685413005272
1 0.5801564027370479 0.11511423550087874 0.010752688172043012 0.022847100175746926
1 0.5987292277614858 0.13005272407732865 0.01466275659824047 0.03163444639718805
1 0.6109481915933529 0.11159929701230228 0.011730205278592375 0.026362038664323375
1 0.6221896383186706 0.15992970123022848 0.016617790811339198 0.03163444639718805
1 0.6329423264907136 0.1274165202108963 0.01466275659824047 0.033391915641476276
1 0.658357771260997 0.1344463971880492 0.020527859237536656 0.03690685413005272
1 0.6603128054740958 0.10281195079086115 0.01466275659824047 0.026362038664323375
1 0.6935483870967742 0.12038664323374342 0.01270772238514174 0.026362038664323375
1 0.6920821114369502 0.10017574692442882 0.011730205278592375 0.0210896309314587
1 0.7126099706744868 0.10808435852372583 0.013685239491691105 0.029876977152899824
1 0.5679374389051809 0.24253075571177504 0.02541544477028348 0.056239015817223195
1 0.5381231671554252 0.2961335676625659 0.028347996089931573 0.054481546572934976
1 0.49364613880742914 0.28471001757469244 0.02932551319648094 0.0492091388400703
1 0.6055718475073314 0.3163444639718805 0.030303030303030304 0.0632688927943761
1 0.615347018572825 0.2548330404217926 0.022482893450635387 0.05272407732864675
1 0.6300097751710655 0.22671353251318102 0.022482893450635387 0.0492091388400703
1 0.6710654936461388 0.18804920913884007 0.020527859237536656 0.04569420035149385
1 0.6749755620723362 0.2521968365553603 0.026392961876832845 0.05799648506151142
1 0.6999022482893451 0.3145869947275923 0.02737047898338221 0.05272407732864675
1 0.727761485826002 0.3093145869947276 0.022482893450635387 0.056239015817223195
1 0.7214076246334311 0.218804920913884 0.019550342130987292 0.043936731107205626
1 0.7130987292277615 0.18101933216168717 0.01857282502443793 0.0351493848857645
1 0.6994134897360704 0.1616871704745167 0.01270772238514174 0.03163444639718805
1 0.7209188660801564 0.15026362038664323 0.016617790811339198 0.03690685413005272
1 0.7463343108504399 0.13971880492091387 0.01466275659824047 0.033391915641476276
1 0.7414467253176931 0.1634446397188049 0.01466275659824047 0.0351493848857645
1 0.7438905180840665 0.19420035149384884 0.017595307917888565 0.043936731107205626
1 0.761485826001955 0.1616871704745167 0.013685239491691105 0.0351493848857645
1 0.7776148582600195 0.13268892794376097 0.01466275659824047 0.03690685413005272
1 0.7917888563049853 0.1616871704745167 0.017595307917888565 0.0351493848857645
1 0.7893450635386119 0.22583479789103691 0.020527859237536656 0.043936731107205626
1 0.7678396871945259 0.24077328646748683 0.022482893450635387 0.05272407732864675
1 0.7893450635386119 0.28295254833040423 0.026392961876832845 0.056239015817223195
1 0.7487781036168133 0.38137082601054484 0.033235581622678395 0.08084358523725835
1 0.8196480938416423 0.38927943760984185 0.03421309872922776 0.07908611599297012
1 0.8343108504398827 0.3145869947275923 0.028347996089931573 0.070298769771529
1 0.8167155425219942 0.2539543057996485 0.022482893450635387 0.054481546572934976
1 0.8724340175953079 0.2592267135325132 0.022482893450635387 0.050966608084358524
1 0.8973607038123167 0.4305799648506151 0.033235581622678395 0.08787346221441125
1 0.918377321603128 0.3365553602811951 0.03225806451612903 0.06854130052724078
1 0.9213098729227761 0.28031634446397186 0.026392961876832845 0.061511423550087874
1 0.8870967741935484 0.22847100175746923 0.020527859237536656 0.05272407732864675
1 0.9320625610948191 0.21441124780316345 0.020527859237536656 0.03866432337434095