1 0.17578125 0.5395833333333333 0.0984375 0.15833333333333333
1 0.11875 0.43333333333333335 0.046875 0.0625
1 0.16640625 0.43125 0.0453125 0.06666666666666667
1 0.19453125 0.42291666666666666 0.0390625 0.06666666666666667
1 0.39609375 0.4166666666666667 0.0421875 0.0625
1 0.5375 0.434375 0.03125 0.05625
1 0.60078125 0.5041666666666667 0.0828125 0.12916666666666668
1 0.6578125 0.428125 0.05 0.07708333333333334
1 0.5671875 0.321875 0.03125 0.04375
1 0.7390625 0.40625 0.040625 0.058333333333333334
1 0.8 0.4479166666666667 0.053125 0.075
1 0.85625 0.39791666666666664 0.034375 0.04583333333333333
1 0.9109375 0.44895833333333335 0.05 0.07708333333333334
1 0.9171875 0.4083333333333333 0.028125 0.041666666666666664
1 0.98515625 0.41875 0.0296875 0.041666666666666664
1 0.96953125 0.41458333333333336 0.0234375 0.04583333333333333
1 0.7390625 0.5322916666666667 0.103125 0.14791666666666667
1 0.65703125 0.8583333333333333 0.1828125 0.275