1 0.017666666666666667 0.5281407035175879 0.03133333333333333 0.053266331658291456
1 0.06333333333333334 0.6417085427135678 0.050666666666666665 0.07135678391959799
1 0.045 0.6246231155778894 0.03266666666666666 0.061306532663316586
1 0.22366666666666668 0.5201005025125628 0.024666666666666667 0.04321608040201005
1 0.25733333333333336 0.5105527638190954 0.02666666666666667 0.04623115577889447
1 0.32366666666666666 0.6663316582914572 0.062 0.10452261306532663
1 0.395 0.7125628140703517 0.078 0.11658291457286432
1 0.4246666666666667 0.6597989949748744 0.03866666666666667 0.07135678391959799
1 0.4703333333333333 0.6723618090452261 0.051333333333333335 0.09447236180904522
1 0.4603333333333333 0.5045226130653266 0.022 0.03819095477386935
1 0.5296666666666666 0.6658291457286433 0.04066666666666666 0.07336683417085427
1 0.5446666666666666 0.7412060301507538 0.07733333333333334 0.11155778894472362
1 0.5693333333333334 0.8396984924623115 0.13333333333333333 0.1899497487437186
1 0.5713333333333334 0.678391959798995 0.048 0.08040201005025126
1 0.7186666666666667 0.6638190954773869 0.050666666666666665 0.0914572864321608
1 0.754 0.7391959798994975 0.076 0.10552763819095477
1 0.7726666666666666 0.8120603015075377 0.11066666666666666 0.16884422110552763
1 0.8453333333333334 0.7412060301507538 0.06933333333333333 0.09346733668341708
1 0.8266666666666667 0.6974874371859296 0.06 0.0864321608040201
1 0.9 0.5487437185929648 0.032 0.06633165829145729
1 0.9686666666666667 0.6904522613065327 0.06266666666666666 0.10251256281407035