1 0.11904761904761904 0.5803981623277182 0.047619047619047616 0.08575803981623277
1 0.21208112874779542 0.35222052067381315 0.018518518518518517 0.039816232771822356
1 0.24074074074074073 0.38514548238897395 0.021164021164021163 0.05053598774885146
1 0.2698412698412698 0.3943338437978561 0.024691358024691357 0.04747320061255743
1 0.27469135802469136 0.32006125574272587 0.02204585537918871 0.039816232771822356
1 0.32451499118165783 0.3790199081163859 0.024691358024691357 0.05359877488514548
1 0.3505291005291005 0.33690658499234305 0.01675485008818342 0.039816232771822356
1 0.3447971781305115 0.30627871362940273 0.021164021164021163 0.033690658499234305
1 0.3800705467372134 0.34839203675344566 0.02292768959435626 0.04134762633996937
1 0.4052028218694885 0.3430321592649311 0.020282186948853614 0.04900459418070444
1 0.40343915343915343 0.3116385911179173 0.02204585537918871 0.03522205206738132
1 0.39991181657848324 0.28483920367534454 0.013227513227513227 0.021439509954058193
1 0.38668430335097004 0.27105666156202146 0.013227513227513227 0.030627871362940276
1 0.431657848324515 0.25344563552833077 0.013227513227513227 0.03522205206738132
1 0.44664902998236333 0.26416539050535986 0.013227513227513227 0.03522205206738132
1 0.46472663139329806 0.277947932618683 0.01763668430335097 0.03522205206738132
1 0.4678130511463845 0.2450229709035222 0.01146384479717813 0.02450229709035222
1 0.4739858906525573 0.2327718223583461 0.014991181657848324 0.027565084226646247
1 0.44664902998236333 0.35222052067381315 0.020282186948853614 0.045941807044410414
1 0.4334215167548501 0.31852986217457885 0.020282186948853614 0.045941807044410414
1 0.4673721340388007 0.32848392036753443 0.021164021164021163 0.04747320061255743
1 0.4982363315696649 0.33001531393568145 0.024691358024691357 0.04134762633996937
1 0.5074955908289241 0.27335375191424194 0.01675485008818342 0.03522205206738132
1 0.5233686067019401 0.28254211332312407 0.020282186948853614 0.04134762633996937
1 0.5229276895943563 0.2473200612557427 0.01763668430335097 0.03522205206738132
1 0.544973544973545 0.25880551301684535 0.019400352733686066 0.039816232771822356
1 0.5612874779541446 0.28483920367534454 0.02204585537918871 0.045941807044410414
1 0.5864197530864198 0.2611026033690659 0.019400352733686066 0.03828483920367534
1 0.572310405643739 0.21975497702909647 0.012345679012345678 0.026033690658499236
1 0.5850970017636684 0.20673813169984687 0.01675485008818342 0.030627871362940276
1 0.6155202821869489 0.2549770290964778 0.01763668430335097 0.03215926493108729
1 0.6225749559082893 0.2082695252679939 0.01763668430335097 0.030627871362940276
1 0.6428571428571429 0.2082695252679939 0.015873015873015872 0.033690658499234305
1 0.6538800705467372 0.22588055130168452 0.014991181657848324 0.02909647779479326
1 0.6507936507936508 0.2572741194486983 0.019400352733686066 0.036753445635528334
1 0.6812169312169312 0.2105666156202144 0.01675485008818342 0.03522205206738132
1 0.6931216931216931 0.2343032159264931 0.015873015873015872 0.033690658499234305
1 0.6997354497354498 0.21975497702909647 0.01675485008818342 0.03828483920367534
1 0.6860670194003528 0.2833078101071976 0.021164021164021163 0.039816232771822356
1 0.7244268077601411 0.26416539050535986 0.020282186948853614 0.03828483920367534
1 0.7328042328042328 0.30857580398162326 0.019400352733686066 0.04134762633996937
1 0.6984126984126984 0.332312404287902 0.02292768959435626 0.042879019908116385
1 0.6481481481481481 0.3169984686064318 0.02292768959435626 0.039816232771822356
1 0.6111111111111112 0.33690658499234305 0.029982363315696647 0.045941807044410414
1 0.5418871252204586 0.37978560490045943 0.0291005291005291 0.055130168453292494
1 0.4739858906525573 0.4326186830015314 0.03791887125220458 0.05666156202143951
1 0.5326278659611993 0.44869831546707506 0.037037037037037035 0.07656967840735068
1 0.6005291005291006 0.4670750382848392 0.03527336860670194 0.07656967840735068
1 0.6459435626102292 0.4877488514548239 0.03439153439153439 0.07503828483920368
1 0.6732804232804233 0.3874425727411945 0.030864197530864196 0.06125574272588055
1 0.6622574955908289 0.35222052067381315 0.021164021164021163 0.039816232771822356
1 0.6261022927689595 0.39280245022970905 0.029982363315696647 0.05359877488514548
1 0.7231040564373897 0.5712098009188361 0.04056437389770723 0.07656967840735068
1 0.7103174603174603 0.38284839203675347 0.027336860670194002 0.055130168453292494
1 0.7411816578483245 0.42496171516079634 0.030864197530864196 0.06278713629402756
1 0.79673721340388 0.44180704441041346 0.03262786596119929 0.06278713629402756
1 0.8536155202821869 0.5428790199081164 0.04056437389770723 0.08422664624808576
1 0.8827160493827161 0.4900459418070444 0.03350970017636684 0.07656967840735068
1 0.9506172839506173 0.4908116385911179 0.03527336860670194 0.0781010719754977
1 0.8884479717813051 0.40658499234303214 0.027336860670194002 0.05972434915773354
1 0.83994708994709 0.37289433384379783 0.023809523809523808 0.05053598774885146
1 0.8536155202821869 0.35298621745788666 0.019400352733686066 0.03828483920367534
1 0.8293650793650794 0.31470137825421135 0.018518518518518517 0.03828483920367534
1 0.8020282186948854 0.28560490045941805 0.018518518518518517 0.03828483920367534
1 0.7883597883597884 0.27411944869831545 0.01763668430335097 0.039816232771822356
1 0.7698412698412699 0.27335375191424194 0.021164021164021163 0.0444104134762634
1 0.7588183421516755 0.2450229709035222 0.020282186948853614 0.033690658499234305
1 0.8077601410934744 0.2442572741194487 0.015873015873015872 0.04134762633996937
1 0.8381834215167548 0.24655436447166923 0.01675485008818342 0.027565084226646247
1 0.849647266313933 0.27105666156202146 0.01675485008818342 0.036753445635528334
1 0.8725749559082893 0.2611026033690659 0.01146384479717813 0.02909647779479326
1 0.8844797178130511 0.2787136294027565 0.015873015873015872 0.036753445635528334
1 0.9029982363315696 0.2649310872894334 0.015873015873015872 0.036753445635528334
1 0.8796296296296297 0.3346094946401225 0.020282186948853614 0.05053598774885146
1 0.9052028218694885 0.34839203675344566 0.02204585537918871 0.04747320061255743
1 0.9298941798941799 0.3315467075038285 0.02204585537918871 0.03828483920367534
1 0.931657848324515 0.2986217457886677 0.018518518518518517 0.039816232771822356
1 0.9497354497354498 0.3346094946401225 0.021164021164021163 0.05053598774885146
1 0.9563492063492064 0.3169984686064318 0.014991181657848324 0.033690658499234305
1 0.9748677248677249 0.29096477794793263 0.01146384479717813 0.02450229709035222
1 0.9788359788359788 0.31316998468606433 0.012345679012345678 0.03828483920367534
1 0.9770723104056437 0.37978560490045943 0.021164021164021163 0.045941807044410414