1 0.17833333333333334 0.21804511278195488 0.06666666666666667 0.10025062656641603
1 0.4708333333333333 0.38095238095238093 0.03166666666666667 0.05012531328320802
1 0.49583333333333335 0.37969924812030076 0.035 0.05764411027568922
1 0.5266666666666666 0.41353383458646614 0.04 0.06516290726817042
1 0.56 0.45864661654135336 0.04 0.07518796992481203
1 0.6133333333333333 0.487468671679198 0.05333333333333334 0.08270676691729323
1 0.6691666666666667 0.5463659147869674 0.06166666666666667 0.09523809523809523
1 0.6208333333333333 0.35964912280701755 0.028333333333333332 0.047619047619047616
1 0.6733333333333333 0.36466165413533835 0.03 0.05263157894736842
1 0.6916666666666667 0.40100250626566414 0.02666666666666667 0.06516290726817042
1 0.715 0.40852130325814534 0.04 0.07518796992481203
1 0.7266666666666667 0.3383458646616541 0.02666666666666667 0.045112781954887216
1 0.76 0.35463659147869675 0.03 0.06265664160401002
1 0.8116666666666666 0.45614035087719296 0.05 0.07518796992481203
1 0.8275 0.6441102756892231 0.09166666666666666 0.14035087719298245
1 0.8866666666666667 0.5350877192982456 0.06 0.10275689223057644
1 0.8516666666666667 0.37719298245614036 0.04 0.06265664160401002
1 0.9191666666666667 0.40726817042606517 0.041666666666666664 0.06265664160401002
1 0.9825 0.4323308270676692 0.03166666666666667 0.07268170426065163
1 0.9833333333333333 0.37092731829573933 0.03333333333333333 0.05513784461152882