1 0.2335858585858586 0.7390510948905109 0.07828282828282829 0.14233576642335766
1 0.31313131313131315 0.5766423357664233 0.0707070707070707 0.10948905109489052
1 0.3371212121212121 0.4927007299270073 0.04292929292929293 0.072992700729927
1 0.4166666666666667 0.6861313868613139 0.07575757575757576 0.15328467153284672
1 0.4393939393939394 0.5748175182481752 0.05555555555555555 0.09854014598540146
1 0.4696969696969697 0.48905109489051096 0.050505050505050504 0.0948905109489051
1 0.5606060606060606 0.4744525547445255 0.045454545454545456 0.072992700729927
1 0.5972222222222222 0.5875912408759124 0.05808080808080808 0.10948905109489052
1 0.6628787878787878 0.6733576642335767 0.07323232323232323 0.12773722627737227
1 0.7335858585858586 0.5693430656934306 0.06818181818181818 0.12408759124087591
1 0.8459595959595959 0.718978102189781 0.09595959595959595 0.15328467153284672
1 0.07196969696969698 0.47992700729927007 0.047979797979797977 0.07664233576642336
1 0.030303030303030304 0.4251824817518248 0.03535353535353535 0.05474452554744526
1 0.08964646464646464 0.39233576642335766 0.027777777777777776 0.040145985401459854
1 0.07954545454545454 0.3686131386861314 0.03282828282828283 0.043795620437956206
1 0.13257575757575757 0.4416058394160584 0.04292929292929293 0.072992700729927
1 0.12878787878787878 0.3704379562043796 0.025252525252525252 0.04744525547445255
1 0.17045454545454544 0.38321167883211676 0.03282828282828283 0.058394160583941604
1 0.19065656565656566 0.3448905109489051 0.022727272727272728 0.040145985401459854
1 0.20959595959595959 0.41605839416058393 0.030303030303030304 0.051094890510948905
1 0.2361111111111111 0.3978102189781022 0.022727272727272728 0.043795620437956206
1 0.26136363636363635 0.36313868613138683 0.022727272727272728 0.04744525547445255
1 0.2828282828282828 0.36313868613138683 0.025252525252525252 0.04744525547445255
1 0.3143939393939394 0.35583941605839414 0.022727272727272728 0.040145985401459854
1 0.369949494949495 0.45072992700729925 0.03787878787878788 0.06934306569343066
1 0.3851010101010101 0.3905109489051095 0.027777777777777776 0.043795620437956206
1 0.4154040404040404 0.3813868613138686 0.03282828282828283 0.05474452554744526
1 0.4393939393939394 0.3357664233576642 0.030303030303030304 0.043795620437956206
1 0.47474747474747475 0.3521897810218978 0.025252525252525252 0.040145985401459854
1 0.48484848484848486 0.38686131386861317 0.030303030303030304 0.051094890510948905
1 0.4595959595959596 0.40693430656934304 0.030303030303030304 0.040145985401459854
1 0.5151515151515151 0.3375912408759124 0.025252525252525252 0.04744525547445255
1 0.5416666666666666 0.3886861313868613 0.027777777777777776 0.04744525547445255
1 0.5618686868686869 0.3795620437956204 0.022727272727272728 0.043795620437956206
1 0.5707070707070707 0.3521897810218978 0.020202020202020204 0.040145985401459854
1 0.5934343434343434 0.42883211678832117 0.030303030303030304 0.05474452554744526
1 0.63510101010101 0.4653284671532847 0.047979797979797977 0.08394160583941605
1 0.63510101010101 0.40693430656934304 0.027777777777777776 0.040145985401459854
1 0.6174242424242424 0.3686131386861314 0.027777777777777776 0.051094890510948905
1 0.7007575757575758 0.42700729927007297 0.03787878787878788 0.06569343065693431
1 0.7878787878787878 0.4251824817518248 0.050505050505050504 0.07664233576642336
1 0.797979797979798 0.38321167883211676 0.03535353535353535 0.058394160583941604
1 0.7083333333333334 0.3777372262773723 0.03282828282828283 0.05474452554744526
1 0.8762626262626263 0.5182481751824818 0.050505050505050504 0.10218978102189781
1 0.9583333333333334 0.5857664233576643 0.06313131313131314 0.11313868613138686
1 0.9343434343434344 0.4981751824817518 0.05555555555555555 0.08394160583941605
1 0.8939393939393939 0.42883211678832117 0.04040404040404041 0.09124087591240876