1 0.9514028056112225 0.23380035026269702 0.01503006012024048 0.040280210157618214
1 0.6818637274549099 0.17075306479859895 0.01503006012024048 0.040280210157618214
1 0.6893787575150301 0.22504378283712784 0.02004008016032064 0.040280210157618214
1 0.6347695390781564 0.22066549912434325 0.021042084168336674 0.04553415061295972
1 0.6347695390781564 0.2635726795096322 0.025050100200400802 0.050788091068301226
1 0.5731462925851704 0.16199649737302976 0.01603206412825651 0.03327495621716287
1 0.5721442885771543 0.19176882661996497 0.018036072144288578 0.03677758318739054
1 0.4183366733466934 0.22679509632224168 0.01903807615230461 0.040280210157618214
1 0.4619238476953908 0.2224168126094571 0.01603206412825651 0.03502626970227671
1 0.32014028056112226 0.15236427320490367 0.017034068136272545 0.03502626970227671
1 0.1933867735470942 0.23467600700525393 0.02004008016032064 0.04203152364273205
1 0.10821643286573146 0.2469352014010508 0.01603206412825651 0.03852889667250438