1 0.2784688995215311 0.2571669477234401 0.015311004784688996 0.02866779089376054
1 0.2937799043062201 0.26812816188870153 0.01722488038277512 0.03035413153456998
1 0.37177033492822964 0.26475548060708265 0.014354066985645933 0.03709949409780776
1 0.36028708133971293 0.22259696458684655 0.014354066985645933 0.03035413153456998
1 0.3660287081339713 0.19983136593591905 0.016267942583732056 0.02866779089376054
1 0.40717703349282297 0.22934232715008432 0.023923444976076555 0.05733558178752108
1 0.44066985645933016 0.22934232715008432 0.01818181818181818 0.04047217537942664
1 0.4660287081339713 0.23102866779089376 0.01722488038277512 0.03709949409780776
1 0.4449760765550239 0.1897133220910624 0.011483253588516746 0.03204047217537943
1 0.4090909090909091 0.1736930860033727 0.012440191387559809 0.02023608768971332
1 0.39712918660287083 0.1973018549747049 0.013397129186602871 0.03372681281618887
1 0.46220095693779906 0.15767284991568298 0.013397129186602871 0.025295109612141653
1 0.46507177033492825 0.19392917369308602 0.015311004784688996 0.023608768971332208
1 0.5181818181818182 0.19983136593591905 0.020095693779904306 0.03204047217537943
1 0.48564593301435405 0.20404721753794267 0.014354066985645933 0.03372681281618887
1 0.4880382775119617 0.16947723440134907 0.015311004784688996 0.02866779089376054
1 0.5033492822966508 0.13237774030354132 0.009569377990430622 0.025295109612141653
1 0.5401913875598087 0.13406408094435077 0.012440191387559809 0.021922428330522766
1 0.5511961722488038 0.12647554806070826 0.011483253588516746 0.023608768971332208
1 0.5617224880382775 0.13659359190556492 0.011483253588516746 0.026981450252951095
1 0.5851674641148326 0.1711635750421585 0.014354066985645933 0.02866779089376054
1 0.538755980861244 0.19139966273187184 0.015311004784688996 0.021922428330522766
1 0.5244019138755981 0.1711635750421585 0.011483253588516746 0.021922428330522766
1 0.5990430622009569 0.16020236087689713 0.013397129186602871 0.026981450252951095
1 0.5794258373205742 0.14165261382799327 0.012440191387559809 0.026981450252951095
1 0.583732057416268 0.12478920741989882 0.013397129186602871 0.026981450252951095
1 0.5923444976076555 0.10370994940978077 0.011483253588516746 0.021922428330522766
1 0.6062200956937799 0.11467116357504216 0.012440191387559809 0.023608768971332208
1 0.6377990430622009 0.10708263069139966 0.010526315789473684 0.021922428330522766
1 0.6382775119617224 0.13659359190556492 0.011483253588516746 0.023608768971332208
1 0.6483253588516746 0.13659359190556492 0.012440191387559809 0.023608768971332208
1 0.6645933014354067 0.1163575042158516 0.012440191387559809 0.026981450252951095
1 0.6956937799043063 0.10708263069139966 0.011483253588516746 0.02866779089376054
1 0.6133971291866028 0.21922428330522767 0.019138755980861243 0.03709949409780776
1 0.5220095693779905 0.28077571669477236 0.020095693779904306 0.045531197301854974
1 0.5583732057416267 0.2588532883642496 0.01818181818181818 0.03541315345699832
1 0.5607655502392345 0.30101180438448566 0.021052631578947368 0.04215851602023609
1 0.6014354066985645 0.33136593591905567 0.023923444976076555 0.05227655986509275
1 0.6090909090909091 0.2639123102866779 0.020095693779904306 0.045531197301854974
1 0.6703349282296651 0.21079258010118043 0.016267942583732056 0.03709949409780776
1 0.6535885167464115 0.17537942664418213 0.015311004784688996 0.03372681281618887
1 0.6712918660287082 0.16694772344013492 0.012440191387559809 0.03035413153456998
1 0.6856459330143541 0.18381112984822934 0.014354066985645933 0.03035413153456998
1 0.692822966507177 0.23018549747048903 0.019138755980861243 0.03541315345699832
1 0.6775119617224881 0.3077571669477234 0.028708133971291867 0.045531197301854974
1 0.7430622009569378 0.35497470489038785 0.031578947368421054 0.06239460370994941
1 0.785645933014354 0.39376053962900504 0.028708133971291867 0.07588532883642496
1 0.8875598086124402 0.3608768971332209 0.027751196172248804 0.07082630691399663
1 0.9066985645933014 0.30101180438448566 0.02200956937799043 0.05902192242833052
1 0.9066985645933014 0.260539629005059 0.01818181818181818 0.03204047217537943
1 0.9167464114832536 0.23355817875210794 0.01722488038277512 0.045531197301854974
1 0.9129186602870814 0.20404721753794267 0.01722488038277512 0.04047217537942664
1 0.9172248803827752 0.15851602023608768 0.012440191387559809 0.026981450252951095
1 0.8110047846889952 0.3136593591905565 0.02583732057416268 0.050590219224283306
1 0.762200956937799 0.27318718381112983 0.023923444976076555 0.050590219224283306
1 0.7239234449760765 0.25463743676222594 0.023923444976076555 0.047217537942664416
1 0.7220095693779904 0.19983136593591905 0.020095693779904306 0.03541315345699832
1 0.7602870813397129 0.21585160202360876 0.01818181818181818 0.04384485666104553
1 0.775598086124402 0.20320404721753793 0.014354066985645933 0.03204047217537943
1 0.7980861244019138 0.24198988195615515 0.022966507177033493 0.0387858347386172
1 0.8157894736842105 0.209106239460371 0.016267942583732056 0.03372681281618887
1 0.8674641148325359 0.209106239460371 0.014354066985645933 0.03709949409780776
1 0.8617224880382776 0.25463743676222594 0.01818181818181818 0.047217537942664416
1 0.8885167464114833 0.18549747048903878 0.014354066985645933 0.03372681281618887
1 0.8813397129186603 0.16863406408094436 0.013397129186602871 0.026981450252951095
1 0.8885167464114833 0.1475548060708263 0.016267942583732056 0.03204047217537943
1 0.8483253588516746 0.16694772344013492 0.012440191387559809 0.026981450252951095
1 0.8531100478468899 0.13659359190556492 0.012440191387559809 0.023608768971332208
1 0.8210526315789474 0.1433389544688027 0.013397129186602871 0.023608768971332208
1 0.8258373205741627 0.12731871838111297 0.011483253588516746 0.021922428330522766
1 0.7918660287081339 0.15851602023608768 0.014354066985645933 0.03035413153456998
1 0.7727272727272727 0.16694772344013492 0.014354066985645933 0.03035413153456998
1 0.7430622009569378 0.1543001686340641 0.014354066985645933 0.02866779089376054
1 0.7593301435406699 0.1315345699831366 0.012440191387559809 0.026981450252951095
1 0.7354066985645933 0.12141652613827993 0.014354066985645933 0.026981450252951095