1 0.08525896414342629 0.5541871921182266 0.05258964143426295 0.11658456486042693
1 0.22589641434262947 0.2651888341543514 0.018326693227091632 0.04433497536945813
1 0.23824701195219122 0.2627257799671593 0.01752988047808765 0.052545155993431854
1 0.2788844621513944 0.23645320197044334 0.020717131474103586 0.04597701149425287
1 0.30677290836653387 0.23645320197044334 0.019123505976095617 0.03940886699507389
1 0.31195219123505974 0.2077175697865353 0.0199203187250996 0.03776683087027915
1 0.33824701195219126 0.22495894909688013 0.0199203187250996 0.04926108374384237
1 0.37250996015936255 0.2627257799671593 0.02151394422310757 0.059113300492610835
1 0.3533864541832669 0.20689655172413793 0.016733067729083666 0.0361247947454844
1 0.3645418326693227 0.18883415435139572 0.016733067729083666 0.03284072249589491
1 0.4147410358565737 0.17569786535303777 0.015139442231075698 0.0361247947454844
1 0.3952191235059761 0.24220032840722497 0.01593625498007968 0.03776683087027915
1 0.4294820717131474 0.3078817733990148 0.022310756972111555 0.05747126436781609
1 0.4338645418326693 0.1863711001642036 0.016733067729083666 0.041050903119868636
1 0.4254980079681275 0.16091954022988506 0.012749003984063745 0.029556650246305417
1 0.45657370517928286 0.16420361247947454 0.012749003984063745 0.03284072249589491
1 0.4752988047808765 0.17159277504105092 0.016733067729083666 0.04433497536945813
1 0.4689243027888446 0.2413793103448276 0.0199203187250996 0.04926108374384237
1 0.49800796812749004 0.20607553366174056 0.019123505976095617 0.041050903119868636
1 0.4964143426294821 0.1469622331691297 0.014342629482071713 0.034482758620689655
1 0.5155378486055777 0.1683087027914614 0.019123505976095617 0.04433497536945813
1 0.5258964143426295 0.15845648604269294 0.01593625498007968 0.041050903119868636
1 0.551394422310757 0.21592775041050905 0.01593625498007968 0.047619047619047616
1 0.5749003984063745 0.19376026272577998 0.016733067729083666 0.04926108374384237
1 0.5565737051792828 0.16091954022988506 0.016733067729083666 0.0361247947454844
1 0.5553784860557769 0.13382594417077176 0.014342629482071713 0.034482758620689655
1 0.5784860557768924 0.1354679802955665 0.014342629482071713 0.034482758620689655
1 0.597211155378486 0.13218390804597702 0.016733067729083666 0.041050903119868636
1 0.6059760956175299 0.14367816091954022 0.013545816733067729 0.027914614121510674
1 0.6107569721115538 0.16420361247947454 0.013545816733067729 0.03284072249589491
1 0.6127490039840637 0.19047619047619047 0.01593625498007968 0.042692939244663386
1 0.6577689243027889 0.17898193760262726 0.013545816733067729 0.0361247947454844
1 0.6533864541832669 0.1477832512315271 0.012749003984063745 0.03284072249589491
1 0.6322709163346614 0.12479474548440066 0.015139442231075698 0.0361247947454844
1 0.650996015936255 0.11904761904761904 0.012749003984063745 0.031198686371100164
1 0.6860557768924302 0.1510673234811166 0.012749003984063745 0.0361247947454844
1 0.6912350597609562 0.13628899835796388 0.01195219123505976 0.03284072249589491
1 0.7099601593625497 0.15188834154351397 0.01593625498007968 0.041050903119868636
1 0.5752988047808765 0.3284072249589491 0.022310756972111555 0.059113300492610835
1 0.5948207171314741 0.36617405582922824 0.026294820717131476 0.06896551724137931
1 0.6087649402390438 0.2857142857142857 0.027091633466135457 0.06239737274220033
1 0.6589641434262948 0.24548440065681446 0.02549800796812749 0.054187192118226604
1 0.6573705179282868 0.4072249589490969 0.028685258964143426 0.06896551724137931
1 0.7203187250996016 0.4014778325123153 0.027091633466135457 0.07060755336617405
1 0.69601593625498 0.2110016420361248 0.0199203187250996 0.054187192118226604
1 0.7119521912350597 0.270935960591133 0.023107569721115537 0.06568144499178982
1 0.7406374501992032 0.22660098522167488 0.018326693227091632 0.04926108374384237
1 0.7537848605577689 0.27504105090311987 0.01752988047808765 0.047619047619047616
1 0.796812749003984 0.451559934318555 0.028685258964143426 0.07881773399014778
1 0.851792828685259 0.4909688013136289 0.028685258964143426 0.09195402298850575
1 0.8760956175298805 0.39655172413793105 0.023107569721115537 0.07389162561576355
1 0.8617529880478088 0.33825944170771755 0.023107569721115537 0.05582922824302135
1 0.799601593625498 0.30870279146141216 0.024701195219123506 0.059113300492610835
1 0.7936254980079681 0.23809523809523808 0.01752988047808765 0.052545155993431854
1 0.7768924302788844 0.21182266009852216 0.014342629482071713 0.03940886699507389
1 0.7549800796812749 0.1986863711001642 0.015139442231075698 0.03940886699507389
1 0.7713147410358566 0.180623973727422 0.011155378486055778 0.026272577996715927
1 0.7681274900398406 0.20032840722495895 0.012749003984063745 0.03284072249589491
1 0.8075697211155378 0.18883415435139572 0.013545816733067729 0.03940886699507389
1 0.8151394422310757 0.229064039408867 0.01752988047808765 0.04433497536945813
1 0.8693227091633466 0.23316912972085385 0.01752988047808765 0.042692939244663386
1 0.9023904382470119 0.22413793103448276 0.016733067729083666 0.04433497536945813
1 0.8980079681274901 0.25287356321839083 0.014342629482071713 0.03940886699507389
1 0.8876494023904382 0.27586206896551724 0.019123505976095617 0.052545155993431854
1 0.9254980079681275 0.34072249589490966 0.0199203187250996 0.047619047619047616
1 0.9462151394422311 0.3702791461412151 0.02151394422310757 0.05747126436781609
1 0.949003984063745 0.4376026272577997 0.02549800796812749 0.08374384236453201
1 0.9733067729083665 0.361247947454844 0.02151394422310757 0.05582922824302135
1 0.9693227091633466 0.31198686371100165 0.015139442231075698 0.042692939244663386
1 0.9804780876494024 0.2545155993431856 0.015139442231075698 0.0361247947454844
1 0.9262948207171314 0.2619047619047619 0.015139442231075698 0.04433497536945813
1 0.9474103585657371 0.2413793103448276 0.014342629482071713 0.03940886699507389