1 0.11638655462184874 0.5408895265423243 0.037815126050420166 0.0746054519368723
1 0.2184873949579832 0.3314203730272597 0.01680672268907563 0.03156384505021521
1 0.24663865546218489 0.3357245337159254 0.01764705882352941 0.03730272596843615
1 0.27310924369747897 0.3615494978479197 0.01680672268907563 0.03443328550932568
1 0.3239495798319328 0.35581061692969873 0.02100840336134454 0.03443328550932568
1 0.27563025210084036 0.3005738880918221 0.015126050420168067 0.035868005738880916
1 0.3420168067226891 0.31779053084648495 0.013445378151260505 0.03012912482065997
1 0.3453781512605042 0.2833572453371593 0.015126050420168067 0.03012912482065997
1 0.3773109243697479 0.32281205164992827 0.011764705882352941 0.03156384505021521
1 0.4 0.321377331420373 0.01680672268907563 0.03156384505021521
1 0.4369747899159664 0.3242467718794835 0.01680672268907563 0.03730272596843615
1 0.3978991596638655 0.29124820659971307 0.014285714285714285 0.028694404591104734
1 0.3878151260504202 0.24964131994261118 0.014285714285714285 0.02582496413199426
1 0.40336134453781514 0.2661406025824964 0.011764705882352941 0.024390243902439025
1 0.41638655462184876 0.251793400286944 0.010924369747899159 0.021520803443328552
1 0.4373949579831933 0.25251076040172166 0.010924369747899159 0.02582496413199426
1 0.4647058823529412 0.2962697274031564 0.013445378151260505 0.027259684361549498
1 0.4966386554621849 0.3149210903873745 0.015126050420168067 0.03012912482065997
1 0.45294117647058824 0.23888091822094693 0.011764705882352941 0.021520803443328552
1 0.4827731092436975 0.25609756097560976 0.014285714285714285 0.027259684361549498
1 0.49747899159663866 0.2503586800573888 0.011764705882352941 0.021520803443328552
1 0.5142857142857142 0.26255380200860834 0.013445378151260505 0.03156384505021521
1 0.55 0.2733142037302726 0.012605042016806723 0.027259684361549498
1 0.42436974789915966 0.29913916786226685 0.015126050420168067 0.03299856527977044
1 0.46176470588235297 0.22525107604017217 0.010924369747899159 0.02295552367288379
1 0.515126050420168 0.22955523672883787 0.011764705882352941 0.028694404591104734
1 0.5365546218487395 0.2374461979913917 0.012605042016806723 0.027259684361549498
1 0.5663865546218487 0.2582496413199426 0.013445378151260505 0.03156384505021521
1 0.5609243697478992 0.2073170731707317 0.009243697478991597 0.021520803443328552
1 0.5672268907563025 0.22309899569583932 0.011764705882352941 0.024390243902439025
1 0.5794117647058824 0.23529411764705882 0.010924369747899159 0.020086083213773313
1 0.5920168067226891 0.2460545193687231 0.014285714285714285 0.024390243902439025
1 0.6449579831932774 0.23457675753228122 0.010924369747899159 0.021520803443328552
1 0.6693277310924369 0.22094691535150646 0.009243697478991597 0.020086083213773313
1 0.6831932773109244 0.21664275466284075 0.011764705882352941 0.02582496413199426
1 0.6659663865546218 0.20014347202295552 0.010924369747899159 0.021520803443328552
1 0.6340336134453781 0.21951219512195122 0.012605042016806723 0.02582496413199426
1 0.623109243697479 0.2109038737446198 0.012605042016806723 0.02295552367288379
1 0.6016806722689075 0.2109038737446198 0.011764705882352941 0.028694404591104734
1 0.6025210084033613 0.1958393113342898 0.011764705882352941 0.024390243902439025
1 0.47983193277310926 0.3672883787661406 0.025210084033613446 0.05164992826398852
1 0.5411764705882353 0.3938307030129125 0.02689075630252101 0.05021520803443329
1 0.5336134453781513 0.3550932568149211 0.02689075630252101 0.04447632711621234
1 0.5907563025210084 0.35724533715925394 0.021848739495798318 0.04878048780487805
1 0.6054621848739495 0.41750358680057387 0.024369747899159664 0.06025824964131994
1 0.6294117647058823 0.4562410329985653 0.030252100840336135 0.06025824964131994
1 0.7021008403361344 0.5286944045911047 0.031092436974789917 0.0703012912482066
1 0.8327731092436975 0.5064562410329986 0.030252100840336135 0.06599713055954089
1 0.5957983193277311 0.3163558106169297 0.021848739495798318 0.04160688665710186
1 0.6428571428571429 0.3278335724533716 0.023529411764705882 0.04447632711621234
1 0.6281512605042017 0.29555236728837875 0.019327731092436976 0.040172166427546625
1 0.6655462184873949 0.2704447632711621 0.018487394957983194 0.03873744619799139
1 0.6890756302521008 0.2898134863701578 0.015126050420168067 0.03730272596843615
1 0.7109243697478992 0.2833572453371593 0.015126050420168067 0.03873744619799139
1 0.7050420168067227 0.24031563845050216 0.015126050420168067 0.03873744619799139
1 0.7298319327731092 0.24820659971305595 0.015966386554621848 0.03443328550932568
1 0.7319327731092437 0.22812051649928264 0.013445378151260505 0.03443328550932568
1 0.7483193277310924 0.21951219512195122 0.014285714285714285 0.03156384505021521
1 0.7592436974789916 0.2546628407460545 0.012605042016806723 0.03012912482065997
1 0.7773109243697479 0.2733142037302726 0.015126050420168067 0.03012912482065997
1 0.7852941176470588 0.2539454806312769 0.012605042016806723 0.02582496413199426
1 0.7802521008403361 0.22740315638450503 0.015966386554621848 0.03299856527977044
1 0.6626050420168067 0.37374461979913914 0.024369747899159664 0.05308464849354376
1 0.6865546218487395 0.35437589670014347 0.021848739495798318 0.04878048780487805
1 0.7252100840336134 0.3931133428981349 0.025210084033613446 0.05164992826398852
1 0.7865546218487395 0.4167862266857963 0.02689075630252101 0.05595408895265423
1 0.8487394957983193 0.4497847919655667 0.030252100840336135 0.06169296987087518
1 0.9243697478991597 0.4562410329985653 0.02689075630252101 0.054519368723098996
1 0.9180672268907563 0.3866571018651363 0.0226890756302521 0.04447632711621234
1 0.861764705882353 0.37087517934002867 0.02100840336134454 0.05308464849354376
1 0.8138655462184874 0.3486370157819225 0.0226890756302521 0.043041606886657105
1 0.8159663865546218 0.2898134863701578 0.01680672268907563 0.03156384505021521
1 0.811344537815126 0.23601147776183645 0.014285714285714285 0.03012912482065997
1 0.8441176470588235 0.2467718794835007 0.010924369747899159 0.02295552367288379
1 0.85 0.2654232424677188 0.012605042016806723 0.02582496413199426
1 0.8449579831932773 0.296987087517934 0.014285714285714285 0.03730272596843615
1 0.8714285714285714 0.32711621233859395 0.01680672268907563 0.03156384505021521
1 0.8718487394957983 0.24533715925394547 0.014285714285714285 0.03156384505021521
1 0.896218487394958 0.2682926829268293 0.012605042016806723 0.028694404591104734
1 0.8928571428571429 0.31061692969870874 0.014285714285714285 0.03299856527977044
1 0.9336134453781513 0.34576757532281205 0.01680672268907563 0.040172166427546625
1 0.915126050420168 0.3005738880918221 0.013445378151260505 0.03299856527977044
1 0.9365546218487395 0.2998565279770445 0.014285714285714285 0.02582496413199426
1 0.9378151260504202 0.2582496413199426 0.013445378151260505 0.03156384505021521