1 0.17882562277580072 0.22148541114058357 0.04804270462633452 0.06631299734748011
1 0.24644128113879005 0.30238726790450926 0.037366548042704624 0.04774535809018567
1 0.22419928825622776 0.29045092838196285 0.02491103202846975 0.04509283819628647
1 0.3069395017793594 0.3050397877984085 0.04448398576512456 0.0636604774535809
1 0.3416370106761566 0.2891246684350133 0.02491103202846975 0.03183023872679045
1 0.38701067615658363 0.27586206896551724 0.023131672597864767 0.03713527851458886
1 0.3790035587188612 0.3090185676392573 0.03558718861209965 0.0610079575596817
1 0.4599644128113879 0.3196286472148541 0.05871886120996441 0.08753315649867374
1 0.4128113879003559 0.28779840848806365 0.02491103202846975 0.04509283819628647
1 0.5373665480427047 0.29310344827586204 0.021352313167259787 0.03978779840848806
1 0.548932384341637 0.32625994694960214 0.026690391459074734 0.04774535809018567
1 0.6405693950177936 0.3222811671087533 0.03202846975088968 0.04509283819628647
1 0.6272241992882562 0.29310344827586204 0.019572953736654804 0.03978779840848806
1 0.6983985765124555 0.363395225464191 0.0693950177935943 0.11140583554376658
1 0.7233096085409253 0.2917771883289125 0.030249110320284697 0.05305039787798409
1 0.7909252669039146 0.34880636604774534 0.05516014234875445 0.08222811671087533