1 0.08684985279685967 0.2793103448275862 0.02453385672227674 0.04827586206896552
1 0.27968596663395484 0.23017241379310344 0.019627085377821395 0.02586206896551724
1 0.29784102060843964 0.2293103448275862 0.016683022571148183 0.034482758620689655
1 0.33218842001962706 0.1896551724137931 0.014720314033366046 0.027586206896551724
1 0.3547595682041217 0.1939655172413793 0.016683022571148183 0.029310344827586206
1 0.35819430814524045 0.2293103448275862 0.019627085377821395 0.03793103448275862
1 0.3802747791952895 0.23620689655172414 0.014720314033366046 0.03103448275862069
1 0.41216879293424924 0.2413793103448276 0.019627085377821395 0.034482758620689655
1 0.37684003925417076 0.20172413793103447 0.011776251226692836 0.020689655172413793
1 0.38469087340529934 0.17155172413793104 0.013738959764474975 0.02586206896551724
1 0.4052993130520118 0.17155172413793104 0.017664376840039256 0.02586206896551724
1 0.42198233562315995 0.17586206896551723 0.013738959764474975 0.02413793103448276
1 0.42492639842983315 0.20689655172413793 0.015701668302257114 0.027586206896551724
1 0.4607458292443572 0.21637931034482757 0.018645731108930325 0.032758620689655175
1 0.4474975466143278 0.253448275862069 0.023552502453385672 0.03103448275862069
1 0.4435721295387635 0.16379310344827586 0.017664376840039256 0.02413793103448276
1 0.3940137389597645 0.2103448275862069 0.018645731108930325 0.02413793103448276
1 0.5039254170755643 0.18362068965517242 0.014720314033366046 0.029310344827586206
1 0.5269872423945045 0.18017241379310345 0.015701668302257114 0.03620689655172414
1 0.49950932286555444 0.15517241379310345 0.013738959764474975 0.020689655172413793
1 0.4867517173699706 0.15344827586206897 0.011776251226692836 0.02413793103448276
1 0.5029440628066733 0.13017241379310346 0.008832188420019628 0.022413793103448276
1 0.521099116781158 0.13879310344827586 0.013738959764474975 0.022413793103448276
1 0.5485770363101079 0.12586206896551724 0.009813542688910697 0.027586206896551724
1 0.5407262021589794 0.16120689655172413 0.011776251226692836 0.029310344827586206
1 0.5608439646712463 0.1879310344827586 0.010794896957801767 0.03103448275862069
1 0.570657507360157 0.16034482758620688 0.010794896957801767 0.02413793103448276
1 0.5760549558390579 0.13706896551724138 0.009813542688910697 0.015517241379310345
1 0.5961727183513248 0.23017241379310344 0.020608439646712464 0.032758620689655175
1 0.6398429833169774 0.2482758620689655 0.019627085377821395 0.034482758620689655
1 0.6251226692836114 0.21120689655172414 0.023552502453385672 0.03620689655172414
1 0.6074582924435721 0.1646551724137931 0.011776251226692836 0.029310344827586206
1 0.6442590775269872 0.15775862068965518 0.012757605495583905 0.022413793103448276
1 0.6712463199214916 0.18275862068965518 0.013738959764474975 0.03103448275862069
1 0.6256133464180569 0.1413793103448276 0.010794896957801767 0.027586206896551724
1 0.6418056918547596 0.12241379310344827 0.015701668302257114 0.02413793103448276
1 0.6643768400392541 0.12413793103448276 0.011776251226692836 0.020689655172413793
1 0.6810598626104023 0.13620689655172413 0.011776251226692836 0.02413793103448276
1 0.7090284592737979 0.11982758620689656 0.010794896957801767 0.022413793103448276
1 0.6884200196270854 0.11206896551724138 0.008832188420019628 0.013793103448275862
1 0.6820412168792934 0.2206896551724138 0.015701668302257114 0.02413793103448276
1 0.6908734052993131 0.25775862068965516 0.017664376840039256 0.039655172413793106
1 0.696270853778214 0.3129310344827586 0.02649656526005888 0.056896551724137934
1 0.7482826300294406 0.38275862068965516 0.02453385672227674 0.05862068965517241
1 0.7939156035328754 0.29482758620689653 0.015701668302257114 0.04827586206896552
1 0.7698724239450442 0.24655172413793103 0.016683022571148183 0.04827586206896552
1 0.7350343473994112 0.23793103448275862 0.019627085377821395 0.041379310344827586
1 0.718351324828263 0.18879310344827585 0.015701668302257114 0.032758620689655175
1 0.7379784102060843 0.17586206896551723 0.011776251226692836 0.03103448275862069
1 0.7566241413150148 0.19913793103448277 0.015701668302257114 0.03620689655172414
1 0.7365063788027478 0.14913793103448275 0.012757605495583905 0.022413793103448276
1 0.7031403336604515 0.18275862068965518 0.014720314033366046 0.020689655172413793
1 0.76153091265947 0.13879310344827586 0.011776251226692836 0.029310344827586206
1 0.6153091265947007 0.12931034482758622 0.009813542688910697 0.02413793103448276
1 0.7796859666339548 0.1336206896551724 0.008832188420019628 0.022413793103448276
1 0.7885181550539745 0.15 0.008832188420019628 0.02413793103448276
1 0.8047105004906772 0.14224137931034483 0.011776251226692836 0.029310344827586206
1 0.795387634936212 0.1724137931034483 0.012757605495583905 0.02413793103448276
1 0.8341511285574092 0.1413793103448276 0.011776251226692836 0.02413793103448276
1 0.8557409224730128 0.15862068965517243 0.011776251226692836 0.02413793103448276
1 0.8753680078508341 0.16896551724137931 0.013738959764474975 0.027586206896551724
1 0.8326790971540726 0.18017241379310345 0.012757605495583905 0.022413793103448276
1 0.8189401373895977 0.20689655172413793 0.012757605495583905 0.020689655172413793
1 0.7894995093228655 0.2353448275862069 0.018645731108930325 0.032758620689655175
1 0.823846908734053 0.2681034482758621 0.016683022571148183 0.039655172413793106
1 0.8434739941118744 0.22758620689655173 0.012757605495583905 0.041379310344827586
1 0.8900883218842002 0.2353448275862069 0.017664376840039256 0.03620689655172414
1 0.9013738959764475 0.1879310344827586 0.014720314033366046 0.027586206896551724
1 0.9376840039254171 0.21465517241379312 0.012757605495583905 0.02586206896551724
1 0.9543670264965652 0.2 0.012757605495583905 0.027586206896551724
1 0.922963689892051 0.26120689655172413 0.018645731108930325 0.032758620689655175
1 0.9160942100098135 0.3310344827586207 0.02453385672227674 0.04827586206896552
1 0.8675171736997056 0.19224137931034482 0.013738959764474975 0.029310344827586206
1 0.8572129538763493 0.225 0.010794896957801767 0.032758620689655175
1 0.9141315014720314 0.15517241379310345 0.010794896957801767 0.03103448275862069