1 0.19371519490851233 0.40774647887323945 0.04852824184566428 0.08591549295774648
1 0.2617342879872713 0.2669014084507042 0.01909307875894988 0.0323943661971831
1 0.29912490055688146 0.24084507042253522 0.02386634844868735 0.04225352112676056
1 0.32537788385043753 0.2084507042253521 0.017501988862370723 0.03943661971830986
1 0.3229912490055688 0.24859154929577465 0.020684168655529037 0.0323943661971831
1 0.3532219570405728 0.2549295774647887 0.02386634844868735 0.036619718309859155
1 0.3850437549721559 0.2535211267605634 0.017501988862370723 0.04225352112676056
1 0.38027048528241847 0.2 0.015910898965791568 0.03943661971830986
1 0.40533015115354015 0.16901408450704225 0.013524264120922832 0.02535211267605634
1 0.433969769291965 0.15774647887323945 0.015115354017501989 0.03380281690140845
1 0.4630071599045346 0.14084507042253522 0.014319809069212411 0.028169014084507043
1 0.4626093874303898 0.16408450704225352 0.016706443914081145 0.038028169014084505
1 0.4797136038186158 0.12816901408450704 0.012728719172633254 0.028169014084507043
1 0.505568814638027 0.12112676056338029 0.011933174224343675 0.022535211267605635
1 0.5210819411296739 0.1295774647887324 0.014319809069212411 0.030985915492957747
1 0.41726332537788385 0.18028169014084508 0.011933174224343675 0.03380281690140845
1 0.42800318217979316 0.2415492957746479 0.01909307875894988 0.0323943661971831
1 0.41328560063643593 0.27605633802816903 0.021479713603818614 0.04225352112676056
1 0.4797136038186158 0.2112676056338028 0.01909307875894988 0.03943661971830986
1 0.49522673031026254 0.18591549295774648 0.015115354017501989 0.03943661971830986
1 0.5580747812251392 0.1387323943661972 0.013524264120922832 0.035211267605633804
1 0.5262529832935561 0.2007042253521127 0.01988862370723946 0.035211267605633804
1 0.5700079554494829 0.16971830985915493 0.018297533810660304 0.035211267605633804
1 0.5803500397772474 0.1316901408450704 0.016706443914081145 0.029577464788732393
1 0.5851233094669849 0.14647887323943662 0.016706443914081145 0.030985915492957747
1 0.5990453460620525 0.10633802816901408 0.01909307875894988 0.029577464788732393
1 0.6201272871917264 0.11056338028169015 0.015115354017501989 0.029577464788732393
1 0.641607000795545 0.1119718309859155 0.016706443914081145 0.035211267605633804
1 0.6141607000795545 0.15140845070422534 0.014319809069212411 0.023943661971830985
1 0.630071599045346 0.14647887323943662 0.01909307875894988 0.03943661971830986
1 0.6638822593476531 0.11971830985915492 0.013524264120922832 0.030985915492957747
1 0.5011933174224343 0.28169014084507044 0.027048528241845664 0.05352112676056338
1 0.5469371519490851 0.302112676056338 0.02784407319013524 0.05211267605633803
1 0.5807478122513922 0.23943661971830985 0.022275258552108195 0.04507042253521127
1 0.6066030230708035 0.252112676056338 0.031026252983293555 0.05352112676056338
1 0.6264916467780429 0.2056338028169014 0.018297533810660304 0.05352112676056338
1 0.6543357199681782 0.19718309859154928 0.024661893396976928 0.05352112676056338
1 0.6543357199681782 0.15352112676056337 0.01988862370723946 0.03943661971830986
1 0.6929196499602227 0.14507042253521127 0.017501988862370723 0.03943661971830986
1 0.7665075576770087 0.126056338028169 0.013524264120922832 0.035211267605633804
1 0.7963404932378679 0.12535211267605634 0.015910898965791568 0.036619718309859155
1 0.726332537788385 0.15352112676056337 0.01909307875894988 0.03943661971830986
1 0.7450278440731901 0.14859154929577464 0.016706443914081145 0.04366197183098591
1 0.7593476531424026 0.16901408450704225 0.016706443914081145 0.036619718309859155
1 0.7915672235481305 0.18169014084507043 0.01909307875894988 0.04507042253521127
1 0.8054892601431981 0.16971830985915493 0.016706443914081145 0.04084507042253521
1 0.8361177406523469 0.13450704225352111 0.017501988862370723 0.04366197183098591
1 0.8675417661097852 0.13802816901408452 0.013524264120922832 0.03380281690140845
1 0.6992840095465394 0.2140845070422535 0.022275258552108195 0.04507042253521127
1 0.665871121718377 0.24295774647887325 0.02386634844868735 0.054929577464788736
1 0.6742243436754176 0.29225352112676056 0.026252983293556086 0.07183098591549296
1 0.7199681782020684 0.2528169014084507 0.027048528241845664 0.054929577464788736
1 0.7422434367541766 0.3267605633802817 0.035003977724741446 0.08450704225352113
1 0.7724741447891806 0.2823943661971831 0.02386634844868735 0.054929577464788736
1 0.8444709626093875 0.17887323943661973 0.018297533810660304 0.03943661971830986
1 0.8894192521877486 0.1936619718309859 0.01909307875894988 0.04647887323943662
1 0.8178202068416865 0.22605633802816902 0.020684168655529037 0.04647887323943662
1 0.8385043754972156 0.21971830985915494 0.01909307875894988 0.03943661971830986
1 0.8703261734287987 0.24929577464788732 0.01909307875894988 0.056338028169014086
1 0.9120922832140016 0.26549295774647885 0.02784407319013524 0.04647887323943662
1 0.33770883054892603 0.21690140845070421 0.018297533810660304 0.03943661971830986
1 0.7128082736674622 0.1880281690140845 0.028639618138424822 0.05211267605633803
1 0.7446300715990454 0.24014084507042255 0.017501988862370723 0.04084507042253521
1 0.7406523468575974 0.19788732394366196 0.020684168655529037 0.04084507042253521