1 0.4175 0.41375 0.075 0.1225
1 0.6458333333333334 0.41875 0.06166666666666667 0.0925
1 0.77 0.415 0.06 0.095
1 0.8333333333333334 0.38125 0.043333333333333335 0.0625
1 0.8808333333333334 0.39375 0.04833333333333333 0.0825
1 0.7616666666666667 0.35125 0.04 0.0625
1 0.725 0.3625 0.02666666666666667 0.055
1 0.6708333333333333 0.34875 0.025 0.0475
1 0.6475 0.34375 0.018333333333333333 0.0325
1 0.6283333333333333 0.36875 0.02666666666666667 0.0425
1 0.5958333333333333 0.3625 0.021666666666666667 0.04
1 0.5741666666666667 0.355 0.028333333333333332 0.045
1 0.5341666666666667 0.34375 0.025 0.0375
1 0.48333333333333334 0.3375 0.016666666666666666 0.035
1 0.4658333333333333 0.32875 0.021666666666666667 0.0425
1 0.4241666666666667 0.34 0.021666666666666667 0.04
1 0.3883333333333333 0.345 0.02 0.035
1 0.37166666666666665 0.35 0.016666666666666666 0.035
1 0.3541666666666667 0.35 0.025 0.035
1 0.32166666666666666 0.35875 0.02 0.0325
1 0.30833333333333335 0.34 0.023333333333333334 0.04
1 0.2833333333333333 0.3475 0.02666666666666667 0.045
1 0.2475 0.4075 0.07166666666666667 0.135
1 0.16 0.40125 0.06666666666666667 0.1075