1 0.24287974683544303 0.26476793248945146 0.13765822784810128 0.17088607594936708
1 0.40031645569620256 0.5158227848101266 0.06329113924050633 0.12025316455696203
1 0.49920886075949367 0.4651898734177215 0.05221518987341772 0.08649789029535865
1 0.5664556962025317 0.4166666666666667 0.04746835443037975 0.08649789029535865
1 0.5783227848101266 0.3438818565400844 0.030063291139240507 0.046413502109704644
1 0.6384493670886076 0.4092827004219409 0.023734177215189875 0.03375527426160337
1 0.6598101265822784 0.4050632911392405 0.012658227848101266 0.02531645569620253
1 0.6787974683544303 0.4229957805907173 0.0189873417721519 0.03164556962025317
1 0.7175632911392406 0.40717299578059074 0.02689873417721519 0.04219409282700422
1 0.8916139240506329 0.37236286919831224 0.020569620253164556 0.027426160337552744
1 0.9090189873417721 0.4008438818565401 0.023734177215189875 0.04219409282700422
1 0.9367088607594937 0.5084388185654009 0.08227848101265822 0.12658227848101267