1 0.22 0.43139097744360905 0.1375 0.26127819548872183
1 0.425625 0.3731203007518797 0.13625 0.25375939849624063
1 0.6525 0.3580827067669173 0.105 0.231203007518797
1 0.7925 0.3449248120300752 0.095 0.19360902255639098
1 0.8475 0.26127819548872183 0.0675 0.11654135338345864
1 0.965625 0.2866541353383459 0.06875 0.18609022556390978
1 0.57 0.22556390977443608 0.085 0.15789473684210525
1 0.633125 0.22180451127819548 0.05875 0.10526315789473684
1 0.440625 0.18703007518796994 0.07625 0.12593984962406016
1 0.3525 0.2161654135338346 0.07 0.10902255639097744
1 0.259375 0.19830827067669174 0.07125 0.12969924812030076
1 0.1525 0.3007518796992481 0.0825 0.13909774436090225
1 0.1875 0.20300751879699247 0.055 0.08646616541353383
1 0.085 0.22462406015037595 0.0525 0.10338345864661654
1 0.099375 0.17857142857142858 0.03625 0.06015037593984962
1 0.028125 0.20300751879699247 0.05375 0.12030075187969924