1 0.04688731284475965 0.6371100164203612 0.0512214342001576 0.12151067323481117
1 0.23207249802994484 0.26436781609195403 0.014972419227738377 0.042692939244663386
1 0.24901497241922774 0.26683087027914615 0.017336485421591805 0.047619047619047616
1 0.2691095350669819 0.2536945812807882 0.014972419227738377 0.04433497536945813
1 0.32308904649330183 0.24548440065681446 0.018912529550827423 0.041050903119868636
1 0.3207249802994484 0.21182266009852216 0.02048857368006304 0.03940886699507389
1 0.35855003940110325 0.24794745484400657 0.02048857368006304 0.0361247947454844
1 0.3750985027580772 0.26929392446633826 0.02048857368006304 0.04926108374384237
1 0.3605200945626478 0.21592775041050905 0.016548463356973995 0.034482758620689655
1 0.37825059101654845 0.19540229885057472 0.017336485421591805 0.042692939244663386
1 0.41922773837667454 0.18226600985221675 0.015760441292356184 0.0361247947454844
1 0.4144996059889677 0.23645320197044334 0.017336485421591805 0.03940886699507389
1 0.44602048857368004 0.30870279146141216 0.018912529550827423 0.052545155993431854
1 0.48778565799842394 0.26929392446633826 0.017336485421591805 0.04926108374384237
1 0.4988179669030733 0.20525451559934318 0.017336485421591805 0.042692939244663386
1 0.48187549251379036 0.17159277504105092 0.014972419227738377 0.04433497536945813
1 0.4728132387706856 0.15599343185550082 0.01260835303388495 0.03284072249589491
1 0.5 0.15435139573070608 0.014972419227738377 0.042692939244663386
1 0.5220646178092987 0.16502463054187191 0.016548463356973995 0.047619047619047616
1 0.4637509850275808 0.16584564860426929 0.01182033096926714 0.03284072249589491
1 0.5394011032308904 0.17077175697865354 0.01182033096926714 0.03940886699507389
1 0.5594956658786446 0.16091954022988506 0.015760441292356184 0.03284072249589491
1 0.5630417651694247 0.14039408866995073 0.014972419227738377 0.03776683087027915
1 0.582348305752561 0.1412151067323481 0.015760441292356184 0.03284072249589491
1 0.5811662726556344 0.20279146141215107 0.016548463356973995 0.04433497536945813
1 0.5606776989755713 0.22167487684729065 0.016548463356973995 0.042692939244663386
1 0.6166272655634357 0.17898193760262726 0.014972419227738377 0.0361247947454844
1 0.6272655634357762 0.2110016420361248 0.017336485421591805 0.041050903119868636
1 0.6103230890464934 0.1510673234811166 0.013396375098502758 0.0361247947454844
1 0.6059889676910953 0.12151067323481117 0.01260835303388495 0.029556650246305417
1 0.5894405043341213 0.17405582922824303 0.015760441292356184 0.0361247947454844
1 0.6382978723404256 0.13054187192118227 0.01260835303388495 0.034482758620689655
1 0.6658786446020488 0.12561576354679804 0.014184397163120567 0.034482758620689655
1 0.6666666666666666 0.18555008210180624 0.01260835303388495 0.026272577996715927
1 0.661150512214342 0.16666666666666666 0.01103230890464933 0.027914614121510674
1 0.6922773837667455 0.16748768472906403 0.016548463356973995 0.04597701149425287
1 0.6962174940898345 0.13957307060755336 0.016548463356973995 0.0361247947454844
1 0.7218282111899134 0.15435139573070608 0.015760441292356184 0.03940886699507389
1 0.6934594168636722 0.21592775041050905 0.018912529550827423 0.04433497536945813
1 0.6698187549251379 0.22988505747126436 0.0252167060677699 0.059113300492610835
1 0.6032308904649331 0.30049261083743845 0.026004728132387706 0.06239737274220033
1 0.5772261623325453 0.3341543513957307 0.02442868400315209 0.060755336617405585
1 0.6036249014972419 0.3694581280788177 0.0252167060677699 0.06239737274220033
1 0.6643026004728132 0.4014778325123153 0.029944838455476755 0.06403940886699508
1 0.723404255319149 0.25862068965517243 0.02206461780929866 0.06403940886699508
1 0.7466509062253743 0.2315270935960591 0.016548463356973995 0.04926108374384237
1 0.7620173364854216 0.19786535303776684 0.015760441292356184 0.03776683087027915
1 0.7828999211977935 0.20853858784893267 0.014972419227738377 0.042692939244663386
1 0.7781717888100866 0.18226600985221675 0.016548463356973995 0.03940886699507389
1 0.8152088258471237 0.19376026272577998 0.016548463356973995 0.04597701149425287
1 0.8254531126871553 0.22742200328407225 0.018124507486209612 0.04433497536945813
1 0.7998423955870765 0.2651888341543514 0.02206461780929866 0.054187192118226604
1 0.768715524034673 0.28981937602627256 0.02127659574468085 0.054187192118226604
1 0.7308904649330181 0.4014778325123153 0.027580772261623327 0.06403940886699508
1 0.8006304176516943 0.4540229885057471 0.03309692671394799 0.07717569786535304
1 0.8684003152088259 0.5057471264367817 0.028368794326241134 0.08210180623973727
1 0.8829787234042553 0.4187192118226601 0.026004728132387706 0.0755336617405583
1 0.8652482269503546 0.3390804597701149 0.02206461780929866 0.05747126436781609
1 0.817966903073286 0.3070607553366174 0.02206461780929866 0.059113300492610835
1 0.8750985027580772 0.23316912972085385 0.018124507486209612 0.03940886699507389
1 0.900709219858156 0.22413793103448276 0.015760441292356184 0.031198686371100164
1 0.9038613081166272 0.2602627257799672 0.015760441292356184 0.041050903119868636
1 0.8967691095350669 0.28160919540229884 0.017336485421591805 0.05090311986863711
1 0.9259259259259259 0.3464696223316913 0.02048857368006304 0.04926108374384237
1 0.9401103230890465 0.409688013136289 0.02364066193853428 0.06732348111658457
1 0.9448384554767534 0.3727422003284072 0.018912529550827423 0.04597701149425287
1 0.9775413711583925 0.367816091954023 0.018124507486209612 0.052545155993431854
1 0.9720252167060678 0.30952380952380953 0.018124507486209612 0.05090311986863711
1 0.9885736800630418 0.2684729064039409 0.014972419227738377 0.031198686371100164
1 0.9318360914105595 0.2660098522167488 0.016548463356973995 0.03940886699507389
1 0.9523246650906225 0.24302134646962234 0.013396375098502758 0.03284072249589491