1 0.17933491686460806 0.47430555555555554 0.040380047505938245 0.07083333333333333
1 0.29493269992082344 0.26458333333333334 0.013460015835312747 0.0375
1 0.3321456848772763 0.21319444444444444 0.010292953285827395 0.034722222222222224
1 0.32304038004750596 0.2569444444444444 0.01583531274742676 0.03888888888888889
1 0.34837688044338877 0.2638888888888889 0.01583531274742676 0.041666666666666664
1 0.35312747426761676 0.22916666666666666 0.014251781472684086 0.03611111111111111
1 0.3499604117181314 0.21597222222222223 0.014251781472684086 0.0375
1 0.37292161520190026 0.23958333333333334 0.01583531274742676 0.0375
1 0.38717339667458434 0.25625 0.01741884402216944 0.043055555555555555
1 0.39548693586698336 0.23055555555555557 0.015043547110055424 0.03888888888888889
1 0.4156769596199525 0.26458333333333334 0.02058590657165479 0.05416666666666667
1 0.4117181314330958 0.19444444444444445 0.012668250197941409 0.030555555555555555
1 0.4255740300870942 0.18125 0.011876484560570071 0.02638888888888889
1 0.4398258115597783 0.15416666666666667 0.010292953285827395 0.025
1 0.4513064133016627 0.17152777777777778 0.011084718923198733 0.02638888888888889
1 0.4671417260490895 0.15902777777777777 0.011084718923198733 0.02638888888888889
1 0.4588281868566904 0.23402777777777778 0.0166270783847981 0.043055555555555555
1 0.4972288202692003 0.1875 0.01583531274742676 0.03611111111111111
1 0.5087094220110847 0.12638888888888888 0.00870942201108472 0.019444444444444445
1 0.5182106096595408 0.15833333333333333 0.011876484560570071 0.03888888888888889
1 0.5368171021377672 0.13402777777777777 0.009501187648456057 0.02361111111111111
1 0.546714172604909 0.1625 0.013460015835312747 0.03611111111111111
1 0.556215360253365 0.14097222222222222 0.013460015835312747 0.029166666666666667
1 0.5673000791765638 0.11527777777777778 0.010292953285827395 0.027777777777777776
1 0.5898653998416469 0.10208333333333333 0.011084718923198733 0.02638888888888889
1 0.5807600950118765 0.16527777777777777 0.015043547110055424 0.03611111111111111
1 0.6108471892319873 0.1486111111111111 0.011876484560570071 0.03333333333333333
1 0.620744259699129 0.09444444444444444 0.009501187648456057 0.025
1 0.6437054631828979 0.09652777777777778 0.009501187648456057 0.02361111111111111
1 0.6441013460015835 0.11666666666666667 0.010292953285827395 0.027777777777777776
1 0.6393507521773555 0.13402777777777777 0.011876484560570071 0.029166666666666667
1 0.6049089469517023 0.2125 0.019002375296912115 0.044444444444444446
1 0.5914489311163895 0.12361111111111112 0.009501187648456057 0.027777777777777776
1 0.5985748218527316 0.2513888888888889 0.019002375296912115 0.05555555555555555
1 0.6385589865399842 0.30486111111111114 0.02454473475851148 0.05694444444444444
1 0.6583531274742677 0.24791666666666667 0.022961203483768806 0.05138888888888889
1 0.5617577197149644 0.24861111111111112 0.022961203483768806 0.04722222222222222
1 0.5372129849564529 0.28958333333333336 0.026128266033254157 0.059722222222222225
1 0.6611243072050673 0.2222222222222222 0.019002375296912115 0.05
1 0.6908155186064925 0.21736111111111112 0.01979414093428345 0.05138888888888889
1 0.6567695961995249 0.11458333333333333 0.010292953285827395 0.02638888888888889
1 0.6654790182106096 0.1284722222222222 0.011876484560570071 0.03194444444444444
1 0.6991290577988916 0.10972222222222222 0.011084718923198733 0.025
1 0.7220902612826603 0.1840277777777778 0.01583531274742676 0.0375
1 0.720110847189232 0.13680555555555557 0.013460015835312747 0.034722222222222224
1 0.6908155186064925 0.1625 0.015043547110055424 0.030555555555555555
1 0.7367379255740301 0.1284722222222222 0.010292953285827395 0.03194444444444444
1 0.7466349960411718 0.14375 0.014251781472684086 0.034722222222222224
1 0.7711797307996833 0.12013888888888889 0.009501187648456057 0.020833333333333332
1 0.7541567695961995 0.17291666666666666 0.013460015835312747 0.03194444444444444
1 0.7794932699920823 0.16319444444444445 0.013460015835312747 0.03194444444444444
1 0.8060174188440221 0.12569444444444444 0.011084718923198733 0.03194444444444444
1 0.8111638954869359 0.16111111111111112 0.013460015835312747 0.03333333333333333
1 0.7648456057007126 0.2298611111111111 0.019002375296912115 0.043055555555555555
1 0.7751385589865399 0.20555555555555555 0.01583531274742676 0.03888888888888889
1 0.7684085510688836 0.27847222222222223 0.021377672209026127 0.05416666666666667
1 0.8119556611243072 0.24791666666666667 0.018210609659540775 0.04861111111111111
1 0.8539192399049881 0.25555555555555554 0.01979414093428345 0.05
1 0.8380839271575614 0.12638888888888888 0.011876484560570071 0.030555555555555555
1 0.8222486144101346 0.21805555555555556 0.015043547110055424 0.03333333333333333
1 0.8424386381631037 0.18194444444444444 0.012668250197941409 0.030555555555555555
1 0.8515439429928741 0.16458333333333333 0.013460015835312747 0.034722222222222224
1 0.8562945368171021 0.1451388888888889 0.013460015835312747 0.029166666666666667
1 0.9065716547901821 0.12291666666666666 0.011084718923198733 0.02638888888888889
1 0.9255740300870943 0.12708333333333333 0.014251781472684086 0.03194444444444444
1 0.8950910530482977 0.15069444444444444 0.013460015835312747 0.034722222222222224
1 0.9243863816310373 0.1625 0.013460015835312747 0.03333333333333333
1 0.88756927949327 0.18333333333333332 0.01583531274742676 0.03333333333333333
1 0.9247822644497229 0.20208333333333334 0.012668250197941409 0.03194444444444444
1 0.9212193190815519 0.24305555555555555 0.0166270783847981 0.044444444444444446
1 0.8693586698337292 0.23402777777777778 0.019002375296912115 0.04861111111111111
1 0.9041963578780681 0.30277777777777776 0.023752969121140142 0.06111111111111111
1 0.8788598574821853 0.4125 0.03642121931908155 0.075
1 0.8305621536025336 0.3145833333333333 0.025336500395882817 0.06805555555555555
1 0.7996832937450514 0.3840277777777778 0.030087094220110848 0.07916666666666666