1 0.13453815261044177 0.354014598540146 0.03413654618473896 0.06569343065693431
1 0.29869477911646586 0.21715328467153286 0.015060240963855422 0.032846715328467155
1 0.3077309236947791 0.23813868613138686 0.01706827309236948 0.03467153284671533
1 0.33634538152610444 0.23722627737226276 0.014056224899598393 0.0364963503649635
1 0.3498995983935743 0.20164233576642335 0.013052208835341365 0.03467153284671533
1 0.3348393574297189 0.177007299270073 0.015060240963855422 0.029197080291970802
1 0.36194779116465864 0.23996350364963503 0.019076305220883535 0.041970802919708027
1 0.39006024096385544 0.2527372262773723 0.019076305220883535 0.03467153284671533
1 0.3890562248995984 0.18886861313868614 0.015060240963855422 0.03467153284671533
1 0.4181726907630522 0.1843065693430657 0.015060240963855422 0.032846715328467155
1 0.42369477911646586 0.20346715328467152 0.014056224899598393 0.03467153284671533
1 0.43323293172690763 0.22627737226277372 0.019076305220883535 0.043795620437956206
1 0.4568273092369478 0.21350364963503649 0.01606425702811245 0.029197080291970802
1 0.42369477911646586 0.14416058394160583 0.010040160642570281 0.025547445255474453
1 0.46285140562248994 0.16423357664233576 0.01606425702811245 0.032846715328467155
1 0.4718875502008032 0.14142335766423358 0.014056224899598393 0.03102189781021898
1 0.4884538152610442 0.1760948905109489 0.015060240963855422 0.03467153284671533
1 0.5045180722891566 0.20437956204379562 0.013052208835341365 0.029197080291970802
1 0.4929718875502008 0.1468978102189781 0.014056224899598393 0.02737226277372263
1 0.4904618473895582 0.13594890510948904 0.013052208835341365 0.020072992700729927
1 0.5 0.125 0.012048192771084338 0.023722627737226276
1 0.5160642570281124 0.13777372262773724 0.012048192771084338 0.023722627737226276
1 0.5271084337349398 0.12226277372262774 0.012048192771084338 0.025547445255474453
1 0.5235943775100401 0.17153284671532848 0.015060240963855422 0.0364963503649635
1 0.552710843373494 0.1551094890510949 0.015060240963855422 0.021897810218978103
1 0.5572289156626506 0.1760948905109489 0.01606425702811245 0.03467153284671533
1 0.5517068273092369 0.13777372262773724 0.01104417670682731 0.020072992700729927
1 0.5582329317269076 0.12043795620437957 0.014056224899598393 0.025547445255474453
1 0.5853413654618473 0.11587591240875912 0.012048192771084338 0.03102189781021898
1 0.5928714859437751 0.10492700729927007 0.01104417670682731 0.023722627737226276
1 0.6079317269076305 0.10492700729927007 0.013052208835341365 0.023722627737226276
1 0.5998995983935743 0.1332116788321168 0.013052208835341365 0.021897810218978103
1 0.5883534136546185 0.17153284671532848 0.01606425702811245 0.032846715328467155
1 0.5823293172690763 0.23083941605839417 0.018072289156626505 0.041970802919708027
1 0.5567269076305221 0.2892335766423358 0.03112449799196787 0.05291970802919708
1 0.4954819277108434 0.28284671532846717 0.025100401606425703 0.058394160583941604
1 0.6019076305220884 0.3293795620437956 0.02108433734939759 0.06751824817518248
1 0.6224899598393574 0.2490875912408759 0.020080321285140562 0.04562043795620438
1 0.6275100401606426 0.2062043795620438 0.01606425702811245 0.032846715328467155
1 0.6199799196787149 0.14324817518248176 0.013052208835341365 0.02737226277372263
1 0.6255020080321285 0.12043795620437957 0.012048192771084338 0.025547445255474453
1 0.6335341365461847 0.10401459854014598 0.012048192771084338 0.021897810218978103
1 0.6686746987951807 0.10127737226277372 0.010040160642570281 0.02737226277372263
1 0.6661646586345381 0.1322992700729927 0.01104417670682731 0.02737226277372263
1 0.6691767068273092 0.17791970802919707 0.013052208835341365 0.03467153284671533
1 0.6686746987951807 0.28375912408759124 0.020080321285140562 0.060218978102189784
1 0.696285140562249 0.3147810218978102 0.02710843373493976 0.060218978102189784
1 0.7228915662650602 0.29288321167883213 0.02208835341365462 0.04562043795620438
1 0.7108433734939759 0.2271897810218978 0.018072289156626505 0.03467153284671533
1 0.7073293172690763 0.17791970802919707 0.01706827309236948 0.03467153284671533
1 0.7088353413654619 0.1551094890510949 0.014056224899598393 0.025547445255474453
1 0.6847389558232931 0.11587591240875912 0.012048192771084338 0.02737226277372263
1 0.6922690763052208 0.09671532846715329 0.01104417670682731 0.01824817518248175
1 0.7098393574297188 0.10401459854014598 0.012048192771084338 0.025547445255474453
1 0.748995983935743 0.12682481751824817 0.014056224899598393 0.03102189781021898
1 0.7796184738955824 0.13686131386861314 0.015060240963855422 0.032846715328467155
1 0.751004016064257 0.16514598540145986 0.01606425702811245 0.03467153284671533
1 0.7580321285140562 0.177007299270073 0.01606425702811245 0.032846715328467155
1 0.8012048192771084 0.18156934306569342 0.01606425702811245 0.03467153284671533
1 0.8022088353413654 0.21350364963503649 0.018072289156626505 0.040145985401459854
1 0.7590361445783133 0.2490875912408759 0.02208835341365462 0.041970802919708027
1 0.7740963855421686 0.30656934306569344 0.02208835341365462 0.06204379562043796
1 0.7439759036144579 0.39416058394160586 0.028112449799196786 0.072992700729927
1 0.8242971887550201 0.41058394160583944 0.028112449799196786 0.06204379562043796
1 0.8960843373493976 0.41514598540145986 0.02710843373493976 0.07481751824817519
1 0.9146586345381527 0.333029197080292 0.024096385542168676 0.05656934306569343
1 0.9272088353413654 0.29105839416058393 0.01706827309236948 0.04562043795620438
1 0.8684738955823293 0.26733576642335766 0.020080321285140562 0.04562043795620438
1 0.839859437751004 0.30383211678832117 0.023092369477911646 0.060218978102189784
1 0.8147590361445783 0.2563868613138686 0.02108433734939759 0.05291970802919708
1 0.8820281124497992 0.22262773722627738 0.01706827309236948 0.0364963503649635
1 0.9252008032128514 0.22171532846715328 0.019076305220883535 0.04562043795620438
1 0.8273092369477911 0.16697080291970803 0.01606425702811245 0.023722627737226276