1 0.0975609756097561 0.4121004566210046 0.036585365853658534 0.06164383561643835
1 0.12271341463414634 0.4292237442922374 0.041158536585365856 0.0684931506849315
1 0.18064024390243902 0.4121004566210046 0.03201219512195122 0.05707762557077625
1 0.21875 0.4143835616438356 0.038109756097560975 0.07077625570776255
1 0.2576219512195122 0.4143835616438356 0.03048780487804878 0.05251141552511415
1 0.29496951219512196 0.4531963470319635 0.038109756097560975 0.06164383561643835
1 0.3010670731707317 0.4098173515981735 0.03201219512195122 0.04337899543378995
1 0.2545731707317073 0.5833333333333334 0.042682926829268296 0.07534246575342465
1 0.34603658536585363 0.6073059360730594 0.036585365853658534 0.0593607305936073
1 0.3551829268292683 0.4269406392694064 0.03353658536585366 0.0593607305936073
1 0.4009146341463415 0.4417808219178082 0.036585365853658534 0.06621004566210045
1 0.4245426829268293 0.569634703196347 0.028963414634146343 0.05251141552511415
1 0.4725609756097561 0.5924657534246576 0.03353658536585366 0.06164383561643835
1 0.45884146341463417 0.3995433789954338 0.027439024390243903 0.0547945205479452
1 0.5099085365853658 0.4315068493150685 0.03201219512195122 0.0593607305936073
1 0.5365853658536586 0.3938356164383562 0.03353658536585366 0.04794520547945205
1 0.5182926829268293 0.6141552511415526 0.036585365853658534 0.0639269406392694
1 0.5846036585365854 0.6118721461187214 0.03201219512195122 0.0639269406392694
1 0.5967987804878049 0.4132420091324201 0.038109756097560975 0.0547945205479452
1 0.645579268292683 0.4212328767123288 0.0350609756097561 0.07077625570776255
1 0.6714939024390244 0.4280821917808219 0.0350609756097561 0.06621004566210045
1 0.7149390243902439 0.4041095890410959 0.03353658536585366 0.0593607305936073
1 0.7309451219512195 0.4337899543378995 0.03201219512195122 0.0684931506849315
1 0.7858231707317073 0.4098173515981735 0.0350609756097561 0.06621004566210045
1 0.8132621951219512 0.4269406392694064 0.041158536585365856 0.0730593607305936
1 0.8765243902439024 0.4372146118721461 0.04878048780487805 0.07990867579908675
1 0.9237804878048781 0.4212328767123288 0.04878048780487805 0.07990867579908675