1 0.10337078651685393 0.25 0.0853932584269663 0.14
1 0.19213483146067414 0.395 0.0651685393258427 0.10333333333333333
1 0.20337078651685395 0.3566666666666667 0.051685393258426963 0.07333333333333333
1 0.35842696629213483 0.3383333333333333 0.038202247191011236 0.07
1 0.4067415730337079 0.3516666666666667 0.05393258426966292 0.09
1 0.4640449438202247 0.36333333333333334 0.051685393258426963 0.10666666666666667
1 0.6269662921348315 0.35 0.0449438202247191 0.09333333333333334
1 0.6921348314606741 0.35 0.05393258426966292 0.09333333333333334
1 0.7865168539325843 0.43166666666666664 0.12134831460674157 0.17666666666666667
1 0.8303370786516854 0.3283333333333333 0.04719101123595506 0.08333333333333333
1 0.9314606741573034 0.3333333333333333 0.056179775280898875 0.1