1 0.9483333333333334 0.7044444444444444 0.10166666666666667 0.39555555555555555
1 0.8083333333333333 0.2651851851851852 0.03666666666666667 0.06814814814814815
1 0.7654166666666666 0.302962962962963 0.0425 0.09333333333333334
1 0.7004166666666667 0.29185185185185186 0.0425 0.08
1 0.6141666666666666 0.36592592592592593 0.06 0.10074074074074074
1 0.5541666666666667 0.3933333333333333 0.07166666666666667 0.1437037037037037
1 0.5908333333333333 0.3162962962962963 0.03666666666666667 0.08444444444444445
1 0.52375 0.30592592592592593 0.034166666666666665 0.06074074074074074
1 0.4708333333333333 0.35185185185185186 0.051666666666666666 0.09925925925925926
1 0.3875 0.3985185185185185 0.06166666666666667 0.10666666666666667
1 0.40041666666666664 0.3362962962962963 0.04083333333333333 0.07407407407407407
1 0.34 0.5407407407407407 0.12 0.18666666666666668
1 0.19666666666666666 0.4948148148148148 0.08333333333333333 0.17185185185185184
1 0.23583333333333334 0.422962962962963 0.06666666666666667 0.12
1 0.2816666666666667 0.36148148148148146 0.041666666666666664 0.08592592592592592
1 0.2975 0.31925925925925924 0.03166666666666667 0.054814814814814816
1 0.3425 0.32666666666666666 0.03166666666666667 0.06962962962962962
1 0.23708333333333334 0.3274074074074074 0.0475 0.06814814814814815
1 0.19583333333333333 0.3511111111111111 0.03666666666666667 0.07407407407407407
1 0.14583333333333334 0.422962962962963 0.05 0.09333333333333334
1 0.1225 0.3718518518518519 0.045 0.08888888888888889
1 0.04875 0.3688888888888889 0.0475 0.06222222222222222