1 0.09245867768595041 0.5696373456790124 0.09762396694214875 0.16087962962962962
1 0.0737345041322314 0.6186342592592593 0.09065082644628099 0.15007716049382716
1 0.20738636363636365 0.5889274691358025 0.10537190082644628 0.18479938271604937
1 0.053848140495867766 0.44753086419753085 0.04261363636363636 0.07098765432098765
1 0.06921487603305786 0.4220679012345679 0.04803719008264463 0.07407407407407407
1 0.14914772727272727 0.4216820987654321 0.03899793388429752 0.05632716049382716
1 0.16516012396694216 0.4039351851851852 0.034865702479338845 0.06481481481481481
1 0.2059659090909091 0.4012345679012346 0.036931818181818184 0.05324074074074074
1 0.24573863636363635 0.4027777777777778 0.044163223140495866 0.07098765432098765
1 0.3215392561983471 0.3616898148148148 0.029442148760330578 0.055169753086419755
1 0.3340650826446281 0.3167438271604938 0.02918388429752066 0.05092592592592592
1 0.34801136363636365 0.511766975308642 0.06585743801652892 0.11149691358024691
1 0.3597623966942149 0.4471450617283951 0.05165289256198347 0.0779320987654321
1 0.40353822314049587 0.47511574074074076 0.050878099173553716 0.10532407407407407
1 0.4380165289256198 0.4675925925925926 0.0640495867768595 0.09182098765432099
1 0.47339876033057854 0.46064814814814814 0.049586776859504134 0.08256172839506173
1 0.35679235537190085 0.3896604938271605 0.028667355371900828 0.05324074074074074
1 0.3738378099173554 0.38445216049382713 0.02815082644628099 0.048996913580246916
1 0.534349173553719 0.4444444444444444 0.04597107438016529 0.07098765432098765
1 0.50025826446281 0.42997685185185186 0.033574380165289255 0.058256172839506175
1 0.5829028925619835 0.44232253086419754 0.03977272727272727 0.06674382716049383
1 0.6199638429752066 0.47588734567901236 0.050878099173553716 0.08140432098765432
1 0.5860020661157025 0.38773148148148145 0.02221074380165289 0.038580246913580245
1 0.6020144628099173 0.40335648148148145 0.027892561983471075 0.05131172839506173
1 0.6366219008264463 0.4168595679012346 0.02737603305785124 0.04050925925925926
1 0.6579287190082644 0.4085648148148148 0.030733471074380167 0.0470679012345679
1 0.6952479338842975 0.41165123456790126 0.03409090909090909 0.05092592592592592
1 0.6222882231404959 0.3121141975308642 0.030733471074380167 0.05015432098765432
1 0.9008264462809917 0.35165895061728397 0.04597107438016529 0.06674382716049383