1 0.10111111111111111 0.37666666666666665 0.09111111111111111 0.16666666666666666
1 0.22666666666666666 0.3233333333333333 0.044444444444444446 0.06666666666666667
1 0.29444444444444445 0.34 0.042222222222222223 0.08
1 0.37555555555555553 0.325 0.03111111111111111 0.07
1 0.34555555555555556 0.3283333333333333 0.03333333333333333 0.056666666666666664
1 0.4022222222222222 0.325 0.035555555555555556 0.06333333333333334
1 0.47 0.3016666666666667 0.028888888888888888 0.05
1 0.6444444444444445 0.35833333333333334 0.044444444444444446 0.08333333333333333
1 0.7288888888888889 0.5616666666666666 0.04888888888888889 0.08333333333333333
1 0.5022222222222222 0.5033333333333333 0.044444444444444446 0.06666666666666667
1 0.3888888888888889 0.5283333333333333 0.05333333333333334 0.08333333333333333
1 0.26222222222222225 0.5516666666666666 0.05333333333333334 0.07666666666666666
1 0.7388888888888889 0.47333333333333333 0.024444444444444446 0.04666666666666667
1 0.7622222222222222 0.455 0.017777777777777778 0.03666666666666667
1 0.7922222222222223 0.38166666666666665 0.024444444444444446 0.05
1 0.86 0.3616666666666667 0.04 0.09666666666666666
1 0.8544444444444445 0.4816666666666667 0.11777777777777777 0.17
1 0.9711111111111111 0.6516666666666666 0.057777777777777775 0.10333333333333333