1 0.10234375 0.35058823529411764 0.0515625 0.10352941176470588
1 0.15546875 0.5588235294117647 0.0921875 0.15294117647058825
1 0.25234375 0.5270588235294118 0.0734375 0.15529411764705883
1 0.2234375 0.40941176470588236 0.040625 0.06588235294117648
1 0.42421875 0.4435294117647059 0.0734375 0.12470588235294118
1 0.6453125 0.7211764705882353 0.1375 0.27058823529411763
1 0.6484375 0.5494117647058824 0.084375 0.13411764705882354
1 0.6078125 0.4682352941176471 0.06875 0.1223529411764706
1 0.80078125 0.5870588235294117 0.1015625 0.20470588235294118
1 0.859375 0.5258823529411765 0.071875 0.15764705882352942
1 0.8140625 0.3988235294117647 0.0375 0.06823529411764706
1 0.95390625 0.4011764705882353 0.0421875 0.1011764705882353