1 0.3380281690140845 0.21403197158081705 0.014084507042253521 0.03374777975133215
1 0.44366197183098594 0.22380106571936056 0.02012072434607646 0.03907637655417407
1 0.4904426559356137 0.22735346358792186 0.023138832997987926 0.035523978685612786
1 0.5070422535211268 0.18738898756660746 0.02012072434607646 0.04085257548845471
1 0.5487927565392354 0.19626998223801065 0.01710261569416499 0.04085257548845471
1 0.5860160965794768 0.17673179396092362 0.015090543259557344 0.03374777975133215
1 0.7062374245472837 0.12433392539964476 0.018108651911468814 0.035523978685612786
1 0.6750503018108652 0.18738898756660746 0.01609657947686117 0.03019538188277087
1 0.6388329979879276 0.25932504440497334 0.02414486921529175 0.05328596802841918
1 0.7228370221327968 0.2984014209591474 0.025150905432595575 0.06394316163410302
1 0.8189134808853119 0.1349911190053286 0.018108651911468814 0.04262877442273535
1 0.8888329979879276 0.13765541740674955 0.019114688128772636 0.04440497335701599
1 0.8340040241448692 0.2344582593250444 0.018108651911468814 0.04262877442273535
1 0.8415492957746479 0.3419182948490231 0.02716297786720322 0.05150976909413854
1 0.9295774647887324 0.28596802841918295 0.02012072434607646 0.035523978685612786
1 0.6207243460764588 0.14653641207815277 0.012072434607645875 0.02664298401420959