1 0.14933333333333335 0.162 0.192 0.268
1 0.2853333333333333 0.326 0.05333333333333334 0.084
1 0.2946666666666667 0.276 0.029333333333333333 0.056
1 0.328 0.248 0.02666666666666667 0.048
1 0.37066666666666664 0.248 0.02666666666666667 0.056
1 0.38666666666666666 0.288 0.032 0.064
1 0.4226666666666667 0.34 0.04533333333333334 0.072
1 0.44533333333333336 0.268 0.032 0.056
1 0.5173333333333333 0.27 0.032 0.052
1 0.664 0.274 0.032 0.044
1 0.688 0.29 0.02666666666666667 0.068
1 0.7333333333333333 0.358 0.058666666666666666 0.108
1 0.8053333333333333 0.31 0.042666666666666665 0.076
1 0.836 0.304 0.029333333333333333 0.056
1 0.9413333333333334 0.396 0.08533333333333333 0.12
1 0.944 0.32 0.05333333333333334 0.088
1 0.824 0.52 0.13866666666666666 0.216