1 0.06067732831608655 0.385 0.03292568203198495 0.07
1 0.31326434619002824 0.23083333333333333 0.01881467544684854 0.035
1 0.5700846660395108 0.125 0.015051740357478834 0.03
1 0.7793979303857008 0.12666666666666668 0.017873941674506115 0.043333333333333335
1 0.8320790216368767 0.13083333333333333 0.017873941674506115 0.035
1 0.36970837253057387 0.19416666666666665 0.020696142991533398 0.041666666666666664
1 0.3330197554092192 0.225 0.016933207902163686 0.03333333333333333
1 0.3880526810912512 0.19666666666666666 0.01975540921919097 0.02666666666666667
1 0.42521166509877706 0.18083333333333335 0.01881467544684854 0.035
1 0.3570084666039511 0.24083333333333334 0.02916274694261524 0.051666666666666666
1 0.3880526810912512 0.25916666666666666 0.023518344308560677 0.04833333333333333
1 0.4341486359360301 0.23083333333333333 0.021636876763875823 0.04833333333333333
1 0.44543744120413925 0.1875 0.01975540921919097 0.041666666666666664
1 0.47130761994355597 0.2325 0.020696142991533398 0.045
1 0.5079962370649106 0.31083333333333335 0.022577610536218252 0.041666666666666664
1 0.5112888052681092 0.18583333333333332 0.01975540921919097 0.03833333333333333
1 0.5315145813734713 0.15 0.01881467544684854 0.03666666666666667
1 0.5555032925682032 0.16666666666666666 0.02539981185324553 0.05
1 0.5653809971777987 0.215 0.022577610536218252 0.043333333333333335
1 0.590310442144873 0.16666666666666666 0.02916274694261524 0.04666666666666667
1 0.5940733772342427 0.12666666666666668 0.01599247412982126 0.04
1 0.6171213546566322 0.1425 0.022577610536218252 0.041666666666666664
1 0.6265286923800565 0.2075 0.020696142991533398 0.045
1 0.5578551269990593 0.3125 0.024459078080903106 0.055
1 0.6048918156161807 0.33416666666666667 0.030103480714957668 0.06166666666666667
1 0.6067732831608654 0.255 0.02634054562558796 0.06
1 0.6759172154280338 0.26 0.02539981185324553 0.043333333333333335
1 0.6547507055503292 0.19666666666666666 0.020696142991533398 0.04
1 0.674035747883349 0.22166666666666668 0.021636876763875823 0.043333333333333335
1 0.7102539981185324 0.21166666666666667 0.024459078080903106 0.05333333333333334
1 0.7361241768579492 0.15666666666666668 0.023518344308560677 0.05333333333333334
1 0.7130761994355598 0.15333333333333332 0.020696142991533398 0.043333333333333335
1 0.7243650047036688 0.275 0.02634054562558796 0.056666666666666664
1 0.7723424270931326 0.26916666666666667 0.041392285983066796 0.06166666666666667
1 0.7695202257761053 0.22083333333333333 0.02634054562558796 0.045
1 0.7888052681091251 0.19916666666666666 0.031044214487300093 0.051666666666666666
1 0.8123236124176858 0.15083333333333335 0.01975540921919097 0.041666666666666664
1 0.861241768579492 0.16833333333333333 0.017873941674506115 0.03666666666666667
1 0.8334901222953904 0.21833333333333332 0.016933207902163686 0.043333333333333335
1 0.8894637817497648 0.19666666666666666 0.01975540921919097 0.043333333333333335
1 0.8631232361241769 0.25083333333333335 0.02539981185324553 0.051666666666666666
1 0.8443085606773283 0.31333333333333335 0.02539981185324553 0.07666666666666666
1 0.8955785512699906 0.3775 0.03386641580432737 0.07833333333333334
1 0.9266227657572906 0.235 0.024459078080903106 0.05
1 0.6984948259642522 0.16166666666666665 0.01599247412982126 0.03666666666666667
1 0.583725305738476 0.1425 0.021636876763875823 0.035
1 0.7737535277516463 0.16333333333333333 0.021636876763875823 0.04666666666666667
1 0.7892756349952963 0.15583333333333332 0.01881467544684854 0.04833333333333333
1 0.4026340545625588 0.21833333333333332 0.01881467544684854 0.03666666666666667
1 0.5305738476011289 0.21 0.020696142991533398 0.04666666666666667
1 0.742238946378175 0.205 0.022577610536218252 0.05
1 0.8969896519285042 0.1725 0.012229539040451553 0.03166666666666667
1 0.9200376293508937 0.265 0.020696142991533398 0.05333333333333334
1 0.8499529633113829 0.175 0.01975540921919097 0.04