1 0.27844311377245506 0.5059880239520959 0.07784431137724551 0.1377245508982036
1 0.5139720558882236 0.5104790419161677 0.09381237524950099 0.1347305389221557
1 0.48602794411177647 0.44011976047904194 0.07784431137724551 0.10778443113772455
1 0.47105788423153694 0.2994011976047904 0.06387225548902195 0.11976047904191617
1 0.5518962075848304 0.2275449101796407 0.05389221556886228 0.10778443113772455
1 0.6676646706586826 0.41916167664670656 0.08982035928143713 0.1437125748502994
1 0.6776447105788423 0.31137724550898205 0.06986027944111776 0.1377245508982036
1 0.8622754491017964 0.5164670658682635 0.11976047904191617 0.18263473053892215
1 0.8622754491017964 0.3937125748502994 0.08782435129740519 0.11077844311377245
1 0.8502994011976048 0.30988023952095806 0.08383233532934131 0.12874251497005987
1 0.9620758483033932 0.3458083832335329 0.07584830339321358 0.15868263473053892
1 0.7614770459081837 0.18712574850299402 0.05389221556886228 0.09880239520958084
1 0.8033932135728543 0.1347305389221557 0.06187624750499002 0.10179640718562874
1 0.8672654690618763 0.0658682634730539 0.0499001996007984 0.08982035928143713
1 0.9820359281437125 0.12125748502994012 0.03592814371257485 0.0748502994011976
1 0.7025948103792415 0.029940119760479042 0.03992015968063872 0.05389221556886228
1 0.7664670658682635 0.02844311377245509 0.043912175648702596 0.05089820359281437
1 0.6147704590818364 0.06287425149700598 0.043912175648702596 0.0718562874251497
1 0.5479041916167665 0.09580838323353294 0.041916167664670656 0.0718562874251497
1 0.5059880239520959 0.08233532934131736 0.033932135728542916 0.0688622754491018
1 0.49500998003992014 0.040419161676646706 0.031936127744510975 0.05089820359281437
1 0.44011976047904194 0.08233532934131736 0.041916167664670656 0.06287425149700598
1 0.46107784431137727 0.15868263473053892 0.05189620758483034 0.08383233532934131
1 0.3912175648702595 0.10329341317365269 0.05189620758483034 0.09281437125748503
1 0.39520958083832336 0.04940119760479042 0.043912175648702596 0.0688622754491018
1 0.2934131736526946 0.05239520958083832 0.03992015968063872 0.06287425149700598
1 0.2904191616766467 0.1062874251497006 0.041916167664670656 0.0748502994011976
1 0.27345309381237526 0.19610778443113772 0.04790419161676647 0.08682634730538923
1 0.18562874251497005 0.15868263473053892 0.07584830339321358 0.12574850299401197
1 0.10878243512974052 0.2440119760479042 0.07385229540918163 0.12874251497005987
1 0.13273453093812376 0.17664670658682635 0.05389221556886228 0.10179640718562874
1 0.19860279441117765 0.04341317365269461 0.033932135728542916 0.06287425149700598
1 0.03992015968063872 0.16467065868263472 0.04790419161676647 0.07784431137724551
1 0.06087824351297405 0.08383233532934131 0.03792415169660679 0.0718562874251497