1 0.17220902612826602 0.4571026722925457 0.040380047505938245 0.08157524613220815
1 0.23238321456848773 0.33263009845288327 0.0166270783847981 0.029535864978902954
1 0.2608867775138559 0.34528832630098455 0.0166270783847981 0.040787623066104076
1 0.283452098178939 0.3059071729957806 0.014251781472684086 0.026722925457102673
1 0.2838479809976247 0.3670886075949367 0.0166270783847981 0.03656821378340366
1 0.3285827395091053 0.3649789029535865 0.02058590657165479 0.046413502109704644
1 0.3527315914489311 0.29324894514767935 0.0166270783847981 0.029535864978902954
1 0.3475851148060174 0.32841068917018285 0.01741884402216944 0.026722925457102673
1 0.3749010292953286 0.33122362869198313 0.0166270783847981 0.0379746835443038
1 0.4002375296912114 0.33755274261603374 0.0166270783847981 0.03375527426160337
1 0.39073634204275537 0.2672292545710267 0.011876484560570071 0.02531645569620253
1 0.40419635787806807 0.25949367088607594 0.013460015835312747 0.026722925457102673
1 0.4220110847189232 0.27637130801687765 0.012668250197941409 0.026722925457102673
1 0.4358669833729216 0.34528832630098455 0.0166270783847981 0.04360056258790436
1 0.4576405384006334 0.3234880450070324 0.019002375296912115 0.03656821378340366
1 0.4972288202692003 0.3263009845288326 0.019002375296912115 0.03938115330520394
1 0.44615993665874903 0.2517580872011252 0.013460015835312747 0.03375527426160337
1 0.46476642913697547 0.2679324894514768 0.012668250197941409 0.03234880450070324
1 0.4916864608076009 0.26863572433192684 0.012668250197941409 0.03375527426160337
1 0.5106888361045131 0.28340365682137836 0.01583531274742676 0.0379746835443038
1 0.5118764845605701 0.2419127988748242 0.013460015835312747 0.02531645569620253
1 0.5245447347585115 0.2538677918424754 0.013460015835312747 0.03234880450070324
1 0.5653206650831354 0.27918424753867793 0.014251781472684086 0.040787623066104076
1 0.5605700712589073 0.24753867791842477 0.012668250197941409 0.02812939521800281
1 0.5831353919239906 0.24964838255977498 0.013460015835312747 0.029535864978902954
1 0.599366587490103 0.20745428973277075 0.011084718923198733 0.029535864978902954
1 0.6132224861441014 0.2180028129395218 0.011876484560570071 0.03375527426160337
1 0.6258907363420427 0.2545710267229255 0.013460015835312747 0.03375527426160337
1 0.45486935866983375 0.4022503516174402 0.026128266033254157 0.05625879043600562
1 0.549089469517023 0.34739803094233473 0.021377672209026127 0.0450070323488045
1 0.5281076801266825 0.4170182841068917 0.023752969121140142 0.052039381153305204
1 0.5534441805225653 0.4472573839662447 0.03167062549485352 0.06751054852320675
1 0.5859065716547902 0.3234880450070324 0.019002375296912115 0.0450070323488045
1 0.6167854315122724 0.3108298171589311 0.019002375296912115 0.03656821378340366
1 0.5977830562153602 0.38748241912798875 0.019002375296912115 0.04360056258790436
1 0.6318289786223278 0.3909985935302391 0.023752969121140142 0.05907172995780591
1 0.6231195566112431 0.459915611814346 0.03167062549485352 0.06751054852320675
1 0.6429136975455265 0.33263009845288327 0.01583531274742676 0.040787623066104076
1 0.6603325415676959 0.26863572433192684 0.014251781472684086 0.03375527426160337
1 0.6896278701504355 0.2609001406469761 0.012668250197941409 0.03234880450070324
1 0.6726049089469517 0.34810126582278483 0.018210609659540775 0.046413502109704644
1 0.7030878859857482 0.2876230661040788 0.014251781472684086 0.035161744022503515
1 0.7157561361836896 0.25668073136427566 0.012668250197941409 0.029535864978902954
1 0.723673792557403 0.24542897327707455 0.012668250197941409 0.026722925457102673
1 0.733174980205859 0.23277074542897327 0.012668250197941409 0.03234880450070324
1 0.7593032462391133 0.23839662447257384 0.014251781472684086 0.026722925457102673
1 0.7533650039588282 0.26863572433192684 0.015043547110055424 0.03656821378340366
1 0.7395091053048297 0.2960618846694796 0.01583531274742676 0.040787623066104076
1 0.7826603325415677 0.30872011251758086 0.013460015835312747 0.03234880450070324
1 0.8147268408551069 0.26582278481012656 0.014251781472684086 0.02812939521800281
1 0.8317498020585906 0.2616033755274262 0.011876484560570071 0.02250351617440225
1 0.8491686460807601 0.2559774964838256 0.011876484560570071 0.030942334739803096
1 0.8368962787015044 0.2819971870604782 0.01583531274742676 0.0379746835443038
1 0.8285827395091053 0.31926863572433195 0.0166270783847981 0.03656821378340366
1 0.8745051464766429 0.28340365682137836 0.013460015835312747 0.029535864978902954
1 0.9065716547901821 0.26933895921237694 0.011084718923198733 0.029535864978902954
1 0.9081551860649247 0.3129395218002813 0.014251781472684086 0.029535864978902954
1 0.8052256532066508 0.34177215189873417 0.01741884402216944 0.0450070323488045
1 0.7905779889152811 0.36146272855133615 0.01979414093428345 0.053445850914205346
1 0.8653998416468726 0.35864978902953587 0.01741884402216944 0.04219409282700422
1 0.8729216152019003 0.3227848101265823 0.015043547110055424 0.035161744022503515
1 0.9026128266033254 0.35724331926863573 0.019002375296912115 0.04219409282700422
1 0.7145684877276326 0.4022503516174402 0.022961203483768806 0.053445850914205346
1 0.6876484560570071 0.4866385372714487 0.030878859857482184 0.08157524613220815
1 0.7513855898653998 0.4282700421940928 0.023752969121140142 0.05485232067510549
1 0.7925574030087095 0.5365682137834037 0.023752969121140142 0.07454289732770746
1 0.8198733174980206 0.4571026722925457 0.026128266033254157 0.05625879043600562
1 0.886381631037213 0.39029535864978904 0.01979414093428345 0.04922644163150492
1 0.8764845605700713 0.4578059071729958 0.026920031670625493 0.06610407876230662
1 0.7937450514647665 0.2777777777777778 0.011876484560570071 0.035161744022503515
1 0.4010292953285827 0.3059071729957806 0.013460015835312747 0.029535864978902954
1 0.42913697545526525 0.30942334739803096 0.01583531274742676 0.03656821378340366
1 0.5471100554235946 0.22081575246132207 0.009501187648456057 0.02531645569620253
1 0.5609659540775931 0.22151898734177214 0.011876484560570071 0.026722925457102673
1 0.6369754552652415 0.21659634317862167 0.00870942201108472 0.02250351617440225
1 0.6539984164687253 0.23347398030942335 0.009501187648456057 0.02250351617440225
1 0.6623119556611243 0.23066104078762306 0.010292953285827395 0.02250351617440225
1 0.8368962787015044 0.40717299578059074 0.01583531274742676 0.040787623066104076