1 0.07395348837209302 0.5166389351081531 0.0586046511627907 0.1281198003327787
1 0.26046511627906976 0.28286189683860236 0.01674418604651163 0.036605657237936774
1 0.2855813953488372 0.2737104825291181 0.01674418604651163 0.03494176372712146
1 0.30093023255813955 0.259567387687188 0.023255813953488372 0.03993344425956739
1 0.30883720930232555 0.2870216306156406 0.014883720930232559 0.03826955074875208
1 0.33395348837209304 0.281198003327787 0.024186046511627906 0.04326123128119801
1 0.31627906976744186 0.23211314475873543 0.01674418604651163 0.03161397670549085
1 0.34418604651162793 0.2113144758735441 0.014883720930232559 0.033277870216306155
1 0.35255813953488374 0.23710482529118138 0.018604651162790697 0.04159733777038269
1 0.406046511627907 0.28369384359401 0.026976744186046512 0.04492512479201331
1 0.3776744186046512 0.23128119800332778 0.020465116279069766 0.036605657237936774
1 0.386046511627907 0.2021630615640599 0.020465116279069766 0.04159733777038269
1 0.4116279069767442 0.22628951747088186 0.01953488372093023 0.03993344425956739
1 0.4641860465116279 0.23544093178036607 0.020465116279069766 0.04492512479201331
1 0.4265116279069767 0.18386023294509152 0.01581395348837209 0.03494176372712146
1 0.40930232558139534 0.17054908485856904 0.014883720930232559 0.024958402662229616
1 0.4469767441860465 0.20382695507487522 0.017674418604651163 0.03494176372712146
1 0.4697674418604651 0.19717138103161397 0.014883720930232559 0.03161397670549085
1 0.48372093023255813 0.20049916805324458 0.020465116279069766 0.03826955074875208
1 0.5283720930232558 0.21630615640599002 0.018604651162790697 0.033277870216306155
1 0.45209302325581396 0.14226289517470883 0.011162790697674419 0.028286189683860232
1 0.4595348837209302 0.1622296173044925 0.013023255813953489 0.028286189683860232
1 0.47767441860465115 0.16306156405990016 0.013953488372093023 0.026622296173044926
1 0.47348837209302325 0.1497504159733777 0.013023255813953489 0.026622296173044926
1 0.4846511627906977 0.1389351081530782 0.011162790697674419 0.028286189683860232
1 0.5023255813953489 0.17054908485856904 0.013023255813953489 0.03161397670549085
1 0.5260465116279069 0.14143094841930118 0.017674418604651163 0.033277870216306155
1 0.5348837209302325 0.1281198003327787 0.014883720930232559 0.029950083194675542
1 0.5469767441860465 0.15806988352745424 0.018604651162790697 0.036605657237936774
1 0.5781395348837209 0.17221297836938437 0.017674418604651163 0.03826955074875208
1 0.5553488372093023 0.11480865224625623 0.014883720930232559 0.026622296173044926
1 0.5846511627906976 0.10732113144758736 0.013953488372093023 0.028286189683860232
1 0.5925581395348837 0.12063227953410982 0.011162790697674419 0.024958402662229616
1 0.6088372093023255 0.11314475873544093 0.012093023255813953 0.026622296173044926
1 0.6139534883720931 0.09900166389351081 0.013023255813953489 0.028286189683860232
1 0.6232558139534884 0.13643926788685523 0.014883720930232559 0.033277870216306155
1 0.6367441860465116 0.10316139767054909 0.012093023255813953 0.026622296173044926
1 0.6474418604651163 0.11564059900166389 0.014883720930232559 0.03161397670549085
1 0.6716279069767442 0.12396006655574043 0.01674418604651163 0.03161397670549085
1 0.687906976744186 0.1464226289517471 0.017674418604651163 0.036605657237936774
1 0.6972093023255814 0.0973377703826955 0.013953488372093023 0.03826955074875208
1 0.7065116279069767 0.13560732113144758 0.017674418604651163 0.03826955074875208
1 0.6511627906976745 0.17221297836938437 0.020465116279069766 0.04492512479201331
1 0.6041860465116279 0.21797004991680533 0.025116279069767444 0.04658901830282862
1 0.5674418604651162 0.2454242928452579 0.022325581395348838 0.04492512479201331
1 0.6120930232558139 0.26622296173044924 0.027906976744186046 0.056572379367720464
1 0.533953488372093 0.3144758735440932 0.03348837209302326 0.06988352745424292
1 0.4883720930232558 0.2945091514143095 0.03348837209302326 0.056572379367720464
1 0.5772093023255814 0.36772046589018303 0.03255813953488372 0.06655574043261231
1 0.6730232558139535 0.3286189683860233 0.03255813953488372 0.07820299500831947
1 0.6679069767441861 0.259567387687188 0.026046511627906978 0.056572379367720464
1 0.7037209302325581 0.28868552412645593 0.026976744186046512 0.05823627287853577
1 0.6613953488372093 0.2129783693843594 0.024186046511627906 0.05324459234608985
1 0.686046511627907 0.18552412645590682 0.01581395348837209 0.04159733777038269
1 0.7027906976744186 0.22296173044925124 0.023255813953488372 0.04991680532445923
1 0.7362790697674418 0.19883527454242927 0.021395348837209303 0.051580698835274545
1 0.7576744186046511 0.22961730449251247 0.025116279069767444 0.056572379367720464
1 0.781860465116279 0.28452579034941766 0.030697674418604652 0.06655574043261231
1 0.8655813953488372 0.2237936772046589 0.017674418604651163 0.04159733777038269
1 0.8883720930232558 0.20632279534109818 0.014883720930232559 0.03993344425956739
1 0.9209302325581395 0.2703826955074875 0.022325581395348838 0.05490848585690516
1 0.9209302325581395 0.19384359400998336 0.014883720930232559 0.04492512479201331
1 0.9255813953488372 0.1589018302828619 0.014883720930232559 0.03826955074875208
1 0.8879069767441861 0.16722129783693843 0.01581395348837209 0.03494176372712146
1 0.893953488372093 0.12728785357737105 0.011162790697674419 0.03161397670549085
1 0.8693023255813953 0.13227953410981697 0.013953488372093023 0.03161397670549085
1 0.8627906976744186 0.15391014975041598 0.013953488372093023 0.028286189683860232
1 0.8469767441860465 0.1821963394342762 0.01953488372093023 0.03494176372712146
1 0.7986046511627907 0.17970049916805325 0.01953488372093023 0.04326123128119801
1 0.8134883720930233 0.16638935108153077 0.017674418604651163 0.03993344425956739
1 0.8274418604651163 0.14226289517470883 0.013953488372093023 0.03494176372712146
1 0.812093023255814 0.1264559068219634 0.011162790697674419 0.033277870216306155
1 0.7906976744186046 0.1314475873544093 0.013023255813953489 0.033277870216306155
1 0.7832558139534884 0.11480865224625623 0.014883720930232559 0.033277870216306155
1 0.761860465116279 0.12895174708818635 0.014883720930232559 0.03161397670549085
1 0.7576744186046511 0.16139767054908485 0.01581395348837209 0.036605657237936774
1 0.7255813953488373 0.1589018302828619 0.018604651162790697 0.03494176372712146
1 0.7376744186046512 0.12562396006655574 0.013023255813953489 0.03494176372712146
1 0.7502325581395349 0.1281198003327787 0.01581395348837209 0.036605657237936774