1 0.069140625 0.1369969040247678 0.02109375 0.05417956656346749
1 0.047265625 0.17492260061919504 0.02578125 0.058823529411764705
1 0.054296875 0.27941176470588236 0.04921875 0.0913312693498452
1 0.0234375 0.3684210526315789 0.0421875 0.1238390092879257
1 0.021484375 0.5007739938080495 0.04140625 0.2089783281733746
1 0.154296875 0.36455108359133126 0.07421875 0.16563467492260062
1 0.093359375 0.25 0.03671875 0.06656346749226007
1 0.103515625 0.33746130030959753 0.04609375 0.09597523219814241
1 0.15234375 0.25773993808049533 0.0296875 0.06346749226006192
1 0.174609375 0.20743034055727555 0.02734375 0.05263157894736842
1 0.175 0.17337461300309598 0.021875 0.058823529411764705
1 0.2171875 0.25696594427244585 0.0390625 0.07430340557275542
1 0.23515625 0.33436532507739936 0.05 0.10526315789473684
1 0.2796875 0.29256965944272445 0.0359375 0.09287925696594428
1 0.308203125 0.31037151702786375 0.03203125 0.07275541795665634
1 0.35390625 0.47832817337461303 0.10625 0.23529411764705882
1 0.408984375 0.41563467492260064 0.06328125 0.14396284829721362
1 0.41953125 0.2848297213622291 0.040625 0.11145510835913312
1 0.547265625 0.34055727554179566 0.03671875 0.08978328173374613
1 0.545703125 0.2979876160990712 0.03359375 0.07275541795665634
1 0.595703125 0.3258513931888545 0.06328125 0.13157894736842105
1 0.506640625 0.0998452012383901 0.03046875 0.06346749226006192
1 0.693359375 0.3258513931888545 0.03828125 0.09442724458204334
1 0.685546875 0.4373065015479876 0.07421875 0.13157894736842105
1 0.7296875 0.6300309597523219 0.1390625 0.3157894736842105
1 0.81484375 0.3746130030959752 0.059375 0.14551083591331268
1 0.7859375 0.3304953560371517 0.0390625 0.1130030959752322
1 0.865625 0.29024767801857587 0.0421875 0.09442724458204334
1 0.93671875 0.32120743034055727 0.053125 0.1130030959752322