1 0.18699186991869918 0.38061041292639136 0.04065040650406504 0.07540394973070018
1 0.2972560975609756 0.21723518850987433 0.01524390243902439 0.03590664272890485
1 0.30640243902439024 0.23967684021543986 0.017276422764227643 0.03770197486535009
1 0.3231707317073171 0.24506283662477557 0.018292682926829267 0.04129263913824058
1 0.34603658536585363 0.2495511669658887 0.017276422764227643 0.03590664272890485
1 0.3541666666666667 0.20377019748653502 0.017276422764227643 0.03411131059245961
1 0.34247967479674796 0.18402154398563733 0.012195121951219513 0.02333931777378815
1 0.3785569105691057 0.20107719928186715 0.017276422764227643 0.03231597845601436
1 0.3800813008130081 0.24416517055655296 0.018292682926829267 0.03590664272890485
1 0.41310975609756095 0.24236983842010773 0.019308943089430895 0.03590664272890485
1 0.4136178861788618 0.19210053859964094 0.012195121951219513 0.02872531418312388
1 0.4141260162601626 0.1606822262118492 0.011178861788617886 0.02333931777378815
1 0.4405487804878049 0.16786355475763015 0.01524390243902439 0.03411131059245961
1 0.46697154471544716 0.17145421903052063 0.01524390243902439 0.03411131059245961
1 0.4690040650406504 0.1490125673249551 0.01524390243902439 0.025134649910233394
1 0.4878048780487805 0.14631956912028726 0.014227642276422764 0.026929982046678635
1 0.48628048780487804 0.17145421903052063 0.01524390243902439 0.03411131059245961
1 0.4847560975609756 0.21543985637342908 0.014227642276422764 0.03949730700179533
1 0.45172764227642276 0.22262118491921004 0.017276422764227643 0.02872531418312388
1 0.4974593495934959 0.13375224416517056 0.013211382113821139 0.02333931777378815
1 0.5254065040650406 0.1355475763016158 0.014227642276422764 0.03052064631956912
1 0.505589430894309 0.1732495511669659 0.013211382113821139 0.026929982046678635
1 0.5238821138211383 0.17145421903052063 0.01524390243902439 0.03052064631956912
1 0.5309959349593496 0.18043087971274685 0.01524390243902439 0.03052064631956912
1 0.49390243902439024 0.28276481149012567 0.022357723577235773 0.04847396768402154
1 0.5477642276422764 0.28186714542190305 0.024390243902439025 0.05385996409335727
1 0.5650406504065041 0.24865350089766608 0.022357723577235773 0.04847396768402154
1 0.595020325203252 0.3303411131059246 0.027439024390243903 0.05385996409335727
1 0.6224593495934959 0.24506283662477557 0.023373983739837397 0.04847396768402154
1 0.6326219512195121 0.2163375224416517 0.019308943089430895 0.03411131059245961
1 0.6234756097560976 0.15080789946140036 0.011178861788617886 0.025134649910233394
1 0.5904471544715447 0.17594254937163376 0.014227642276422764 0.02872531418312388
1 0.5558943089430894 0.18402154398563733 0.014227642276422764 0.03052064631956912
1 0.5538617886178862 0.16247755834829444 0.014227642276422764 0.026929982046678635
1 0.5701219512195121 0.15350089766606823 0.012195121951219513 0.02333931777378815
1 0.5497967479674797 0.14631956912028726 0.012195121951219513 0.019748653500897665
1 0.5564024390243902 0.1310592459605027 0.01524390243902439 0.025134649910233394
1 0.5873983739837398 0.1229802513464991 0.014227642276422764 0.03411131059245961
1 0.6067073170731707 0.12657091561938957 0.014227642276422764 0.03052064631956912
1 0.6244918699186992 0.12477558348294435 0.011178861788617886 0.026929982046678635
1 0.633130081300813 0.11131059245960502 0.012195121951219513 0.025134649910233394
1 0.6671747967479674 0.10771992818671454 0.011178861788617886 0.025134649910233394
1 0.6590447154471545 0.13734290843806105 0.013211382113821139 0.02333931777378815
1 0.6920731707317073 0.1229802513464991 0.012195121951219513 0.02333931777378815
1 0.695630081300813 0.10682226211849193 0.009146341463414634 0.019748653500897665
1 0.7195121951219512 0.10682226211849193 0.01016260162601626 0.019748653500897665
1 0.6676829268292683 0.1813285457809695 0.014227642276422764 0.02872531418312388
1 0.6941056910569106 0.20107719928186715 0.02032520325203252 0.02872531418312388
1 0.7042682926829268 0.17504488330341114 0.012195121951219513 0.02333931777378815
1 0.7515243902439024 0.13824057450628366 0.013211382113821139 0.03231597845601436
1 0.6758130081300813 0.2710951526032316 0.022357723577235773 0.05026929982046679
1 0.6996951219512195 0.3105924596050269 0.027439024390243903 0.05385996409335727
1 0.7306910569105691 0.2998204667863555 0.022357723577235773 0.0466786355475763
1 0.7489837398373984 0.3904847396768402 0.028455284552845527 0.07001795332136446
1 0.7830284552845529 0.3087971274685817 0.021341463414634148 0.05385996409335727
1 0.7688008130081301 0.2324955116696589 0.019308943089430895 0.03770197486535009
1 0.7372967479674797 0.22172351885098743 0.019308943089430895 0.03411131059245961
1 0.7586382113821138 0.19748653500897667 0.01524390243902439 0.03231597845601436
1 0.7357723577235772 0.1947935368043088 0.016260162601626018 0.026929982046678635
1 0.7936991869918699 0.1436265709156194 0.012195121951219513 0.02872531418312388
1 0.8008130081300813 0.1651705565529623 0.014227642276422764 0.03590664272890485
1 0.8064024390243902 0.21543985637342908 0.01524390243902439 0.03231597845601436
1 0.8084349593495935 0.25583482944344704 0.019308943089430895 0.04847396768402154
1 0.8561991869918699 0.29353680430879714 0.021341463414634148 0.05206463195691203
1 0.8221544715447154 0.414721723518851 0.026422764227642278 0.06822262118491922
1 0.8739837398373984 0.2612208258527828 0.018292682926829267 0.04129263913824058
1 0.8826219512195121 0.23159784560143626 0.017276422764227643 0.03949730700179533
1 0.931910569105691 0.21903052064631956 0.016260162601626018 0.04308797127468582
1 0.9283536585365854 0.28994614003590663 0.019308943089430895 0.04129263913824058
1 0.9278455284552846 0.3348294434470377 0.022357723577235773 0.05565529622980251
1 0.9054878048780488 0.4138240574506284 0.032520325203252036 0.07360861759425494