1 0.7821428571428571 0.2817531305903399 0.05238095238095238 0.10196779964221825
1 0.8547619047619047 0.29159212880143115 0.05 0.07871198568872988
1 0.9136904761904762 0.29069767441860467 0.041666666666666664 0.08407871198568873
1 0.6505952380952381 0.27549194991055453 0.02976190476190476 0.05366726296958855
1 0.6797619047619048 0.27906976744186046 0.02857142857142857 0.057245080500894455
1 0.731547619047619 0.26744186046511625 0.02738095238095238 0.0518783542039356
1 0.7535714285714286 0.27280858676207514 0.02619047619047619 0.0518783542039356
1 0.6089285714285714 0.278175313059034 0.02976190476190476 0.059033989266547404
1 0.5547619047619048 0.2817531305903399 0.04047619047619048 0.059033989266547404
1 0.5398809523809524 0.24955277280858676 0.017857142857142856 0.03041144901610018
1 0.5166666666666667 0.2629695885509839 0.02619047619047619 0.05008944543828265
1 0.45416666666666666 0.27906976744186046 0.05119047619047619 0.1073345259391771
1 0.41845238095238096 0.2549194991055456 0.015476190476190477 0.03398926654740608
1 0.3869047619047619 0.24329159212880144 0.016666666666666666 0.04293381037567084
1 0.3351190476190476 0.2629695885509839 0.0630952380952381 0.13595706618962433
1 0.29642857142857143 0.2567084078711986 0.047619047619047616 0.09481216457960644
1 0.2714285714285714 0.23971377459749552 0.02619047619047619 0.04293381037567084
1 0.24285714285714285 0.24150268336314848 0.03333333333333333 0.06440071556350627
1 0.21845238095238095 0.23434704830053668 0.036904761904761905 0.06797853309481217
1 0.15833333333333333 0.26118067978533094 0.10238095238095238 0.18246869409660108
1 0.10357142857142858 0.22898032200357782 0.05476190476190476 0.08228980322003578
1 0.060714285714285714 0.22271914132379247 0.05 0.059033989266547404