1 0.1991404011461318 0.4827586206896552 0.044890162368672396 0.09195402298850575
1 0.3046800382043935 0.2512315270935961 0.015281757402101241 0.03940886699507389
1 0.33954154727793695 0.2824302134646962 0.02005730659025788 0.04597701149425287
1 0.3562559694364852 0.25862068965517243 0.017191977077363897 0.03776683087027915
1 0.39111747851002865 0.2019704433497537 0.01623686723973257 0.029556650246305417
1 0.4326647564469914 0.21592775041050905 0.015281757402101241 0.034482758620689655
1 0.45463228271251194 0.22167487684729065 0.017191977077363897 0.03284072249589491
1 0.4383954154727794 0.1748768472906404 0.013371537726838587 0.031198686371100164
1 0.45558739255014324 0.19047619047619047 0.015281757402101241 0.029556650246305417
1 0.48471824259789875 0.20279146141215107 0.01623686723973257 0.031198686371100164
1 0.4608404966571156 0.15435139573070608 0.014326647564469915 0.019704433497536946
1 0.4885386819484241 0.32019704433497537 0.02387774594078319 0.042692939244663386
1 0.5687679083094556 0.23316912972085385 0.02387774594078319 0.042692939244663386
1 0.5649474689589303 0.30049261083743845 0.02387774594078319 0.05582922824302135
1 0.6212989493791786 0.29720853858784896 0.03151862464183381 0.06568144499178982
1 0.6212989493791786 0.24794745484400657 0.02387774594078319 0.04597701149425287
1 0.6332378223495702 0.2134646962233169 0.019102196752626553 0.042692939244663386
1 0.6752626552053486 0.2602627257799672 0.021012416427889206 0.04433497536945813
1 0.6833810888252149 0.2077175697865353 0.021967526265520534 0.04433497536945813
1 0.7340019102196753 0.2824302134646962 0.025787965616045846 0.04597701149425287
1 0.7941738299904489 0.3078817733990148 0.021967526265520534 0.054187192118226604
1 0.7029608404966571 0.16091954022988506 0.015281757402101241 0.03284072249589491
1 0.7182425978987583 0.18555008210180624 0.015281757402101241 0.03284072249589491
1 0.7277936962750716 0.1412151067323481 0.015281757402101241 0.029556650246305417
1 0.7091690544412608 0.0993431855500821 0.012416427889207259 0.027914614121510674
1 0.7478510028653295 0.11412151067323481 0.015281757402101241 0.031198686371100164
1 0.7664756446991404 0.11822660098522167 0.012416427889207259 0.022988505747126436
1 0.768385864374403 0.14942528735632185 0.014326647564469915 0.029556650246305417
1 0.7612225405921681 0.1896551724137931 0.017191977077363897 0.03776683087027915
1 0.8185291308500477 0.17651888341543515 0.015281757402101241 0.03776683087027915
1 0.8414517669531996 0.12151067323481117 0.013371537726838587 0.03940886699507389
1 0.8705826170009551 0.18308702791461412 0.01623686723973257 0.03776683087027915
1 0.89207258834766 0.23070607553366174 0.017191977077363897 0.04433497536945813
1 0.9111747851002865 0.19376026272577998 0.013371537726838587 0.029556650246305417
1 0.94603629417383 0.1863711001642036 0.01623686723973257 0.04433497536945813
1 0.9474689589302769 0.1206896551724138 0.013371537726838587 0.031198686371100164
1 0.43982808022922637 0.2824302134646962 0.025787965616045846 0.052545155993431854
1 0.6217765042979942 0.10262725779967159 0.009551098376313277 0.024630541871921183
1 0.6308500477554919 0.11412151067323481 0.010506208213944603 0.021346469622331693
1 0.5912129894937918 0.15845648604269294 0.011461318051575931 0.024630541871921183
1 0.5095510983763133 0.1683087027914614 0.014326647564469915 0.031198686371100164
1 0.5496657115568291 0.13136288998357964 0.012416427889207259 0.029556650246305417
1 0.5448901623686724 0.14614121510673234 0.01623686723973257 0.03284072249589491
1 0.5697230181470869 0.15435139573070608 0.014326647564469915 0.022988505747126436
1 0.5735434574976123 0.1206896551724138 0.010506208213944603 0.024630541871921183
1 0.830945558739255 0.12807881773399016 0.011461318051575931 0.029556650246305417