1 0.09116465863453815 0.5299003322259136 0.04899598393574297 0.11960132890365449
1 0.21927710843373494 0.24169435215946844 0.017670682730923693 0.04817275747508306
1 0.23373493975903614 0.2441860465116279 0.01927710843373494 0.053156146179401995
1 0.25301204819277107 0.23338870431893688 0.017670682730923693 0.05149501661129568
1 0.3100401606425703 0.22259136212624583 0.01927710843373494 0.04983388704318937
1 0.3076305220883534 0.18853820598006646 0.017670682730923693 0.03820598006644518
1 0.3333333333333333 0.21428571428571427 0.020883534136546186 0.04983388704318937
1 0.3477911646586345 0.1893687707641196 0.01606425702811245 0.03986710963455149
1 0.37028112449799194 0.23837209302325582 0.020883534136546186 0.05149501661129568
1 0.39598393574297186 0.22508305647840532 0.01927710843373494 0.04817275747508306
1 0.4285140562248996 0.29983388704318936 0.023293172690763052 0.05813953488372093
1 0.363855421686747 0.1777408637873754 0.017670682730923693 0.04318936877076412
1 0.41204819277108434 0.1569767441860465 0.017670682730923693 0.03488372093023256
1 0.43132530120481927 0.17109634551495018 0.01606425702811245 0.04318936877076412
1 0.43253012048192774 0.14700996677740863 0.016867469879518072 0.03156146179401993
1 0.46947791164658637 0.21926910299003322 0.021686746987951807 0.053156146179401995
1 0.4955823293172691 0.19186046511627908 0.01606425702811245 0.03820598006644518
1 0.4526104417670683 0.1461794019933555 0.018473895582329317 0.04318936877076412
1 0.472289156626506 0.14700996677740863 0.01927710843373494 0.044850498338870434
1 0.4939759036144578 0.12790697674418605 0.01606425702811245 0.03322259136212625
1 0.510441767068273 0.1511627906976744 0.016867469879518072 0.046511627906976744
1 0.5481927710843374 0.20016611295681064 0.016867469879518072 0.03820598006644518
1 0.5317269076305221 0.14867109634551495 0.014457831325301205 0.03820598006644518
1 0.5485943775100401 0.1378737541528239 0.014457831325301205 0.036544850498338874
1 0.5526104417670683 0.11544850498338871 0.014457831325301205 0.03488372093023256
1 0.5742971887550201 0.11627906976744186 0.017670682730923693 0.036544850498338874
1 0.5847389558232932 0.1686046511627907 0.01606425702811245 0.04152823920265781
1 0.5698795180722892 0.1760797342192691 0.018473895582329317 0.04318936877076412
1 0.5783132530120482 0.1461794019933555 0.01285140562248996 0.036544850498338874
1 0.6032128514056225 0.1877076411960133 0.01606425702811245 0.04318936877076412
1 0.6088353413654618 0.15780730897009967 0.01285140562248996 0.036544850498338874
1 0.6044176706827309 0.13205980066445183 0.015261044176706828 0.03156146179401993
1 0.5967871485943775 0.10548172757475083 0.014457831325301205 0.03156146179401993
1 0.6301204819277109 0.10548172757475083 0.015261044176706828 0.03820598006644518
1 0.6518072289156627 0.132890365448505 0.016867469879518072 0.036544850498338874
1 0.6550200803212851 0.16362126245847175 0.016867469879518072 0.04152823920265781
1 0.6578313253012048 0.11461794019933555 0.014457831325301205 0.03986710963455149
1 0.689156626506024 0.11544850498338871 0.014457831325301205 0.03820598006644518
1 0.6835341365461848 0.14119601328903655 0.01606425702811245 0.03986710963455149
1 0.7128514056224899 0.13122923588039867 0.015261044176706828 0.046511627906976744
1 0.6911646586345381 0.1893687707641196 0.021686746987951807 0.05647840531561462
1 0.6582329317269077 0.21262458471760798 0.021686746987951807 0.05647840531561462
1 0.6036144578313253 0.276578073089701 0.023293172690763052 0.061461794019933555
1 0.572289156626506 0.3164451827242525 0.024899598393574297 0.061461794019933555
1 0.5943775100401606 0.34634551495016613 0.027309236947791166 0.0681063122923588
1 0.6550200803212851 0.3754152823920266 0.02650602409638554 0.07641196013289037
1 0.7156626506024096 0.3953488372093023 0.02891566265060241 0.06976744186046512
1 0.721285140562249 0.2441860465116279 0.020883534136546186 0.05647840531561462
1 0.7385542168674699 0.22009966777408638 0.018473895582329317 0.04817275747508306
1 0.7289156626506024 0.19601328903654486 0.018473895582329317 0.036544850498338874
1 0.7578313253012048 0.17524916943521596 0.020080321285140562 0.05149501661129568
1 0.7763052208835342 0.1818936877076412 0.016867469879518072 0.04817275747508306
1 0.785140562248996 0.1553156146179402 0.016867469879518072 0.04817275747508306
1 0.7642570281124498 0.26578073089701 0.018473895582329317 0.059800664451827246
1 0.7947791164658634 0.436046511627907 0.03132530120481928 0.10132890365448505
1 0.8542168674698796 0.4792358803986711 0.03132530120481928 0.0946843853820598
1 0.8738955823293173 0.3995016611295681 0.027309236947791166 0.08139534883720931
1 0.9429718875502008 0.42358803986710963 0.02570281124497992 0.07973421926910298
1 0.9514056224899599 0.3438538205980066 0.021686746987951807 0.059800664451827246
1 0.9763052208835341 0.3446843853820598 0.018473895582329317 0.06478405315614617
1 0.9682730923694779 0.28820598006644516 0.020080321285140562 0.05149501661129568
1 0.9815261044176706 0.24335548172757476 0.01927710843373494 0.05149501661129568
1 0.9429718875502008 0.22259136212624583 0.01285140562248996 0.04983388704318937
1 0.9289156626506024 0.24916943521594684 0.013654618473895583 0.04318936877076412
1 0.9224899598393574 0.32641196013289037 0.020080321285140562 0.04817275747508306
1 0.8610441767068273 0.32142857142857145 0.024096385542168676 0.054817275747508304
1 0.8879518072289156 0.2574750830564784 0.018473895582329317 0.04983388704318937
1 0.9 0.23920265780730898 0.015261044176706828 0.04318936877076412
1 0.9012048192771084 0.2101328903654485 0.014457831325301205 0.03488372093023256
1 0.8694779116465864 0.21345514950166114 0.016867469879518072 0.04817275747508306
1 0.8192771084337349 0.20764119601328904 0.01927710843373494 0.04983388704318937
1 0.7911646586345381 0.24003322259136212 0.01927710843373494 0.05813953488372093
1 0.814859437751004 0.292358803986711 0.021686746987951807 0.059800664451827246
1 0.8088353413654619 0.16943521594684385 0.01606425702811245 0.046511627906976744