1 0.2322253000923361 0.23987034035656402 0.023084025854108958 0.04538087520259319
1 0.2585410895660203 0.2188006482982172 0.020313942751615882 0.04862236628849271
1 0.2765466297322253 0.2098865478119935 0.02123730378578024 0.04700162074554295
1 0.2987072945521699 0.2520259319286872 0.02677746999076639 0.050243111831442464
1 0.3190212373037858 0.21393841166936792 0.024930747922437674 0.04538087520259319
1 0.3481071098799631 0.20826580226904376 0.020313942751615882 0.050243111831442464
1 0.3573407202216066 0.18719611021069693 0.0221606648199446 0.04376012965964344
1 0.36934441366574333 0.2098865478119935 0.0221606648199446 0.050243111831442464
1 0.4048938134810711 0.17179902755267423 0.02677746999076639 0.04538087520259319
1 0.44644506001846723 0.20178282009724474 0.028624192059095107 0.05348460291734198
1 0.5507848568790397 0.2034035656401945 0.028624192059095107 0.06645056726094004
1 0.6001846722068329 0.24716369529983792 0.02585410895660203 0.05348460291734198
1 0.615881809787627 0.23581847649918963 0.0221606648199446 0.05348460291734198
1 0.6412742382271468 0.23500810372771475 0.024930747922437674 0.05186385737439222
1 0.6352723915050785 0.21393841166936792 0.024007386888273315 0.04538087520259319