1 0.1725 0.400355871886121 0.053 0.12455516014234876
1 0.34 0.4902135231316726 0.064 0.12633451957295375
1 0.368 0.2313167259786477 0.022 0.046263345195729534
1 0.4115 0.20106761565836298 0.017 0.03914590747330961
1 0.43 0.22330960854092527 0.016 0.037366548042704624
1 0.4465 0.25444839857651247 0.023 0.042704626334519574
1 0.4705 0.23309608540925267 0.021 0.03558718861209965
1 0.48 0.19572953736654805 0.02 0.042704626334519574
1 0.589 0.10409252669039146 0.012 0.026690391459074734
1 0.605 0.10587188612099645 0.012 0.019572953736654804
1 0.6405 0.11565836298932385 0.013 0.028469750889679714
1 0.669 0.1094306049822064 0.016 0.026690391459074734
1 0.6 0.2179715302491103 0.022 0.04448398576512456
1 0.6415 0.23754448398576514 0.023 0.051601423487544484