1 0.315375 0.5496666666666666 0.04775 0.086
1 0.270625 0.5013333333333333 0.03575 0.04733333333333333
1 0.2955 0.4835 0.025 0.03833333333333333
1 0.233875 0.475 0.01375 0.021333333333333333
1 0.343 0.483 0.0135 0.019333333333333334
1 0.367625 0.5043333333333333 0.01575 0.027333333333333334
1 0.4165 0.476 0.0135 0.03133333333333333
1 0.4395 0.4881666666666667 0.0145 0.021
1 0.482375 0.5211666666666667 0.03025 0.043666666666666666
1 0.479375 0.476 0.01975 0.027333333333333334
1 0.528625 0.4895 0.02575 0.03233333333333333
1 0.574 0.522 0.041 0.058666666666666666
1 0.667875 0.49933333333333335 0.03025 0.037333333333333336
1 0.724375 0.5543333333333333 0.05225 0.07866666666666666
1 0.784625 0.5291666666666667 0.03025 0.04033333333333333