1 0.614375 0.6425 0.03125 0.04833333333333333
1 0.595625 0.7816666666666666 0.05125 0.08
1 0.72375 0.8016666666666666 0.07 0.09
1 0.828125 0.7416666666666667 0.04375 0.06333333333333334
1 0.90625 0.7725 0.0575 0.09166666666666666
1 0.519375 0.7991666666666667 0.05375 0.07166666666666667
1 0.550625 0.7766666666666666 0.03875 0.06
1 0.420625 0.8016666666666666 0.04875 0.06
1 0.444375 0.78 0.03875 0.04666666666666667
1 0.365 0.79 0.0475 0.04666666666666667
1 0.328125 0.7741666666666667 0.03625 0.045
1 0.134375 0.8333333333333334 0.09625 0.13
1 0.18625 0.8041666666666667 0.0525 0.07833333333333334