1 0.3985032740879326 0.19831932773109243 0.014967259120673527 0.023529411764705882
1 0.42890551917680075 0.2605042016806723 0.023386342376052385 0.047058823529411764
1 0.45509822263797944 0.22773109243697479 0.01777362020579981 0.03529411764705882
1 0.4452759588400374 0.1815126050420168 0.01683816651075772 0.03361344537815126
1 0.4845650140318054 0.15210084033613444 0.014967259120673527 0.03529411764705882
1 0.49859681945743684 0.17899159663865546 0.01683816651075772 0.03865546218487395
1 0.5720299345182414 0.13277310924369748 0.01777362020579981 0.023529411764705882
1 0.4883068288119738 0.30084033613445377 0.02245088868101029 0.05042016806722689
1 0.5954162768942938 0.2638655462184874 0.023386342376052385 0.05042016806722689
1 0.696913002806361 0.17647058823529413 0.01683816651075772 0.030252100840336135
1 0.7478952291861553 0.12857142857142856 0.019644527595884004 0.0453781512605042