1 0.024644945697577275 0.3985611510791367 0.02422723475355054 0.051798561151079135
1 0.23558897243107768 0.3359712230215827 0.018379281537176273 0.033093525179856115
1 0.26608187134502925 0.34172661870503596 0.020885547201336674 0.03884892086330935
1 0.29197994987468673 0.36546762589928056 0.020885547201336674 0.04028776978417266
1 0.2907268170426065 0.30071942446043165 0.01670843776106934 0.03741007194244604
1 0.34502923976608185 0.3597122302158273 0.020050125313283207 0.03741007194244604
1 0.3629908103592314 0.2870503597122302 0.015873015873015872 0.033093525179856115
1 0.3767752715121136 0.32014388489208634 0.015037593984962405 0.041726618705035974
1 0.39264828738512947 0.3359712230215827 0.015037593984962405 0.030215827338129497
1 0.4189640768588137 0.33525179856115106 0.020885547201336674 0.03741007194244604
1 0.4143692564745196 0.2949640287769784 0.018379281537176273 0.034532374100719423
1 0.4076858813700919 0.2741007194244604 0.015037593984962405 0.027338129496402876
1 0.3943191311612364 0.25467625899280577 0.015037593984962405 0.025899280575539568
1 0.4314954051796157 0.25755395683453236 0.012531328320802004 0.025899280575539568
1 0.43609022556390975 0.27697841726618705 0.015037593984962405 0.027338129496402876
1 0.44862155388471175 0.3014388489208633 0.018379281537176273 0.033093525179856115
1 0.4603174603174603 0.3338129496402878 0.020050125313283207 0.04028776978417266
1 0.48078529657477026 0.30071942446043165 0.017543859649122806 0.025899280575539568
1 0.46574770258980785 0.24244604316546764 0.01086048454469507 0.027338129496402876
1 0.47827903091060986 0.23309352517985613 0.012531328320802004 0.025899280575539568
1 0.5012531328320802 0.26115107913669067 0.015037593984962405 0.033093525179856115
1 0.5288220551378446 0.2446043165467626 0.015037593984962405 0.02014388489208633
1 0.5254803675856308 0.2697841726618705 0.015037593984962405 0.030215827338129497
1 0.5651629072681704 0.2798561151079137 0.012531328320802004 0.027338129496402876
1 0.5434419381787803 0.25971223021582734 0.014202172096908938 0.027338129496402876
1 0.5271512113617377 0.3064748201438849 0.01670843776106934 0.034532374100719423
1 0.5208855472013367 0.23525179856115108 0.012531328320802004 0.01870503597122302
1 0.5605680868838764 0.2237410071942446 0.013366750208855471 0.02446043165467626
1 0.5835421888053467 0.21726618705035972 0.012531328320802004 0.02014388489208633
1 0.5701754385964912 0.25467625899280577 0.015873015873015872 0.025899280575539568
1 0.5810359231411864 0.24028776978417266 0.014202172096908938 0.025899280575539568
1 0.5091896407685882 0.39136690647482014 0.030910609857978277 0.05755395683453238
1 0.550125313283208 0.360431654676259 0.02422723475355054 0.04748201438848921
1 0.5538847117794486 0.40215827338129495 0.026733500417710943 0.05611510791366906
1 0.6073517126148705 0.32230215827338127 0.023391812865497075 0.04028776978417266
1 0.6140350877192983 0.21798561151079138 0.013366750208855471 0.02446043165467626
1 0.6232247284878863 0.20071942446043164 0.011695906432748537 0.027338129496402876
1 0.6219715956558062 0.2460431654676259 0.015873015873015872 0.031654676258992806
1 0.6374269005847953 0.21223021582733814 0.010025062656641603 0.02446043165467626
1 0.6345029239766082 0.23309352517985613 0.012531328320802004 0.02877697841726619
1 0.6487050960735171 0.22446043165467625 0.012531328320802004 0.02877697841726619
1 0.66624895572264 0.2158273381294964 0.01086048454469507 0.025899280575539568
1 0.6804511278195489 0.220863309352518 0.01086048454469507 0.027338129496402876
1 0.656641604010025 0.24244604316546764 0.01670843776106934 0.027338129496402876
1 0.6867167919799498 0.2654676258992806 0.018379281537176273 0.03597122302158273
1 0.6984126984126984 0.22589928057553957 0.011695906432748537 0.031654676258992806
1 0.6432748538011696 0.2956834532374101 0.020050125313283207 0.041726618705035974
1 0.6595655806182122 0.3294964028776978 0.01921470342522974 0.04028776978417266
1 0.672514619883041 0.3640287769784173 0.02506265664160401 0.04892086330935252
1 0.6236424394319131 0.37050359712230213 0.02756892230576441 0.050359712230215826
1 0.6228070175438597 0.4251798561151079 0.029239766081871343 0.058992805755395686
1 0.6812865497076024 0.4460431654676259 0.034252297410192145 0.06618705035971223
1 0.6996658312447787 0.3496402877697842 0.025898078529657476 0.051798561151079135
1 0.7134502923976608 0.2568345323741007 0.015037593984962405 0.033093525179856115
1 0.7309941520467836 0.2841726618705036 0.01670843776106934 0.03884892086330935
1 0.7464494569757728 0.2474820143884892 0.012531328320802004 0.02877697841726619
1 0.753968253968254 0.21798561151079138 0.012531328320802004 0.030215827338129497
1 0.7589807852965748 0.26402877697841726 0.012531328320802004 0.027338129496402876
1 0.7756892230576441 0.25107913669064746 0.014202172096908938 0.030215827338129497
1 0.7769423558897243 0.2762589928057554 0.015037593984962405 0.034532374100719423
1 0.7961570593149541 0.22589928057553957 0.013366750208855471 0.034532374100719423
1 0.7873851294903926 0.25971223021582734 0.014202172096908938 0.03884892086330935
1 0.822890559732665 0.24388489208633093 0.015037593984962405 0.03597122302158273
1 0.8554720133667502 0.2539568345323741 0.011695906432748537 0.030215827338129497
1 0.873015873015873 0.26187050359712233 0.011695906432748537 0.031654676258992806
1 0.8872180451127819 0.2446043165467626 0.011695906432748537 0.031654676258992806
1 0.9135338345864662 0.2719424460431655 0.014202172096908938 0.031654676258992806
1 0.9507101086048454 0.27697841726618705 0.011695906432748537 0.02446043165467626
1 0.9486215538847118 0.3043165467625899 0.014202172096908938 0.030215827338129497
1 0.9377610693400167 0.3143884892086331 0.015873015873015872 0.030215827338129497
1 0.9419381787802841 0.3474820143884892 0.017543859649122806 0.041726618705035974
1 0.8922305764411027 0.30863309352517987 0.015037593984962405 0.03597122302158273
1 0.8680033416875522 0.2820143884892086 0.013366750208855471 0.031654676258992806
1 0.8563074352548037 0.3064748201438849 0.02172096908939014 0.03741007194244604
1 0.8287385129490392 0.302158273381295 0.015037593984962405 0.034532374100719423
1 0.8220551378446115 0.3381294964028777 0.01670843776106934 0.034532374100719423
1 0.8270676691729323 0.35827338129496406 0.023391812865497075 0.04892086330935252
1 0.885547201336675 0.3366906474820144 0.01670843776106934 0.04316546762589928
1 0.9306599832915622 0.3906474820143885 0.02172096908939014 0.050359712230215826
1 0.8738512949039264 0.4115107913669065 0.023391812865497075 0.04316546762589928
1 0.9214703425229741 0.46258992805755395 0.03007518796992481 0.0618705035971223
1 0.8575605680868839 0.441726618705036 0.030910609857978277 0.06330935251798561
1 0.8429406850459482 0.4935251798561151 0.031746031746031744 0.06906474820143885
1 0.7481203007518797 0.3942446043165468 0.02756892230576441 0.04892086330935252
1 0.7982456140350878 0.39928057553956836 0.02756892230576441 0.058992805755395686
1 0.7255639097744361 0.5021582733812949 0.04093567251461988 0.08057553956834532