1 0.2796875 0.4909722222222222 0.103125 0.1875
1 0.262890625 0.37916666666666665 0.06171875 0.10277777777777777
1 0.243359375 0.34097222222222223 0.05234375 0.0763888888888889
1 0.2796875 0.31527777777777777 0.025 0.06944444444444445
1 0.1921875 0.2916666666666667 0.04375 0.07222222222222222
1 0.1578125 0.3347222222222222 0.04375 0.06944444444444445
1 0.124609375 0.35555555555555557 0.04609375 0.07777777777777778
1 0.084375 0.3638888888888889 0.065625 0.125
1 0.4 0.32430555555555557 0.0265625 0.05694444444444444
1 0.438671875 0.3590277777777778 0.03203125 0.06805555555555555
1 0.46484375 0.36736111111111114 0.0375 0.059722222222222225
1 0.469921875 0.325 0.02421875 0.05555555555555555
1 0.52421875 0.23055555555555557 0.028125 0.06388888888888888
1 0.522265625 0.3770833333333333 0.04453125 0.10416666666666667
1 0.572265625 0.37777777777777777 0.03515625 0.07777777777777778
1 0.585546875 0.32569444444444445 0.02890625 0.06527777777777778
1 0.63828125 0.5111111111111111 0.0734375 0.13055555555555556
1 0.685546875 0.45416666666666666 0.04609375 0.10277777777777777
1 0.66484375 0.38055555555555554 0.0375 0.075
1 0.64921875 0.35347222222222224 0.034375 0.06527777777777778
1 0.723828125 0.3888888888888889 0.02890625 0.05555555555555555
1 0.751953125 0.39166666666666666 0.03046875 0.06111111111111111
1 0.7609375 0.44305555555555554 0.0578125 0.09722222222222222
1 0.809375 0.3798611111111111 0.0359375 0.0763888888888889
1 0.85625 0.42083333333333334 0.0625 0.09722222222222222
1 0.964453125 0.53125 0.07109375 0.14583333333333334
1 0.958984375 0.4486111111111111 0.04921875 0.09444444444444444