1 0.12955122777307368 0.538623595505618 0.03725656223539373 0.06882022471910113
1 0.23073666384419983 0.32724719101123595 0.01947502116850127 0.03089887640449438
1 0.2612193056731583 0.3335674157303371 0.01947502116850127 0.037921348314606744
1 0.2870448772226926 0.3574438202247191 0.018628281117696866 0.04353932584269663
1 0.28916172734970363 0.2991573033707865 0.017781541066892465 0.033707865168539325
1 0.36494496189669773 0.3321629213483146 0.02201524132091448 0.04073033707865169
1 0.3577476714648603 0.28441011235955055 0.016088060965283656 0.026685393258426966
1 0.3903471634208298 0.32303370786516855 0.018628281117696866 0.03932584269662921
1 0.41320914479254867 0.31952247191011235 0.018628281117696866 0.032303370786516857
1 0.40135478408128705 0.24929775280898878 0.015241320914479255 0.032303370786516857
1 0.41320914479254867 0.26615168539325845 0.015241320914479255 0.02949438202247191
1 0.4144792548687553 0.29002808988764045 0.017781541066892465 0.02949438202247191
1 0.44242167654530057 0.3012640449438202 0.01947502116850127 0.032303370786516857
1 0.4555461473327688 0.3202247191011236 0.02032176121930567 0.03651685393258427
1 0.4813717188823031 0.2949438202247191 0.01947502116850127 0.033707865168539325
1 0.43226079593564776 0.2478932584269663 0.014394580863674851 0.02949438202247191
1 0.451735817104149 0.25280898876404495 0.014394580863674851 0.033707865168539325
1 0.4669771380186283 0.23735955056179775 0.016088060965283656 0.03089887640449438
1 0.4758679085520745 0.22682584269662923 0.011854360711261643 0.023876404494382022
1 0.4809483488569009 0.2556179775280899 0.015241320914479255 0.03089887640449438
1 0.497883149872989 0.25491573033707865 0.015241320914479255 0.02949438202247191
1 0.5131244707874683 0.24929775280898878 0.011854360711261643 0.026685393258426966
1 0.5283657917019475 0.2324438202247191 0.015241320914479255 0.023876404494382022
1 0.5304826418289585 0.26615168539325845 0.016088060965283656 0.02949438202247191
1 0.5127011007620661 0.3146067415730337 0.01947502116850127 0.033707865168539325
1 0.550381033022862 0.24157303370786518 0.01693480101608806 0.033707865168539325
1 0.563082133784928 0.2731741573033708 0.01693480101608806 0.0351123595505618
1 0.5800169348010161 0.25912921348314605 0.015241320914479255 0.032303370786516857
1 0.5774767146486028 0.20856741573033707 0.011854360711261643 0.021067415730337078
1 0.5800169348010161 0.22331460674157302 0.013547840812870448 0.028089887640449437
1 0.5948348856900931 0.23103932584269662 0.016088060965283656 0.02949438202247191
1 0.6066892464013548 0.24578651685393257 0.016088060965283656 0.03089887640449438
1 0.6143099068585944 0.21418539325842698 0.012701100762066046 0.026685393258426966
1 0.6143099068585944 0.199438202247191 0.014394580863674851 0.025280898876404494
1 0.6388653683319221 0.20786516853932585 0.016088060965283656 0.033707865168539325
1 0.6519898391193903 0.21348314606741572 0.01693480101608806 0.028089887640449437
1 0.6549534292972058 0.23525280898876405 0.016088060965283656 0.02949438202247191
1 0.6837425910245555 0.2029494382022472 0.012701100762066046 0.02949438202247191
1 0.6888230313293818 0.22120786516853932 0.012701100762066046 0.023876404494382022
1 0.7015241320914479 0.2169943820224719 0.014394580863674851 0.02949438202247191
1 0.6833192209991532 0.26615168539325845 0.015241320914479255 0.032303370786516857
1 0.7214225232853514 0.2401685393258427 0.015241320914479255 0.03089887640449438
1 0.6452159187129551 0.29213483146067415 0.02201524132091448 0.042134831460674156
1 0.6591871295512278 0.32514044943820225 0.021168501270110076 0.0351123595505618
1 0.6100762066045724 0.3181179775280899 0.02286198137171888 0.04073033707865169
1 0.6028789161727349 0.3707865168539326 0.027095681625740897 0.056179775280898875
1 0.6227773073666384 0.42064606741573035 0.0279424216765453 0.06320224719101124
1 0.6456392887383573 0.45575842696629215 0.03471634208298052 0.06601123595505617
1 0.5567315834038951 0.3890449438202247 0.029635901778154106 0.05056179775280899
1 0.5385266723116003 0.34620786516853935 0.02201524132091448 0.046348314606741575
1 0.49915325994919557 0.3785112359550562 0.03132938187976291 0.054775280898876406
1 0.6773920406435224 0.3707865168539326 0.02540220152413209 0.056179775280898875
1 0.7002540220152413 0.3476123595505618 0.02201524132091448 0.04915730337078652
1 0.7417442845046571 0.39396067415730335 0.03048264182895851 0.046348314606741575
1 0.7171888230313294 0.5273876404494382 0.04233700254022015 0.06601123595505617
1 0.8454699407281965 0.4845505617977528 0.03302286198137172 0.0702247191011236
1 0.8039796782387807 0.413623595505618 0.03132938187976291 0.05196629213483146
1 0.8653683319220999 0.43609550561797755 0.03386960203217612 0.05758426966292135
1 0.9441151566469094 0.45365168539325845 0.03386960203217612 0.056179775280898875
1 0.9360711261642676 0.38342696629213485 0.021168501270110076 0.0449438202247191
1 0.8806096528365792 0.3637640449438202 0.02201524132091448 0.056179775280898875
1 0.825571549534293 0.3433988764044944 0.02032176121930567 0.046348314606741575
1 0.7082980524978831 0.2949438202247191 0.017781541066892465 0.033707865168539325
1 0.722692633361558 0.29353932584269665 0.01947502116850127 0.033707865168539325
1 0.7468247248094835 0.24508426966292135 0.015241320914479255 0.032303370786516857
1 0.7637595258255715 0.22331460674157302 0.013547840812870448 0.028089887640449437
1 0.7510584250635055 0.23103932584269662 0.011854360711261643 0.026685393258426966
1 0.7929720575783235 0.2535112359550562 0.016088060965283656 0.026685393258426966
1 0.7963590177815411 0.2830056179775281 0.021168501270110076 0.0351123595505618
1 0.770956816257409 0.25702247191011235 0.017781541066892465 0.033707865168539325
1 0.7976291278577476 0.2303370786516854 0.015241320914479255 0.03089887640449438
1 0.8289585097375106 0.23595505617977527 0.013547840812870448 0.03089887640449438
1 0.831922099915326 0.2612359550561798 0.014394580863674851 0.028089887640449437
1 0.8331922099915327 0.2914325842696629 0.015241320914479255 0.04073033707865169
1 0.8640982218458934 0.3012640449438202 0.017781541066892465 0.0351123595505618
1 0.8683319220999153 0.2633426966292135 0.017781541066892465 0.037921348314606744
1 0.8615580016934801 0.24648876404494383 0.014394580863674851 0.02949438202247191
1 0.8784928027095682 0.2598314606741573 0.012701100762066046 0.03089887640449438
1 0.8941574936494496 0.25070224719101125 0.013547840812870448 0.0351123595505618
1 0.9144792548687553 0.26053370786516855 0.01693480101608806 0.032303370786516857
1 0.90770533446232 0.30758426966292135 0.015241320914479255 0.03932584269662921
1 0.8882303132938189 0.3223314606741573 0.018628281117696866 0.046348314606741575
1 0.9521591871295513 0.34480337078651685 0.01947502116850127 0.04073033707865169
1 0.9301439458086368 0.29213483146067415 0.017781541066892465 0.03932584269662921
1 0.9534292972057579 0.2970505617977528 0.015241320914479255 0.02949438202247191
1 0.9602032176121931 0.2633426966292135 0.015241320914479255 0.0351123595505618