1 0.029 0.6741741741741741 0.054 0.10510510510510511
1 0.022 0.5930930930930931 0.04 0.06906906906906907
1 0.08 0.6246246246246246 0.048 0.07207207207207207
1 0.059 0.5960960960960962 0.03 0.057057057057057055
1 0.147 0.6066066066066066 0.038 0.06006006006006006
1 0.167 0.5915915915915916 0.022 0.04804804804804805
1 0.399 0.5405405405405406 0.03 0.05405405405405406
1 0.396 0.5855855855855856 0.032 0.06006006006006006
1 0.438 0.6081081081081081 0.04 0.08108108108108109
1 0.476 0.6486486486486487 0.056 0.08408408408408409
1 0.496 0.5705705705705706 0.032 0.04804804804804805
1 0.475 0.46846846846846846 0.022 0.036036036036036036
1 0.557 0.6051051051051051 0.046 0.06906906906906907
1 0.575 0.7027027027027027 0.086 0.14414414414414414
1 0.627 0.6546546546546547 0.058 0.09009009009009009
1 0.661 0.56006006006006 0.026 0.04504504504504504
1 0.688 0.5765765765765766 0.028 0.042042042042042045
1 0.714 0.56006006006006 0.024 0.03903903903903904
1 0.772 0.8183183183183184 0.14 0.23123123123123124
1 0.771 0.6921921921921922 0.078 0.12312312312312312
1 0.774 0.6006006006006006 0.048 0.07807807807807808
1 0.788 0.5720720720720721 0.032 0.057057057057057055
1 0.862 0.5570570570570571 0.036 0.05105105105105105
1 0.875 0.6276276276276276 0.05 0.08408408408408409
1 0.897 0.5405405405405406 0.03 0.04804804804804805
1 0.923 0.5675675675675675 0.034 0.05405405405405406
1 0.95 0.6171171171171171 0.052 0.08108108108108109