1 0.9417211328976035 0.23786407766990292 0.018518518518518517 0.040776699029126215
1 0.7363834422657952 0.22524271844660193 0.0196078431372549 0.04660194174757282
1 0.6753812636165577 0.16893203883495145 0.015250544662309368 0.04271844660194175
1 0.6753812636165577 0.21941747572815534 0.017429193899782137 0.04660194174757282
1 0.630718954248366 0.21553398058252426 0.0196078431372549 0.04271844660194175
1 0.6296296296296297 0.2611650485436893 0.0196078431372549 0.040776699029126215
1 0.6753812636165577 0.2902912621359223 0.02178649237472767 0.04466019417475728
1 0.6383442265795207 0.3116504854368932 0.026143790849673203 0.06407766990291262
1 0.6377995642701525 0.11844660194174757 0.014161220043572984 0.031067961165048542
1 0.5871459694989106 0.05728155339805825 0.008714596949891068 0.021359223300970873
1 0.5528322440087146 0.1679611650485437 0.014161220043572984 0.03300970873786408
1 0.5441176470588235 0.18155339805825244 0.016339869281045753 0.036893203883495145
1 0.4711328976034858 0.13592233009708737 0.011982570806100218 0.027184466019417475
1 0.4869281045751634 0.17184466019417477 0.013071895424836602 0.03300970873786408
1 0.41013071895424835 0.20776699029126214 0.016339869281045753 0.03495145631067961
1 0.4526143790849673 0.21941747572815534 0.018518518518518517 0.031067961165048542
1 0.46296296296296297 0.18640776699029127 0.015250544662309368 0.031067961165048542
1 0.32788671023965144 0.2174757281553398 0.015250544662309368 0.038834951456310676