1 0.54437564499484 0.30996309963099633 0.04231166150670795 0.07749077490774908
1 0.3890608875128999 0.15867158671586715 0.014447884416924664 0.033210332103321034
1 0.4153766769865841 0.15867158671586715 0.011351909184726523 0.033210332103321034
1 0.4262125902992776 0.16605166051660517 0.014447884416924664 0.025830258302583026
1 0.44427244582043346 0.1752767527675277 0.015479876160990712 0.02952029520295203
1 0.43034055727554177 0.13745387453874539 0.01238390092879257 0.027675276752767528
1 0.4520123839009288 0.14022140221402213 0.01238390092879257 0.02952029520295203
1 0.4716202270381837 0.15498154981549817 0.014447884416924664 0.02952029520295203
1 0.47729618163054693 0.18542435424354242 0.015479876160990712 0.027675276752767528
1 0.5046439628482973 0.17619926199261993 0.016511867905056758 0.03505535055350553
1 0.48297213622291024 0.13837638376383765 0.01238390092879257 0.025830258302583026
1 0.4633642930856553 0.13284132841328414 0.010319917440660475 0.025830258302583026
1 0.49587203302373584 0.12453874538745388 0.011351909184726523 0.023985239852398525
1 0.5288957688338494 0.12269372693726938 0.013415892672858616 0.03136531365313653
1 0.5459236326109391 0.13745387453874539 0.01238390092879257 0.03505535055350553
1 0.5784313725490197 0.13468634686346864 0.013415892672858616 0.033210332103321034
1 0.6037151702786377 0.14760147601476015 0.01238390092879257 0.025830258302583026
1 0.6351909184726522 0.11346863468634687 0.011351909184726523 0.027675276752767528
1 0.6666666666666666 0.11254612546125461 0.014447884416924664 0.025830258302583026
1 0.6320949432404541 0.2011070110701107 0.0196078431372549 0.04428044280442804
1 0.6713106295149639 0.18450184501845018 0.013415892672858616 0.03690036900369004
1 0.7115583075335398 0.21309963099630996 0.017543859649122806 0.046125461254612546
1 0.8668730650154799 0.2767527675276753 0.016511867905056758 0.04428044280442804
1 0.9324045407636739 0.22601476014760147 0.013415892672858616 0.03505535055350553
1 0.9406604747162023 0.19649446494464945 0.013415892672858616 0.03505535055350553
1 0.912796697626419 0.1595940959409594 0.015479876160990712 0.03874538745387454
1 0.9365325077399381 0.16236162361623616 0.013415892672858616 0.025830258302583026
1 0.826625386996904 0.16974169741697417 0.014447884416924664 0.033210332103321034
1 0.7982456140350878 0.15867158671586715 0.011351909184726523 0.033210332103321034
1 0.8080495356037152 0.14022140221402213 0.014447884416924664 0.033210332103321034
1 0.7961816305469557 0.2029520295202952 0.015479876160990712 0.03690036900369004
1 0.7719298245614035 0.1688191881918819 0.014447884416924664 0.03505535055350553
1 0.7745098039215687 0.13376383763837638 0.013415892672858616 0.03136531365313653
1 0.7616099071207431 0.12361623616236163 0.010319917440660475 0.025830258302583026
1 0.7347781217750258 0.17343173431734318 0.016511867905056758 0.033210332103321034
1 0.7311661506707946 0.1392988929889299 0.013415892672858616 0.027675276752767528
1 0.7033023735810113 0.1752767527675277 0.015479876160990712 0.025830258302583026
1 0.6986584107327142 0.1522140221402214 0.01238390092879257 0.02029520295202952