1 0.042578125 0.7 0.04296875 0.08611111111111111
1 0.022265625 0.6680555555555555 0.03671875 0.07777777777777778
1 0.0859375 0.7305555555555555 0.05 0.10277777777777777
1 0.14453125 0.7694444444444445 0.0625 0.12777777777777777
1 0.225 0.8409722222222222 0.0703125 0.13472222222222222
1 0.23828125 0.6611111111111111 0.03125 0.06111111111111111
1 0.29140625 0.6645833333333333 0.0375 0.06527777777777778
1 0.33984375 0.6513888888888889 0.028125 0.06388888888888888
1 0.36953125 0.69375 0.0375 0.07361111111111111
1 0.38203125 0.5055555555555555 0.0234375 0.058333333333333334
1 0.410546875 0.6826388888888889 0.03359375 0.0625
1 0.408203125 0.6548611111111111 0.03046875 0.04861111111111111
1 0.445703125 0.8298611111111112 0.07265625 0.1375
1 0.325 0.9222222222222223 0.1015625 0.15555555555555556
1 0.446875 0.7118055555555556 0.0359375 0.09305555555555556
1 0.450390625 0.6645833333333333 0.02890625 0.05138888888888889
1 0.4640625 0.6604166666666667 0.03125 0.059722222222222225
1 0.534765625 0.6402777777777777 0.03359375 0.058333333333333334
1 0.522265625 0.6881944444444444 0.03671875 0.07083333333333333
1 0.590625 0.7958333333333333 0.059375 0.10277777777777777
1 0.5734375 0.7305555555555555 0.046875 0.08888888888888889
1 0.6265625 0.7138888888888889 0.0375 0.08055555555555556
1 0.6 0.6506944444444445 0.028125 0.06527777777777778
1 0.58125 0.6534722222222222 0.021875 0.05694444444444444
1 0.623046875 0.6381944444444444 0.02265625 0.04861111111111111
1 0.661328125 0.6923611111111111 0.03515625 0.06805555555555555
1 0.6515625 0.6604166666666667 0.0265625 0.04861111111111111
1 0.721484375 0.6861111111111111 0.03671875 0.05555555555555555
1 0.71328125 0.6513888888888889 0.028125 0.04722222222222222
1 0.6859375 0.7701388888888889 0.0515625 0.09305555555555556
1 0.755859375 0.8458333333333333 0.07109375 0.13333333333333333
1 0.759375 0.7597222222222222 0.053125 0.09166666666666666
1 0.75625 0.6972222222222222 0.040625 0.058333333333333334
1 0.783984375 0.6743055555555556 0.03203125 0.059722222222222225
1 0.8546875 0.8305555555555556 0.0609375 0.1388888888888889
1 0.92578125 0.8590277777777777 0.1140625 0.20694444444444443
1 0.874609375 0.7409722222222223 0.04921875 0.0763888888888889
1 0.869140625 0.6881944444444444 0.03671875 0.07361111111111111
1 0.944921875 0.7229166666666667 0.04921875 0.08472222222222223
1 0.976171875 0.7930555555555555 0.04453125 0.1111111111111111
1 0.980859375 0.7180555555555556 0.03828125 0.075