1 0.27698975571316 0.24722991689750692 0.016548463356973995 0.04016620498614958
1 0.2876280535855004 0.25554016620498615 0.017336485421591805 0.03185595567867036
1 0.3108747044917258 0.2548476454293629 0.019700551615445233 0.036011080332409975
1 0.31717888100866826 0.2922437673130194 0.026004728132387706 0.038781163434903045
1 0.3309692671394799 0.26177285318559557 0.018912529550827423 0.036011080332409975
1 0.3309692671394799 0.22091412742382271 0.017336485421591805 0.04016620498614958
1 0.37667454688731283 0.25277008310249305 0.02048857368006304 0.037396121883656507
1 0.3817966903073286 0.3047091412742382 0.027580772261623327 0.04709141274238227
1 0.37628053585500393 0.20152354570637118 0.016548463356973995 0.03462603878116344
1 0.41134751773049644 0.22714681440443213 0.02364066193853428 0.036011080332409975
1 0.421591804570528 0.19390581717451524 0.018912529550827423 0.038781163434903045
1 0.46178092986603625 0.16066481994459833 0.017336485421591805 0.036011080332409975
1 0.4799054373522459 0.22022160664819945 0.02206461780929866 0.04709141274238227
1 0.5200945626477541 0.20290858725761773 0.02364066193853428 0.037396121883656507
1 0.5098502758077226 0.15166204986149584 0.015760441292356184 0.03462603878116344
1 0.5275807722616234 0.1786703601108033 0.018124507486209612 0.0332409972299169
1 0.5610717100078803 0.17590027700831026 0.018912529550827423 0.036011080332409975
1 0.5598896769109535 0.14750692520775624 0.018124507486209612 0.03185595567867036
1 0.582348305752561 0.14958448753462603 0.015760441292356184 0.0332409972299169
1 0.582348305752561 0.10318559556786704 0.015760441292356184 0.02631578947368421
1 0.6107171000788022 0.12326869806094183 0.015760441292356184 0.027700831024930747
1 0.6154452324665091 0.1440443213296399 0.015760441292356184 0.036011080332409975
1 0.5007880220646178 0.29986149584487537 0.022852639873916468 0.062326869806094184
1 0.5464933018124507 0.3012465373961219 0.027580772261623327 0.05955678670360111
1 0.5567375886524822 0.2590027700831025 0.029156816390858944 0.04986149584487535
1 0.5921985815602837 0.2610803324099723 0.02442868400315209 0.05124653739612189
1 0.5969267139479906 0.22091412742382271 0.019700551615445233 0.04293628808864266
1 0.6390858944050434 0.18213296398891968 0.02048857368006304 0.04016620498614958
1 0.6469661150512215 0.2278393351800554 0.0252167060677699 0.04293628808864266
1 0.6430260047281324 0.2583102493074792 0.02048857368006304 0.045706371191135735
1 0.6481481481481481 0.3060941828254848 0.029156816390858944 0.0664819944598338
1 0.69424743892829 0.22645429362880887 0.02364066193853428 0.05124653739612189
1 0.7182821118991332 0.2458448753462604 0.026004728132387706 0.05678670360110803
1 0.727344365642238 0.1835180055401662 0.02048857368006304 0.04293628808864266
1 0.7111899133175729 0.15650969529085873 0.018124507486209612 0.04155124653739612
1 0.6761229314420804 0.1682825484764543 0.02048857368006304 0.037396121883656507
1 0.7600472813238771 0.13434903047091412 0.014972419227738377 0.027700831024930747
1 0.7541371158392435 0.18005540166204986 0.02048857368006304 0.0332409972299169
1 0.7706855791962175 0.1945983379501385 0.02048857368006304 0.04016620498614958
1 0.7513790386130812 0.22091412742382271 0.02127659574468085 0.045706371191135735
1 0.7797478329393223 0.28185595567867033 0.029156816390858944 0.05955678670360111
1 0.7568951930654059 0.3601108033240997 0.030732860520094562 0.0664819944598338
1 0.8045705279747833 0.23684210526315788 0.02048857368006304 0.04709141274238227
1 0.8167848699763594 0.21398891966759004 0.018124507486209612 0.045706371191135735
1 0.8002364066193853 0.18282548476454294 0.018124507486209612 0.0443213296398892
1 0.793144208037825 0.14265927977839335 0.016548463356973995 0.0332409972299169
1 0.8132387706855791 0.15373961218836565 0.015760441292356184 0.036011080332409975
1 0.8337273443656422 0.19182825484764543 0.015760441292356184 0.04016620498614958
1 0.8502758077226162 0.1634349030470914 0.014184397163120567 0.030470914127423823
1 0.8707643814026793 0.19806094182825484 0.015760441292356184 0.0332409972299169
1 0.8605200945626478 0.25277008310249305 0.02206461780929866 0.05955678670360111
1 0.8372734436564224 0.2943213296398892 0.027580772261623327 0.062326869806094184
1 0.900709219858156 0.2721606648199446 0.02206461780929866 0.04847645429362881