1 0.2125119388729704 0.4694397283531409 0.041069723018147083 0.0967741935483871
1 0.2531041069723018 0.4456706281833616 0.049665711556829036 0.0899830220713073
1 0.4813753581661891 0.32173174872665533 0.030563514804202482 0.05602716468590832
1 0.35148042024832854 0.2538200339558574 0.024832855778414518 0.03904923599320883
1 0.3720152817574021 0.2470288624787776 0.025787965616045846 0.04923599320882852
1 0.4340974212034384 0.2767402376910017 0.027698185291308502 0.04074702886247878
1 0.42550143266475643 0.22410865874363328 0.021967526265520534 0.030560271646859084
1 0.44937917860553966 0.23089983022071306 0.02005730659025788 0.03735144312393888
1 0.45272206303724927 0.19015280135823429 0.021012416427889206 0.03735144312393888
1 0.4761222540592168 0.1969439728353141 0.018147086914995225 0.03395585738539898
1 0.46418338108882523 0.15195246179966043 0.017191977077363897 0.042444821731748725
1 0.47468958930276983 0.15874363327674024 0.017191977077363897 0.042444821731748725
1 0.49808978032473733 0.1536502546689304 0.018147086914995225 0.03225806451612903
1 0.4923591212989494 0.13242784380305603 0.012416427889207259 0.030560271646859084
1 0.5343839541547278 0.13582342954159593 0.01623686723973257 0.030560271646859084
1 0.5635148042024832 0.1468590831918506 0.019102196752626553 0.042444821731748725
1 0.5883476599808978 0.1468590831918506 0.015281757402101241 0.035653650254668934
1 0.5401146131805158 0.200339558573854 0.018147086914995225 0.03735144312393888
1 0.6566380133715377 0.2640067911714771 0.029608404966571154 0.059422750424448216
1 0.6843361986628462 0.15959252971137522 0.025787965616045846 0.04753820033955857
1 0.7129894937917861 0.1460101867572156 0.01623686723973257 0.03735144312393888
1 0.8147086914995224 0.12818336162988114 0.013371537726838587 0.035653650254668934
1 0.7526265520534862 0.1366723259762309 0.013371537726838587 0.03904923599320883
1 0.7397325692454633 0.16553480475382004 0.029608404966571154 0.05263157894736842
1 0.7650429799426934 0.1808149405772496 0.021012416427889206 0.05263157894736842
1 0.8032473734479465 0.18845500848896435 0.019102196752626553 0.04074702886247878
1 0.7220630372492837 0.2826825127334465 0.026743075453677174 0.059422750424448216
1 0.7731614135625597 0.3140916808149406 0.02387774594078319 0.057724957555178265
1 0.879178605539637 0.2300509337860781 0.02387774594078319 0.04584040747028863