1 0.10854616895874264 0.3298429319371728 0.030451866404715127 0.07329842931937172
1 0.3069744597249509 0.20855148342059338 0.0206286836935167 0.04013961605584642
1 0.3379174852652259 0.23909249563699825 0.019646365422396856 0.04537521815008726
1 0.40962671905697445 0.24520069808027922 0.021611001964636542 0.04013961605584642
1 0.41846758349705304 0.16753926701570682 0.015717092337917484 0.031413612565445025
1 0.4425343811394892 0.16579406631762653 0.01669941060903733 0.031413612565445025
1 0.4656188605108055 0.16666666666666666 0.015717092337917484 0.03315881326352531
1 0.4862475442043222 0.19022687609075042 0.015717092337917484 0.031413612565445025
1 0.4945972495088409 0.16579406631762653 0.014734774066797643 0.031413612565445025
1 0.5166994106090373 0.2006980802792321 0.01768172888015717 0.038394415357766144
1 0.5618860510805501 0.193717277486911 0.01768172888015717 0.038394415357766144
1 0.8678781925343811 0.24345549738219896 0.022593320235756387 0.04363001745200698
1 0.8963654223968566 0.20157068062827224 0.01669941060903733 0.03315881326352531
1 0.9287819253438114 0.24607329842931938 0.0206286836935167 0.04537521815008726
1 0.93762278978389 0.21378708551483422 0.014734774066797643 0.03664921465968586