1 0.29835390946502055 0.17 0.0205761316872428 0.038181818181818185
1 0.338477366255144 0.2 0.01646090534979424 0.03636363636363636
1 0.5344650205761317 0.18454545454545454 0.021604938271604937 0.04181818181818182
1 0.6116255144032922 0.20636363636363636 0.01954732510288066 0.04181818181818182
1 0.6244855967078189 0.21545454545454545 0.0205761316872428 0.04181818181818182
1 0.6383744855967078 0.23 0.03189300411522634 0.056363636363636366
1 0.6723251028806584 0.20909090909090908 0.01748971193415638 0.04363636363636364
1 0.6779835390946503 0.17909090909090908 0.018518518518518517 0.038181818181818185
1 0.7103909465020576 0.19272727272727272 0.01748971193415638 0.04
1 0.6815843621399177 0.24363636363636362 0.027777777777777776 0.05090909090909091
1 0.7175925925925926 0.30818181818181817 0.029835390946502057 0.056363636363636366
1 0.816358024691358 0.23363636363636364 0.021604938271604937 0.04909090909090909
1 0.8472222222222222 0.22727272727272727 0.0257201646090535 0.05454545454545454
1 0.8734567901234568 0.25636363636363635 0.02263374485596708 0.05818181818181818
1 0.8914609053497943 0.32181818181818184 0.033950617283950615 0.08727272727272728