1 0.13073852295409183 0.4715808170515098 0.05788423153692615 0.10479573712255773
1 0.313872255489022 0.22646536412078153 0.016966067864271458 0.047957371225577264
1 0.313872255489022 0.20071047957371227 0.012974051896207584 0.028419182948490232
1 0.34930139720558884 0.19538188277087035 0.013972055888223553 0.03197158081705151
1 0.4116766467065868 0.1936056838365897 0.016966067864271458 0.03907637655417407
1 0.4471057884231537 0.2033747779751332 0.015968063872255488 0.037300177619893425
1 0.4471057884231537 0.16962699822380106 0.013972055888223553 0.02664298401420959
1 0.47654690618762474 0.216696269982238 0.018962075848303395 0.046181172291296625
1 0.4805389221556886 0.18738898756660746 0.016966067864271458 0.03374777975133215
1 0.5319361277445109 0.19982238010657194 0.017964071856287425 0.037300177619893425
1 0.562375249500998 0.15364120781527532 0.014970059880239521 0.03374777975133215
1 0.5833333333333334 0.15896980461811722 0.016966067864271458 0.03374777975133215
1 0.6152694610778443 0.09325044404973357 0.010978043912175649 0.02664298401420959
1 0.687624750499002 0.1172291296625222 0.011976047904191617 0.03197158081705151
1 0.7005988023952096 0.1127886323268206 0.011976047904191617 0.02664298401420959
1 0.5139720558882236 0.29484902309058614 0.01996007984031936 0.05328596802841918
1 0.5838323353293413 0.23090586145648312 0.01996007984031936 0.04262877442273535
1 0.590818363273453 0.28507992895204265 0.017964071856287425 0.05150976909413854
1 0.6072854291417166 0.2841918294849023 0.02694610778443114 0.0674955595026643
1 0.626746506986028 0.27087033747779754 0.02594810379241517 0.0586145648312611
1 0.6791417165668663 0.23712255772646537 0.020958083832335328 0.04085257548845471
1 0.689620758483034 0.3241563055062167 0.033932135728542916 0.07282415630550622
1 0.6756487025948104 0.20603907637655416 0.01996007984031936 0.04262877442273535
1 0.6771457085828343 0.16785079928952043 0.014970059880239521 0.03374777975133215
1 0.7070858283433133 0.18650088809946713 0.016966067864271458 0.046181172291296625
1 0.7225548902195609 0.2211367673179396 0.01996007984031936 0.04440497335701599
1 0.7260479041916168 0.35346358792184723 0.0249500998003992 0.06394316163410302
1 0.7435129740518962 0.16962699822380106 0.011976047904191617 0.037300177619893425
1 0.7629740518962076 0.14298401420959148 0.012974051896207584 0.03374777975133215
1 0.7849301397205589 0.12877442273534637 0.010978043912175649 0.023090586145648313
1 0.7879241516966068 0.16962699822380106 0.014970059880239521 0.04440497335701599
1 0.8023952095808383 0.19094138543516873 0.013972055888223553 0.037300177619893425
1 0.8298403193612774 0.17317939609236235 0.012974051896207584 0.03019538188277087
1 0.842814371257485 0.14653641207815277 0.012974051896207584 0.03374777975133215
1 0.842814371257485 0.18294849023090587 0.014970059880239521 0.04262877442273535
1 0.8687624750499002 0.17939609236234458 0.012974051896207584 0.03197158081705151
1 0.905688622754491 0.15719360568383658 0.012974051896207584 0.037300177619893425
1 0.9416167664670658 0.16785079928952043 0.014970059880239521 0.03019538188277087
1 0.8393213572854291 0.23179396092362345 0.017964071856287425 0.04085257548845471
1 0.8088822355289421 0.25932504440497334 0.018962075848303395 0.046181172291296625
1 0.814870259481038 0.28063943161634103 0.018962075848303395 0.046181172291296625
1 0.8168662674650699 0.3481349911190053 0.02694610778443114 0.06039076376554174
1 0.8473053892215568 0.3197158081705151 0.023952095808383235 0.06039076376554174
1 0.9041916167664671 0.41563055062166965 0.02594810379241517 0.07460035523978685
1 0.9211576846307385 0.3259325044404973 0.01996007984031936 0.05150976909413854
1 0.9101796407185628 0.3019538188277087 0.023952095808383235 0.046181172291296625
1 0.8682634730538922 0.2886323268206039 0.021956087824351298 0.03374777975133215
1 0.8897205588822356 0.2246891651865009 0.016966067864271458 0.05150976909413854
1 0.9301397205588823 0.24067495559502664 0.017964071856287425 0.047957371225577264
1 0.9471057884231537 0.20159857904085257 0.013972055888223553 0.03019538188277087
1 0.9246506986027944 0.15985790408525755 0.010978043912175649 0.03197158081705151
1 0.8812375249500998 0.14298401420959148 0.011976047904191617 0.03019538188277087
1 0.8782435129740519 0.16074600355239788 0.011976047904191617 0.03374777975133215
1 0.8173652694610778 0.18383658969804617 0.015968063872255488 0.047957371225577264
1 0.6307385229540918 0.21847246891651864 0.01996007984031936 0.04262877442273535
1 0.41916167664670656 0.1483126110124334 0.011976047904191617 0.019538188277087035
1 0.41916167664670656 0.16785079928952043 0.013972055888223553 0.03019538188277087
1 0.4745508982035928 0.14742451154529307 0.010978043912175649 0.028419182948490232
1 0.49600798403193613 0.1447602131438721 0.011976047904191617 0.03019538188277087
1 0.5189620758483033 0.15186500888099466 0.013972055888223553 0.03374777975133215
1 0.5364271457085829 0.12966252220248667 0.010978043912175649 0.028419182948490232
1 0.5948103792415169 0.10213143872113677 0.00998003992015968 0.023090586145648313
1 0.5888223552894212 0.14298401420959148 0.015968063872255488 0.03019538188277087
1 0.6322355289421158 0.09591474245115453 0.008982035928143712 0.021314387211367674
1 0.6367265469061876 0.12078152753108348 0.00998003992015968 0.028419182948490232
1 0.6327345309381237 0.13765541740674955 0.011976047904191617 0.03019538188277087
1 0.655688622754491 0.12966252220248667 0.011976047904191617 0.028419182948490232
1 0.5503992015968064 0.15452930728241562 0.010978043912175649 0.028419182948490232