1 0.21386138613861386 0.3620996441281139 0.039603960396039604 0.0800711743772242
1 0.31534653465346535 0.2411032028469751 0.01881188118811881 0.04448398576512456
1 0.32673267326732675 0.199288256227758 0.019801980198019802 0.03914590747330961
1 0.3569306930693069 0.20373665480427047 0.016831683168316833 0.037366548042704624
1 0.4183168316831683 0.20818505338078291 0.016831683168316833 0.03202846975088968
1 0.4193069306930693 0.18416370106761565 0.01287128712871287 0.023131672597864767
1 0.4207920792079208 0.16814946619217083 0.013861386138613862 0.026690391459074734
1 0.44752475247524753 0.1806049822064057 0.01782178217821782 0.037366548042704624
1 0.4485148514851485 0.21530249110320285 0.019801980198019802 0.03914590747330961
1 0.4782178217821782 0.23487544483985764 0.02178217821782178 0.0498220640569395
1 0.4772277227722772 0.1903914590747331 0.01782178217821782 0.03914590747330961
1 0.47376237623762374 0.1592526690391459 0.01485148514851485 0.030249110320284697
1 0.4618811881188119 0.14768683274021352 0.01287128712871287 0.03202846975088968
1 0.5014851485148515 0.15747330960854092 0.01485148514851485 0.037366548042704624
1 0.5069306930693069 0.14145907473309607 0.011881188118811881 0.023131672597864767
1 0.5014851485148515 0.1298932384341637 0.01089108910891089 0.02491103202846975
1 0.5212871287128713 0.1583629893238434 0.01485148514851485 0.03914590747330961
1 0.5400990099009901 0.1903914590747331 0.020792079207920793 0.03914590747330961
1 0.555940594059406 0.1619217081850534 0.01485148514851485 0.042704626334519574
1 0.5391089108910891 0.148576512455516 0.01485148514851485 0.033807829181494664
1 0.5287128712871287 0.12544483985765126 0.011881188118811881 0.030249110320284697
1 0.550990099009901 0.1307829181494662 0.01287128712871287 0.019572953736654804
1 0.5643564356435643 0.1512455516014235 0.013861386138613862 0.028469750889679714
1 0.5871287128712871 0.17259786476868327 0.01782178217821782 0.042704626334519574
1 0.5905940594059406 0.15035587188612098 0.01485148514851485 0.033807829181494664
1 0.6292079207920792 0.152135231316726 0.01287128712871287 0.033807829181494664
1 0.6495049504950495 0.15391459074733096 0.015841584158415842 0.033807829181494664
1 0.6376237623762376 0.1290035587188612 0.011881188118811881 0.026690391459074734
1 0.6297029702970297 0.10765124555160142 0.011881188118811881 0.030249110320284697
1 0.6128712871287129 0.10498220640569395 0.011881188118811881 0.021352313167259787
1 0.5945544554455445 0.11565836298932385 0.01089108910891089 0.02491103202846975
1 0.6623762376237624 0.12277580071174377 0.013861386138613862 0.02491103202846975
1 0.6742574257425743 0.17882562277580072 0.02178217821782178 0.04448398576512456
1 0.7004950495049505 0.12366548042704627 0.01287128712871287 0.033807829181494664
1 0.6886138613861386 0.13167259786476868 0.01287128712871287 0.02491103202846975
1 0.656930693069307 0.11565836298932385 0.00891089108910891 0.021352313167259787
1 0.5202970297029703 0.2998220640569395 0.030693069306930693 0.06227758007117438
1 0.5886138613861386 0.2944839857651246 0.026732673267326732 0.06227758007117438
1 0.6103960396039604 0.3069395017793594 0.030693069306930693 0.0693950177935943
1 0.5856435643564356 0.2411032028469751 0.020792079207920793 0.04448398576512456
1 0.6341584158415842 0.23309608540925267 0.024752475247524754 0.046263345195729534
1 0.6792079207920793 0.2206405693950178 0.019801980198019802 0.046263345195729534
1 0.7079207920792079 0.19750889679715303 0.015841584158415842 0.03558718861209965
1 0.7178217821782178 0.23576512455516013 0.02178217821782178 0.051601423487544484
1 0.7108910891089109 0.17348754448398576 0.015841584158415842 0.033807829181494664
1 0.7435643564356436 0.1806049822064057 0.015841584158415842 0.033807829181494664
1 0.7638613861386139 0.15747330960854092 0.016831683168316833 0.037366548042704624
1 0.754950495049505 0.13167259786476868 0.016831683168316833 0.028469750889679714
1 0.7841584158415842 0.14412811387900357 0.015841584158415842 0.03202846975088968
1 0.7826732673267327 0.18505338078291814 0.016831683168316833 0.03914590747330961
1 0.8004950495049505 0.17615658362989323 0.01485148514851485 0.03914590747330961
1 0.8128712871287128 0.19306049822064056 0.01782178217821782 0.037366548042704624
1 0.7945544554455446 0.21530249110320285 0.020792079207920793 0.046263345195729534
1 0.7930693069306931 0.2944839857651246 0.02574257425742574 0.05871886120996441
1 0.7594059405940594 0.3505338078291815 0.0297029702970297 0.060498220640569395
1 0.6782178217821783 0.3193950177935943 0.031683168316831684 0.07651245551601424
1 0.6594059405940594 0.302491103202847 0.02178217821782178 0.05338078291814947
1 0.8113861386138614 0.36743772241992884 0.034653465346534656 0.07295373665480427
1 0.8504950495049505 0.3140569395017794 0.02574257425742574 0.06227758007117438
1 0.806930693069307 0.27669039145907476 0.019801980198019802 0.05516014234875445
1 0.8311881188118811 0.23398576512455516 0.02277227722772277 0.04804270462633452
1 0.8306930693069307 0.1806049822064057 0.015841584158415842 0.037366548042704624
1 0.8425742574257425 0.1592526690391459 0.013861386138613862 0.033807829181494664
1 0.8584158415841584 0.19483985765124556 0.01782178217821782 0.04092526690391459
1 0.8678217821782178 0.19217081850533807 0.01485148514851485 0.03914590747330961
1 0.8782178217821782 0.1619217081850534 0.013861386138613862 0.03914590747330961
1 0.8915841584158416 0.2001779359430605 0.01881188118811881 0.037366548042704624
1 0.901980198019802 0.17793594306049823 0.015841584158415842 0.03914590747330961
1 0.9099009900990099 0.16725978647686832 0.013861386138613862 0.03202846975088968
1 0.8866336633663366 0.23220640569395018 0.016831683168316833 0.04804270462633452
1 0.8698019801980198 0.297153024911032 0.020792079207920793 0.0498220640569395
1 0.9099009900990099 0.3959074733096085 0.03564356435643564 0.07295373665480427
1 0.9158415841584159 0.3300711743772242 0.0297029702970297 0.06227758007117438
1 0.943069306930693 0.2918149466192171 0.026732673267326732 0.05693950177935943
1 0.9252475247524753 0.24822064056939502 0.020792079207920793 0.04804270462633452
1 0.9336633663366337 0.23398576512455516 0.019801980198019802 0.04092526690391459
1 0.9445544554455445 0.20462633451957296 0.015841584158415842 0.03558718861209965
1 0.94009900990099 0.1797153024911032 0.01089108910891089 0.02491103202846975