1 0.17882352941176471 0.5265017667844523 0.08 0.127208480565371
1 0.10823529411764705 0.47703180212014135 0.07058823529411765 0.12014134275618374
1 0.029411764705882353 0.4204946996466431 0.04941176470588235 0.08480565371024736
1 0.07176470588235294 0.38515901060070673 0.04470588235294118 0.08480565371024736
1 0.05058823529411765 0.3215547703180212 0.03529411764705882 0.04946996466431095
1 0.1564705882352941 0.411660777385159 0.058823529411764705 0.08833922261484099
1 0.24235294117647058 0.3621908127208481 0.03294117647058824 0.06007067137809187
1 0.2847058823529412 0.4381625441696113 0.06588235294117648 0.11307420494699646
1 0.3352941176470588 0.3551236749116608 0.03058823529411765 0.053003533568904596
1 0.38588235294117645 0.34275618374558303 0.03764705882352941 0.0706713780918728
1 0.46 0.22438162544169613 0.1388235294117647 0.2508833922261484
1 0.5541176470588235 0.31802120141342755 0.03529411764705882 0.0706713780918728
1 0.5941176470588235 0.38869257950530034 0.04941176470588235 0.09187279151943463
1 0.6152941176470588 0.3303886925795053 0.03529411764705882 0.053003533568904596
1 0.6435294117647059 0.3003533568904594 0.02588235294117647 0.05653710247349823
1 0.6611764705882353 0.3321554770318021 0.02823529411764706 0.04946996466431095
1 0.6847058823529412 0.3409893992932862 0.023529411764705882 0.053003533568904596
1 0.7376470588235294 0.3833922261484099 0.05411764705882353 0.08833922261484099
1 0.788235294117647 0.4734982332155477 0.08941176470588236 0.1413427561837456
1 0.7517647058823529 0.3127208480565371 0.03529411764705882 0.053003533568904596
1 0.78 0.31802120141342755 0.02588235294117647 0.05653710247349823
1 0.8023529411764706 0.3374558303886926 0.042352941176470586 0.0812720848056537
1 0.8564705882352941 0.3869257950530035 0.047058823529411764 0.08833922261484099
1 0.88 0.4628975265017668 0.05647058823529412 0.11307420494699646
1 0.8741176470588236 0.23498233215547704 0.03058823529411765 0.045936395759717315
1 0.9023529411764706 0.31095406360424027 0.03058823529411765 0.0636042402826855
1 0.9541176470588235 0.34452296819787986 0.03529411764705882 0.06713780918727916
1 0.9611764705882353 0.2950530035335689 0.03058823529411765 0.053003533568904596