1 0.16666666666666666 0.21037735849056605 0.017094017094017096 0.03207547169811321
1 0.1623931623931624 0.3481132075471698 0.042735042735042736 0.08867924528301886
1 0.3108974358974359 0.18396226415094338 0.019230769230769232 0.0509433962264151
1 0.3424145299145299 0.22264150943396227 0.0202991452991453 0.04150943396226415
1 0.41185897435897434 0.22830188679245284 0.0202991452991453 0.045283018867924525
1 0.4252136752136752 0.1490566037735849 0.014957264957264958 0.033962264150943396
1 0.4497863247863248 0.1471698113207547 0.01282051282051282 0.033962264150943396
1 0.4732905982905983 0.1481132075471698 0.01282051282051282 0.03207547169811321
1 0.49145299145299143 0.1660377358490566 0.01282051282051282 0.03018867924528302
1 0.5016025641025641 0.14339622641509434 0.013888888888888888 0.03018867924528302
1 0.5229700854700855 0.1792452830188679 0.018162393162393164 0.04150943396226415
1 0.5657051282051282 0.1792452830188679 0.018162393162393164 0.04150943396226415
1 0.8995726495726496 0.21320754716981133 0.019230769230769232 0.04905660377358491
1 0.9150641025641025 0.16792452830188678 0.013888888888888888 0.033962264150943396
1 0.9449786324786325 0.22735849056603774 0.018162393162393164 0.0509433962264151
1 0.9503205128205128 0.19150943396226416 0.013888888888888888 0.035849056603773584