1 0.33847850055126794 0.1875 0.017640573318632856 0.037698412698412696
1 0.3974641675854465 0.1626984126984127 0.016538037486218304 0.03968253968253968
1 0.5733186328555678 0.12797619047619047 0.013230429988974642 0.037698412698412696
1 0.38974641675854466 0.21825396825396826 0.025358324145534728 0.047619047619047616
1 0.41289966923925026 0.2261904761904762 0.018743109151047408 0.04365079365079365
1 0.4448732083792723 0.23412698412698413 0.023153252480705624 0.03968253968253968
1 0.5121278941565601 0.19543650793650794 0.016538037486218304 0.0496031746031746
1 0.5507166482910695 0.19246031746031747 0.016538037486218304 0.051587301587301584
1 0.6218302094818081 0.26587301587301587 0.02866593164277839 0.06349206349206349
1 0.7850055126791621 0.22321428571428573 0.019845644983461964 0.05357142857142857
1 0.8076074972436604 0.2718253968253968 0.023153252480705624 0.05555555555555555
1 0.9211686879823594 0.26091269841269843 0.020948180815876516 0.04563492063492063
1 0.9404630650496141 0.2003968253968254 0.017640573318632856 0.03571428571428571