1 0.1520882584712372 0.4019607843137255 0.0425531914893617 0.0784313725490196
1 0.29353821907013394 0.25840336134453784 0.019700551615445233 0.037815126050420166
1 0.3329393223010244 0.24649859943977592 0.022852639873916468 0.04201680672268908
1 0.3313632781717888 0.211484593837535 0.018124507486209612 0.03081232492997199
1 0.3483057525610717 0.20728291316526612 0.015760441292356184 0.036414565826330535
1 0.3656422379826635 0.21218487394957983 0.015760441292356184 0.0350140056022409
1 0.37746256895193064 0.22198879551820727 0.017336485421591805 0.0350140056022409
1 0.38573680063041765 0.2549019607843137 0.018124507486209612 0.04481792717086835
1 0.3613081166272656 0.25210084033613445 0.016548463356973995 0.03081232492997199
1 0.3963750985027581 0.21778711484593838 0.014184397163120567 0.03221288515406162
1 0.42907801418439717 0.21988795518207283 0.018124507486209612 0.036414565826330535
1 0.4231678486997636 0.25280112044817926 0.02048857368006304 0.037815126050420166
1 0.44759653270291566 0.18557422969187676 0.01260835303388495 0.029411764705882353
1 0.42080378250591016 0.19257703081232494 0.015760441292356184 0.0350140056022409
1 0.4507486209613869 0.16596638655462184 0.014184397163120567 0.02661064425770308
1 0.4578408195429472 0.1407563025210084 0.01260835303388495 0.02661064425770308
1 0.4739952718676123 0.14145658263305322 0.013396375098502758 0.028011204481792718
1 0.47793538219070136 0.17647058823529413 0.018124507486209612 0.028011204481792718
1 0.4984239558707644 0.17717086834733894 0.014972419227738377 0.0350140056022409
1 0.4806934594168637 0.21498599439775912 0.02206461780929866 0.04061624649859944
1 0.508274231678487 0.15476190476190477 0.01260835303388495 0.029411764705882353
1 0.5181245074862096 0.12254901960784313 0.01182033096926714 0.023809523809523808
1 0.5319148936170213 0.13795518207282914 0.01260835303388495 0.023809523809523808
1 0.5476753349093775 0.16176470588235295 0.017336485421591805 0.04061624649859944
1 0.5334909377462569 0.12464985994397759 0.01260835303388495 0.01680672268907563
1 0.5516154452324665 0.12955182072829133 0.01260835303388495 0.0350140056022409
1 0.5591016548463357 0.11764705882352941 0.014972419227738377 0.03361344537815126
1 0.5776201733648542 0.15266106442577032 0.017336485421591805 0.03361344537815126
1 0.5835303388494878 0.13165266106442577 0.014972419227738377 0.03081232492997199
1 0.5858944050433412 0.11274509803921569 0.01182033096926714 0.02661064425770308
1 0.6048069345941687 0.14145658263305322 0.014972419227738377 0.03361344537815126
1 0.6071710007880221 0.12184873949579832 0.016548463356973995 0.03081232492997199
1 0.6130811662726556 0.11064425770308123 0.009456264775413711 0.025210084033613446
1 0.6162332545311269 0.09733893557422969 0.009456264775413711 0.023809523809523808
1 0.6288416075650118 0.11904761904761904 0.014184397163120567 0.03081232492997199
1 0.644602048857368 0.13025210084033614 0.015760441292356184 0.03361344537815126
1 0.648936170212766 0.09173669467787114 0.01182033096926714 0.023809523809523808
1 0.6615445232466509 0.10504201680672269 0.01024428684003152 0.022408963585434174
1 0.6631205673758865 0.12815126050420167 0.01182033096926714 0.02661064425770308
1 0.6903073286052009 0.09593837535014006 0.01260835303388495 0.029411764705882353
1 0.5594956658786446 0.23039215686274508 0.0252167060677699 0.049019607843137254
1 0.5362490149724193 0.27871148459383754 0.027580772261623327 0.06162464985994398
1 0.5870764381402679 0.31442577030812324 0.029944838455476755 0.0546218487394958
1 0.6154452324665091 0.23599439775910364 0.02206461780929866 0.046218487394957986
1 0.6260835303388494 0.19047619047619047 0.018124507486209612 0.036414565826330535
1 0.6516942474389283 0.22338935574229693 0.02048857368006304 0.046218487394957986
1 0.6812450748620962 0.2415966386554622 0.02442868400315209 0.05182072829131653
1 0.6761229314420804 0.18627450980392157 0.017336485421591805 0.0392156862745098
1 0.7029156816390859 0.1407563025210084 0.01260835303388495 0.029411764705882353
1 0.7127659574468085 0.15966386554621848 0.014972419227738377 0.03361344537815126
1 0.7237982663514578 0.17647058823529413 0.02127659574468085 0.047619047619047616
1 0.7048857368006304 0.23669467787114845 0.022852639873916468 0.05042016806722689
1 0.7454688731284476 0.13725490196078433 0.015760441292356184 0.03361344537815126
1 0.727344365642238 0.13095238095238096 0.015760441292356184 0.02661064425770308
1 0.7509850275807722 0.17086834733893558 0.017336485421591805 0.036414565826330535
1 0.7777777777777778 0.14635854341736695 0.014184397163120567 0.029411764705882353
1 0.7679275019700552 0.13375350140056022 0.008668242710795903 0.02100840336134454
1 0.7750197005516154 0.12184873949579832 0.01024428684003152 0.022408963585434174
1 0.8002364066193853 0.11974789915966387 0.014972419227738377 0.029411764705882353
1 0.7561071710007881 0.22478991596638656 0.022852639873916468 0.0350140056022409
1 0.7431048069345941 0.24509803921568626 0.02364066193853428 0.04481792717086835
1 0.7565011820330969 0.30532212885154064 0.0252167060677699 0.058823529411764705
1 0.8321513002364066 0.34103641456582634 0.028368794326241134 0.07983193277310924
1 0.8368794326241135 0.30602240896358546 0.028368794326241134 0.0546218487394958
1 0.8092986603624901 0.23949579831932774 0.02048857368006304 0.04481792717086835
1 0.8226950354609929 0.19957983193277312 0.015760441292356184 0.04061624649859944
1 0.789598108747045 0.1799719887955182 0.02048857368006304 0.037815126050420166
1 0.8128447596532703 0.14565826330532214 0.01182033096926714 0.03361344537815126
1 0.8215130023640662 0.12955182072829133 0.013396375098502758 0.029411764705882353
1 0.830575256107171 0.11974789915966387 0.01103230890464933 0.023809523809523808
1 0.8455476753349094 0.1561624649859944 0.014184397163120567 0.029411764705882353
1 0.8396375098502759 0.18067226890756302 0.013396375098502758 0.036414565826330535
1 0.8420015760441293 0.24019607843137256 0.02127659574468085 0.046218487394957986
1 0.8715524034672971 0.40406162464985995 0.03309692671394799 0.09103641456582633
1 0.9026792750197006 0.35294117647058826 0.027580772261623327 0.0700280112044818
1 0.8947990543735225 0.29971988795518206 0.02127659574468085 0.036414565826330535
1 0.8691883372734437 0.21218487394957983 0.017336485421591805 0.04061624649859944
1 0.8861308116627266 0.17717086834733894 0.014972419227738377 0.0350140056022409
1 0.8955870764381403 0.15266106442577032 0.014972419227738377 0.03361344537815126
1 0.8565799842395587 0.1400560224089636 0.014184397163120567 0.03361344537815126
1 0.863672182821119 0.13025210084033614 0.014184397163120567 0.028011204481792718
1 0.8995271867612293 0.12745098039215685 0.014972419227738377 0.025210084033613446
1 0.9141055949566588 0.22268907563025211 0.02048857368006304 0.05042016806722689
1 0.9278959810874704 0.1953781512605042 0.016548463356973995 0.029411764705882353
1 0.9251379038613081 0.1568627450980392 0.014184397163120567 0.03361344537815126
1 0.9377462568951931 0.1561624649859944 0.01260835303388495 0.029411764705882353