1 0.29341864716636196 0.7911084043848965 0.07861060329067641 0.1425091352009744
1 0.12111517367458867 0.741169305724726 0.07221206581352833 0.11571254567600488
1 0.08912248628884827 0.6930572472594397 0.044789762340036565 0.06577344701583435
1 0.4026508226691042 0.6425091352009744 0.033820840950639856 0.06699147381242387
1 0.4643510054844607 0.6169305724725944 0.031078610603290677 0.047503045066991476
1 0.506398537477148 0.6254567600487211 0.03473491773308958 0.05237515225334957
1 0.4616087751371115 0.5481120584652862 0.021937842778793418 0.0341047503045067
1 0.5306215722120659 0.5365408038976858 0.013711151736745886 0.030450669914738125
1 0.5744972577696527 0.6199756394640682 0.0356489945155393 0.048721071863580996
1 0.6060329067641682 0.6626065773447016 0.054844606946983544 0.07551766138855055
1 0.6741316270566727 0.646163215590743 0.03930530164533821 0.05481120584652863
1 0.6585923217550275 0.5907429963459196 0.024680073126142597 0.04141291108404385
1 0.6956124314442413 0.5858708891595615 0.02376599634369287 0.0389768574908648
1 0.7184643510054844 0.6071863580998782 0.02376599634369287 0.040194884287454324
1 0.7372029250457038 0.597442143727162 0.0283363802559415 0.037758830694275276
1 0.7568555758683729 0.6278928136419001 0.03290676416819013 0.06211936662606577
1 0.7801645338208409 0.6887941534713764 0.05393053016453382 0.08404384896467722
1 0.876599634369287 0.6534713763702802 0.05850091407678245 0.07673568818514007
1 0.8843692870201096 0.597442143727162 0.04661791590493602 0.06211936662606577
1 0.803473491773309 0.587088915956151 0.03656307129798903 0.05602923264311815
1 0.9401279707495429 0.5992691839220463 0.037477148080438755 0.06090133982947625
1 0.9826325411334552 0.6084043848964678 0.03473491773308958 0.05968331303288672