1 0.07455268389662027 0.36755952380952384 0.0775347912524851 0.11011904761904762
1 0.14612326043737575 0.34523809523809523 0.06560636182902585 0.08333333333333333
1 0.15109343936381708 0.2976190476190476 0.039761431411530816 0.05952380952380952
1 0.17594433399602386 0.2663690476190476 0.02982107355864811 0.050595238095238096
1 0.09145129224652088 0.27380952380952384 0.03578528827037773 0.05357142857142857
1 0.061630218687872766 0.2976190476190476 0.0437375745526839 0.05357142857142857
1 0.018886679920477135 0.26785714285714285 0.033797216699801194 0.06547619047619048
1 0.05069582504970179 0.6845238095238095 0.09343936381709742 0.22023809523809523
1 0.34791252485089463 0.5699404761904762 0.10337972166998012 0.17559523809523808
1 0.39363817097415504 0.40476190476190477 0.08349900596421471 0.11904761904761904
1 0.3588469184890656 0.33482142857142855 0.041749502982107355 0.0625
1 0.34095427435387676 0.30654761904761907 0.02982107355864811 0.047619047619047616
1 0.3081510934393638 0.2663690476190476 0.027833001988071572 0.05654761904761905
1 0.2544731610337972 0.27529761904761907 0.027833001988071572 0.050595238095238096
1 0.23359840954274355 0.31398809523809523 0.04970178926441352 0.08035714285714286
1 0.39363817097415504 0.28422619047619047 0.03180914512922465 0.050595238095238096
1 0.4115308151093439 0.3482142857142857 0.055666003976143144 0.08928571428571429
1 0.4731610337972167 0.3318452380952381 0.05168986083499006 0.08630952380952381
1 0.9284294234592445 0.23214285714285715 0.09145129224652088 0.15476190476190477