1 0.10122448979591837 0.5469798657718121 0.045714285714285714 0.11409395973154363
1 0.2089795918367347 0.2684563758389262 0.017959183673469388 0.053691275167785234
1 0.22 0.2802013422818792 0.02040816326530612 0.053691275167785234
1 0.26653061224489794 0.23993288590604026 0.018775510204081632 0.04697986577181208
1 0.28408163265306124 0.24412751677852348 0.02122448979591837 0.05201342281879195
1 0.2987755102040816 0.21476510067114093 0.019591836734693877 0.053691275167785234
1 0.32693877551020406 0.23657718120805368 0.018775510204081632 0.06375838926174497
1 0.3416326530612245 0.2080536912751678 0.017142857142857144 0.04697986577181208
1 0.356734693877551 0.19463087248322147 0.0163265306122449 0.03691275167785235
1 0.3653061224489796 0.25922818791946306 0.0236734693877551 0.05201342281879195
1 0.3873469387755102 0.23993288590604026 0.018775510204081632 0.0436241610738255
1 0.3824489795918367 0.18708053691275167 0.015510204081632653 0.04194630872483222
1 0.4216326530612245 0.19630872483221476 0.017142857142857144 0.0436241610738255
1 0.4289795918367347 0.17030201342281878 0.015510204081632653 0.04194630872483222
1 0.4330612244897959 0.2953020134228188 0.0236734693877551 0.053691275167785234
1 0.46448979591836737 0.24328859060402686 0.02122448979591837 0.053691275167785234
1 0.4473469387755102 0.1669463087248322 0.013061224489795919 0.031879194630872486
1 0.47306122448979593 0.17114093959731544 0.018775510204081632 0.040268456375838924
1 0.4869387755102041 0.1552013422818792 0.018775510204081632 0.03523489932885906
1 0.49020408163265305 0.2063758389261745 0.018775510204081632 0.040268456375838924
1 0.5138775510204082 0.17281879194630873 0.02040816326530612 0.0436241610738255
1 0.5212244897959184 0.15855704697986578 0.012244897959183673 0.03523489932885906
1 0.5493877551020409 0.2256711409395973 0.0163265306122449 0.04530201342281879
1 0.5636734693877551 0.21644295302013422 0.017142857142857144 0.040268456375838924
1 0.5502040816326531 0.13506711409395974 0.014693877551020407 0.031879194630872486
1 0.5538775510204081 0.1593959731543624 0.015510204081632653 0.03691275167785235
1 0.576734693877551 0.13506711409395974 0.017142857142857144 0.03523489932885906
1 0.5775510204081633 0.17197986577181207 0.015510204081632653 0.03859060402684564
1 0.5951020408163266 0.11912751677852348 0.014693877551020407 0.03355704697986577
1 0.6024489795918367 0.15604026845637584 0.014693877551020407 0.03355704697986577
1 0.6077551020408163 0.17869127516778524 0.015510204081632653 0.04194630872483222
1 0.6183673469387755 0.19966442953020133 0.017142857142857144 0.0436241610738255
1 0.6265306122448979 0.1325503355704698 0.013877551020408163 0.03691275167785235
1 0.653469387755102 0.15016778523489932 0.013877551020408163 0.03859060402684564
1 0.6571428571428571 0.1820469798657718 0.013061224489795919 0.03523489932885906
1 0.6559183673469388 0.24580536912751677 0.022040816326530613 0.0587248322147651
1 0.6089795918367347 0.2953020134228188 0.02122448979591837 0.05704697986577181
1 0.5710204081632653 0.33305369127516776 0.025306122448979593 0.06208053691275168
1 0.6028571428571429 0.3691275167785235 0.026938775510204082 0.06375838926174497
1 0.6571428571428571 0.3976510067114094 0.029387755102040815 0.06375838926174497
1 0.7155102040816327 0.4211409395973154 0.030204081632653063 0.06711409395973154
1 0.7938775510204081 0.4446308724832215 0.03183673469387755 0.09395973154362416
1 0.8706122448979592 0.49580536912751677 0.03183673469387755 0.08221476510067115
1 0.8816326530612245 0.41442953020134227 0.022857142857142857 0.06711409395973154
1 0.6628571428571428 0.13003355704697986 0.014693877551020407 0.03523489932885906
1 0.6877551020408164 0.1401006711409396 0.013877551020408163 0.03859060402684564
1 0.7106122448979592 0.15604026845637584 0.013877551020408163 0.040268456375838924
1 0.6942857142857143 0.2139261744966443 0.017142857142857144 0.04865771812080537
1 0.7220408163265306 0.25671140939597314 0.0236734693877551 0.050335570469798654
1 0.7395918367346939 0.22818791946308725 0.019591836734693877 0.0436241610738255
1 0.7473469387755102 0.19463087248322147 0.015510204081632653 0.03691275167785235
1 0.7693877551020408 0.18456375838926176 0.015510204081632653 0.040268456375838924
1 0.7779591836734694 0.20469798657718122 0.0163265306122449 0.04697986577181208
1 0.7522448979591837 0.2902684563758389 0.022040816326530613 0.053691275167785234
1 0.7971428571428572 0.24412751677852348 0.018775510204081632 0.05201342281879195
1 0.806530612244898 0.1929530201342282 0.0163265306122449 0.040268456375838924
1 0.8208163265306122 0.22651006711409397 0.017142857142857144 0.03691275167785235
1 0.8142857142857143 0.2953020134228188 0.018775510204081632 0.06040268456375839
1 0.8416326530612245 0.2139261744966443 0.017959183673469388 0.03859060402684564
1 0.8710204081632653 0.23154362416107382 0.014693877551020407 0.03691275167785235
1 0.8926530612244898 0.23070469798657717 0.013877551020408163 0.04530201342281879
1 0.9020408163265307 0.25922818791946306 0.014693877551020407 0.04194630872483222
1 0.9314285714285714 0.26929530201342283 0.014693877551020407 0.04194630872483222
1 0.9510204081632653 0.24412751677852348 0.014693877551020407 0.04194630872483222
1 0.9844897959183674 0.2625838926174497 0.014693877551020407 0.03859060402684564
1 0.9759183673469388 0.3145973154362416 0.015510204081632653 0.05201342281879195
1 0.9751020408163266 0.3624161073825503 0.017142857142857144 0.053691275167785234
1 0.9416326530612245 0.3800335570469799 0.022040816326530613 0.06543624161073826
1 0.9269387755102041 0.32550335570469796 0.015510204081632653 0.05704697986577181
1 0.8861224489795918 0.29446308724832215 0.017142857142857144 0.04865771812080537
1 0.8612244897959184 0.33808724832214765 0.02122448979591837 0.04865771812080537
1 0.8689795918367347 0.3187919463087248 0.022040816326530613 0.050335570469798654
1 0.96 0.43791946308724833 0.024489795918367346 0.06375838926174497