1 0.64609375 0.10833333333333334 0.0828125 0.15555555555555556
1 0.589453125 0.08611111111111111 0.03671875 0.08333333333333333
1 0.560546875 0.27361111111111114 0.03984375 0.08333333333333333
1 0.529296875 0.09930555555555555 0.03359375 0.07916666666666666
1 0.43984375 0.08472222222222223 0.0390625 0.06944444444444445
1 0.4109375 0.26180555555555557 0.034375 0.07361111111111111
1 0.3890625 0.20625 0.0265625 0.06527777777777778
1 0.361328125 0.21875 0.02578125 0.059722222222222225
1 0.33046875 0.2875 0.046875 0.1
1 0.299609375 0.25416666666666665 0.02578125 0.07222222222222222
1 0.250390625 0.4305555555555556 0.11796875 0.20555555555555555
1 0.206640625 0.26319444444444445 0.04140625 0.09027777777777778
1 0.159375 0.15625 0.028125 0.059722222222222225
1 0.141015625 0.27569444444444446 0.03046875 0.06527777777777778
1 0.1265625 0.3138888888888889 0.0375 0.08055555555555556
1 0.11875 0.36666666666666664 0.0546875 0.11944444444444445
1 0.023046875 0.42569444444444443 0.04296875 0.1625
1 0.067578125 0.17777777777777778 0.04765625 0.08055555555555556
1 0.01953125 0.18472222222222223 0.0359375 0.06944444444444445