1 0.19915254237288135 0.35333333333333333 0.044256120527306965 0.09333333333333334
1 0.2853107344632768 0.25416666666666665 0.02448210922787194 0.045
1 0.3159133709981168 0.21833333333333332 0.014124293785310734 0.02666666666666667
1 0.3163841807909605 0.26666666666666666 0.01694915254237288 0.03333333333333333
1 0.3385122410546139 0.27 0.01977401129943503 0.03666666666666667
1 0.3465160075329567 0.22166666666666668 0.018832391713747645 0.03333333333333333
1 0.3724105461393597 0.21 0.014124293785310734 0.03333333333333333
1 0.3794726930320151 0.23 0.02071563088512241 0.03
1 0.3912429378531073 0.19916666666666666 0.021657250470809793 0.045
1 0.4317325800376648 0.2841666666666667 0.023540489642184557 0.055
1 0.4246704331450094 0.21583333333333332 0.02071563088512241 0.041666666666666664
1 0.4265536723163842 0.17333333333333334 0.01694915254237288 0.03
1 0.4416195856873823 0.19583333333333333 0.018832391713747645 0.035
1 0.4609227871939736 0.21666666666666667 0.017890772128060263 0.03666666666666667
1 0.4637476459510358 0.19 0.017890772128060263 0.03333333333333333
1 0.4505649717514124 0.1725 0.017890772128060263 0.028333333333333332
1 0.4515065913370998 0.1475 0.0160075329566855 0.025
1 0.4736346516007533 0.15416666666666667 0.015065913370998116 0.035
1 0.4967043314500942 0.19083333333333333 0.01977401129943503 0.035
1 0.504708097928437 0.17583333333333334 0.01694915254237288 0.028333333333333332
1 0.4882297551789077 0.13 0.014124293785310734 0.02666666666666667
1 0.5254237288135594 0.14166666666666666 0.018832391713747645 0.03333333333333333
1 0.551789077212806 0.16083333333333333 0.01694915254237288 0.035
1 0.5470809792843692 0.19416666666666665 0.02071563088512241 0.041666666666666664
1 0.5748587570621468 0.16583333333333333 0.0160075329566855 0.03833333333333333
1 0.556497175141243 0.1225 0.013182674199623353 0.03166666666666667
1 0.583804143126177 0.11916666666666667 0.015065913370998116 0.025
1 0.5814500941619586 0.13833333333333334 0.0160075329566855 0.023333333333333334
1 0.5927495291902072 0.10083333333333333 0.0160075329566855 0.025
1 0.6087570621468926 0.11666666666666667 0.01224105461393597 0.02666666666666667
1 0.6186440677966102 0.09916666666666667 0.013182674199623353 0.025
1 0.6224105461393596 0.14 0.01694915254237288 0.03333333333333333
1 0.6384180790960452 0.11083333333333334 0.013182674199623353 0.028333333333333332
1 0.6511299435028248 0.10083333333333333 0.0160075329566855 0.03166666666666667
1 0.6685499058380414 0.12 0.01694915254237288 0.03
1 0.693502824858757 0.09833333333333333 0.0160075329566855 0.03333333333333333
1 0.6581920903954802 0.1625 0.022598870056497175 0.045
1 0.6666666666666666 0.2 0.02071563088512241 0.05333333333333334
1 0.6073446327683616 0.21 0.026365348399246705 0.04666666666666667
1 0.6111111111111112 0.25416666666666665 0.030131826741996232 0.055
1 0.5630885122410546 0.24916666666666668 0.026365348399246705 0.04833333333333333
1 0.5480225988700564 0.3075 0.03389830508474576 0.065
1 0.4943502824858757 0.2991666666666667 0.02824858757062147 0.051666666666666666
1 0.6826741996233522 0.32916666666666666 0.032015065913371 0.065
1 0.6115819209039548 0.3383333333333333 0.038606403013182675 0.07
1 0.666195856873823 0.25166666666666665 0.01977401129943503 0.05
1 0.71045197740113 0.2225 0.023540489642184557 0.04833333333333333
1 0.71939736346516 0.2833333333333333 0.030131826741996232 0.06666666666666667
1 0.7721280602636534 0.28583333333333333 0.026365348399246705 0.055
1 0.698210922787194 0.18 0.017890772128060263 0.04
1 0.6972693032015066 0.14416666666666667 0.017890772128060263 0.03833333333333333
1 0.713276836158192 0.13416666666666666 0.017890772128060263 0.045
1 0.7358757062146892 0.12833333333333333 0.0160075329566855 0.03333333333333333
1 0.75 0.14416666666666667 0.014124293785310734 0.035
1 0.737758945386064 0.1625 0.017890772128060263 0.03833333333333333
1 0.75 0.18833333333333332 0.017890772128060263 0.04666666666666667
1 0.7612994350282486 0.17916666666666667 0.014124293785310734 0.03833333333333333
1 0.7678907721280602 0.1325 0.0160075329566855 0.03166666666666667
1 0.7556497175141242 0.105 0.0160075329566855 0.02666666666666667
1 0.8036723163841808 0.1775 0.021657250470809793 0.041666666666666664
1 0.8130885122410546 0.1275 0.01224105461393597 0.03166666666666667
1 0.8060263653483992 0.1425 0.013182674199623353 0.021666666666666667
1 0.833804143126177 0.1375 0.0160075329566855 0.03833333333333333
1 0.8272128060263654 0.16916666666666666 0.0160075329566855 0.03833333333333333
1 0.8483992467043314 0.1875 0.01694915254237288 0.04833333333333333
1 0.8681732580037664 0.16583333333333333 0.018832391713747645 0.03833333333333333
1 0.8700564971751412 0.13583333333333333 0.015065913370998116 0.028333333333333332
1 0.8822975517890772 0.185 0.02071563088512241 0.04666666666666667
1 0.8738229755178908 0.2275 0.022598870056497175 0.051666666666666666
1 0.9190207156308852 0.28 0.02448210922787194 0.06
1 0.9246704331450094 0.18583333333333332 0.018832391713747645 0.041666666666666664
1 0.8987758945386064 0.1675 0.014124293785310734 0.035
1 0.9030131826741996 0.13166666666666665 0.015065913370998116 0.03
1 0.9274952919020716 0.14916666666666667 0.015065913370998116 0.03166666666666667