1 0.19795918367346937 0.3374233128834356 0.02857142857142857 0.05521472392638037
1 0.10510204081632653 0.8052147239263804 0.09591836734693877 0.13803680981595093
1 0.1704081632653061 0.6411042944785276 0.05918367346938776 0.07975460122699386
1 0.2173469387755102 0.6319018404907976 0.05510204081632653 0.09815950920245399
1 0.17142857142857143 0.5843558282208589 0.02857142857142857 0.046012269938650305
1 0.20510204081632652 0.5659509202453987 0.03877551020408163 0.05214723926380368
1 0.22040816326530613 0.8588957055214724 0.11020408163265306 0.1656441717791411
1 0.32448979591836735 0.6779141104294478 0.06938775510204082 0.11042944785276074
1 0.36020408163265305 0.6441717791411042 0.05510204081632653 0.09815950920245399
1 0.31326530612244896 0.6150306748466258 0.04285714285714286 0.05828220858895705
1 0.31020408163265306 0.5904907975460123 0.036734693877551024 0.0705521472392638
1 0.42346938775510207 0.5828220858895705 0.04285714285714286 0.0736196319018405
1 0.4714285714285714 0.6303680981595092 0.04897959183673469 0.08895705521472393
1 0.4806122448979592 0.6794478527607362 0.05102040816326531 0.08895705521472393
1 0.5326530612244897 0.7975460122699386 0.11020408163265306 0.1901840490797546
1 0.5683673469387756 0.6104294478527608 0.04693877551020408 0.06134969325153374
1 0.5448979591836735 0.5736196319018405 0.04081632653061224 0.06134969325153374
1 0.65 0.6226993865030674 0.05510204081632653 0.09815950920245399
1 0.7020408163265306 0.6150306748466258 0.04081632653061224 0.06441717791411043
1 0.75 0.5996932515337423 0.04693877551020408 0.0705521472392638
1 0.7714285714285715 0.5751533742331288 0.0326530612244898 0.05828220858895705
1 0.7857142857142857 0.6134969325153374 0.036734693877551024 0.0736196319018405
1 0.7336734693877551 0.7361963190184049 0.06326530612244897 0.1165644171779141
1 0.8244897959183674 0.852760736196319 0.1346938775510204 0.2147239263803681
1 0.8275510204081633 0.6702453987730062 0.05510204081632653 0.0950920245398773
1 0.8724489795918368 0.5797546012269938 0.04693877551020408 0.06134969325153374
1 0.960204081632653 0.7269938650306749 0.0673469387755102 0.09815950920245399
1 0.9653061224489796 0.6073619631901841 0.04081632653061224 0.06748466257668712