1 0.156 0.175561797752809 0.056 0.09831460674157304
1 0.229 0.5042134831460674 0.062 0.09269662921348315
1 0.329 0.4859550561797753 0.074 0.10674157303370786
1 0.385 0.4747191011235955 0.05 0.07865168539325842
1 0.479 0.5589887640449438 0.102 0.12921348314606743
1 0.511 0.523876404494382 0.062 0.10955056179775281
1 0.595 0.48735955056179775 0.042 0.0702247191011236
1 0.694 0.48735955056179775 0.056 0.08146067415730338
1 0.703 0.5646067415730337 0.078 0.12921348314606743
1 0.76 0.6558988764044944 0.144 0.2050561797752809
1 0.834 0.523876404494382 0.06 0.08707865168539326
1 0.808 0.49859550561797755 0.036 0.0702247191011236
1 0.907 0.5786516853932584 0.078 0.11235955056179775
1 0.959 0.5323033707865169 0.054 0.08146067415730338
1 0.964 0.48735955056179775 0.04 0.0702247191011236