1 0.51796875 0.5568581477139508 0.04375 0.07737397420867527
1 0.298828125 0.5128956623681126 0.04296875 0.07620164126611957
1 0.269140625 0.5199296600234466 0.03515625 0.06447831184056271
1 0.180078125 0.5011723329425557 0.03203125 0.04806565064478312
1 0.124609375 0.48417350527549824 0.03359375 0.044548651817116064
1 0.096875 0.47362250879249707 0.025 0.03985932004689332
1 0.158984375 0.4454865181711606 0.01796875 0.032825322391559206
1 0.21015625 0.45427901524032827 0.0234375 0.03399765533411489
1 0.225 0.44196951934349354 0.015625 0.03048065650644783
1 0.243359375 0.45603751465416176 0.02578125 0.044548651817116064
1 0.2515625 0.4437280187573271 0.0171875 0.029308323563892145
1 0.27421875 0.4654161781946073 0.025 0.04220398593200469
1 0.319921875 0.4753810082063306 0.03203125 0.04572098475967175
1 0.32578125 0.4454865181711606 0.021875 0.032825322391559206
1 0.327734375 0.42379835873388044 0.01796875 0.0246189917936694
1 0.305078125 0.4261430246189918 0.01796875 0.03634232121922626
1 0.36953125 0.44724501758499413 0.0234375 0.038686987104337635
1 0.38359375 0.4783118405627198 0.0296875 0.0492379835873388
1 0.414453125 0.4630715123094959 0.02265625 0.04220398593200469
1 0.436328125 0.488862837045721 0.03203125 0.053927315357561546
1 0.427734375 0.43141852286049237 0.01953125 0.032825322391559206
1 0.43671875 0.4114888628370457 0.01875 0.032825322391559206
1 0.39609375 0.42790152403282533 0.0234375 0.03751465416178194
1 0.379296875 0.41735052754982416 0.01484375 0.02579132473622509
1 0.45 0.4091441969519343 0.01875 0.02813599062133646
1 0.480859375 0.4372801875732708 0.02265625 0.04220398593200469
1 0.490625 0.4824150058616647 0.0390625 0.05509964830011723
1 0.522265625 0.48124267291910905 0.02734375 0.04806565064478312
1 0.521484375 0.43376318874560377 0.01953125 0.03985932004689332
1 0.50234375 0.4196951934349355 0.0171875 0.03048065650644783
1 0.4953125 0.3962485345838218 0.0125 0.023446658851113716
1 0.51171875 0.4091441969519343 0.015625 0.02579132473622509
1 0.54921875 0.4220398593200469 0.015625 0.03048065650644783
1 0.576953125 0.44079718640093785 0.02421875 0.04220398593200469
1 0.583984375 0.5128956623681126 0.03984375 0.06213364595545135
1 0.609765625 0.4900351699882767 0.02734375 0.0492379835873388
1 0.671875 0.5281359906213364 0.04375 0.0668229777256741
1 0.559375 0.40621336459554513 0.0203125 0.029308323563892145
1 0.5453125 0.3898007033997655 0.0140625 0.022274325908558032
1 0.571484375 0.3903868698710434 0.01484375 0.02579132473622509
1 0.580078125 0.40621336459554513 0.01328125 0.0246189917936694
1 0.594921875 0.417936694021102 0.01953125 0.03399765533411489
1 0.602734375 0.3903868698710434 0.01328125 0.02579132473622509
1 0.591796875 0.37749120750293086 0.01484375 0.02813599062133646
1 0.621484375 0.3757327080890973 0.01171875 0.01992966002344666
1 0.625 0.41617819460726846 0.0171875 0.032825322391559206
1 0.638671875 0.3909730363423212 0.01484375 0.026963657678780773
1 0.65 0.38159437280187575 0.015625 0.022274325908558032
1 0.659375 0.40621336459554513 0.0171875 0.026963657678780773
1 0.653515625 0.4261430246189918 0.02265625 0.03634232121922626
1 0.691015625 0.44314185228604924 0.02265625 0.044548651817116064
1 0.70234375 0.4308323563892145 0.01875 0.038686987104337635
1 0.701953125 0.40386869871043374 0.01484375 0.026963657678780773
1 0.683203125 0.38569753810082064 0.01484375 0.023446658851113716
1 0.669140625 0.3874560375146542 0.01328125 0.022274325908558032
1 0.66796875 0.37749120750293086 0.015625 0.023446658851113716
1 0.72109375 0.3798358733880422 0.0140625 0.021101992966002344
1 0.7296875 0.3821805392731536 0.0109375 0.023446658851113716
1 0.737109375 0.3862837045720985 0.01640625 0.0246189917936694
1 0.746484375 0.37924970691676435 0.01640625 0.026963657678780773
1 0.75390625 0.33411488862837047 0.0109375 0.01875732708089097
1 0.769921875 0.33704572098475966 0.01484375 0.0246189917936694
1 0.744921875 0.4167643610785463 0.01953125 0.031652989449003514
1 0.7609375 0.38569753810082064 0.0140625 0.02813599062133646
1 0.77578125 0.44607268464243843 0.0265625 0.04572098475967175
1 0.76875 0.5005861664712778 0.0390625 0.06096131301289566
1 0.7953125 0.41735052754982416 0.0171875 0.035169988276670575
1 0.793359375 0.388042203985932 0.01171875 0.023446658851113716
1 0.846875 0.3335287221570926 0.0109375 0.017584994138335287
1 0.83125 0.3892145369284877 0.0171875 0.032825322391559206
1 0.84765625 0.4261430246189918 0.0296875 0.05041031652989449
1 0.829296875 0.43024618991793667 0.02265625 0.03985932004689332