1 0.1447704081632653 0.31477272727272726 0.036989795918367346 0.06136363636363636
1 0.2582908163265306 0.17727272727272728 0.021683673469387755 0.03636363636363636
1 0.2710459183673469 0.23068181818181818 0.026785714285714284 0.056818181818181816
1 0.28635204081632654 0.2034090909090909 0.02423469387755102 0.05227272727272727
1 0.3163265306122449 0.18522727272727274 0.017857142857142856 0.04772727272727273
1 0.3622448979591837 0.20909090909090908 0.02806122448979592 0.05454545454545454
1 0.4094387755102041 0.225 0.02040816326530612 0.045454545454545456
1 0.49489795918367346 0.1625 0.02806122448979592 0.06136363636363636
1 0.5478316326530612 0.16136363636363638 0.026785714285714284 0.05909090909090909
1 0.5644132653061225 0.2715909090909091 0.029336734693877552 0.0659090909090909
1 0.5931122448979592 0.24431818181818182 0.030612244897959183 0.0659090909090909
1 0.6288265306122449 0.20795454545454545 0.025510204081632654 0.056818181818181816
1 0.6932397959183674 0.26136363636363635 0.047193877551020405 0.09545454545454546