1 0.19291754756871035 0.35834896810506567 0.0412262156448203 0.07129455909943715
1 0.29069767441860467 0.2101313320825516 0.014799154334038054 0.0300187617260788
1 0.30179704016913317 0.22607879924953095 0.013742071881606765 0.028142589118198873
1 0.3150105708245243 0.24202626641651032 0.016913319238900635 0.0375234521575985
1 0.3451374207188161 0.25328330206378985 0.0200845665961945 0.04127579737335835
1 0.3810782241014799 0.24390243902439024 0.015856236786469344 0.0300187617260788
1 0.4154334038054968 0.225140712945591 0.019027484143763214 0.0375234521575985
1 0.41014799154334036 0.20544090056285177 0.014799154334038054 0.028142589118198873
1 0.386892177589852 0.199812382739212 0.014799154334038054 0.028142589118198873
1 0.370507399577167 0.1951219512195122 0.015856236786469344 0.03377110694183865
1 0.35095137420718814 0.1848030018761726 0.016913319238900635 0.024390243902439025
1 0.3419661733615222 0.1697936210131332 0.013742071881606765 0.028142589118198873
1 0.4392177589852008 0.21669793621013134 0.015856236786469344 0.03189493433395872
1 0.48044397463002114 0.21669793621013134 0.013742071881606765 0.03564727954971857
1 0.4164904862579281 0.17354596622889307 0.014799154334038054 0.028142589118198873
1 0.4201902748414376 0.1378986866791745 0.011627906976744186 0.024390243902439025
1 0.44608879492600423 0.16604127579737335 0.014799154334038054 0.020637898686679174
1 0.47198731501057084 0.1772983114446529 0.015856236786469344 0.024390243902439025
1 0.47198731501057084 0.14821763602251406 0.009513742071881607 0.0225140712945591
1 0.4714587737843552 0.12851782363977485 0.012684989429175475 0.020637898686679174
1 0.4963002114164905 0.14821763602251406 0.011627906976744186 0.0225140712945591
1 0.4978858350951374 0.11913696060037524 0.010570824524312896 0.020637898686679174
1 0.5068710359408034 0.1378986866791745 0.009513742071881607 0.020637898686679174
1 0.5211416490486258 0.12288930581613508 0.010570824524312896 0.020637898686679174
1 0.523784355179704 0.150093808630394 0.013742071881606765 0.0225140712945591
1 0.5026427061310782 0.18855534709193245 0.015856236786469344 0.03189493433395872
1 0.5385835095137421 0.18855534709193245 0.015856236786469344 0.028142589118198873
1 0.547568710359408 0.1529080675422139 0.012684989429175475 0.028142589118198873
1 0.5491543340380549 0.11819887429643527 0.011627906976744186 0.0225140712945591
1 0.5454545454545454 0.1378986866791745 0.010570824524312896 0.016885553470919325
1 0.5708245243128964 0.1200750469043152 0.010570824524312896 0.02626641651031895
1 0.5597251585623678 0.14352720450281425 0.009513742071881607 0.020637898686679174
1 0.5808668076109936 0.1669793621013133 0.013742071881606765 0.0300187617260788
1 0.5961945031712473 0.124765478424015 0.012684989429175475 0.028142589118198873
1 0.5808668076109936 0.11069418386491557 0.013742071881606765 0.02626641651031895
1 0.6051797040169133 0.10975609756097561 0.009513742071881607 0.024390243902439025
1 0.6141649048625792 0.11726078799249531 0.008456659619450317 0.020637898686679174
1 0.6247357293868921 0.12570356472795496 0.010570824524312896 0.0300187617260788
1 0.6183932346723044 0.15666041275797374 0.012684989429175475 0.03189493433395872
1 0.6538054968287527 0.13696060037523453 0.013742071881606765 0.0300187617260788
1 0.6569767441860465 0.11069418386491557 0.009513742071881607 0.01876172607879925
1 0.6664904862579282 0.10037523452157598 0.009513742071881607 0.024390243902439025
1 0.6865750528541226 0.11819887429643527 0.009513742071881607 0.0225140712945591
1 0.693446088794926 0.10037523452157598 0.010570824524312896 0.020637898686679174
1 0.7087737843551797 0.10318949343339587 0.011627906976744186 0.02626641651031895
1 0.4941860465116279 0.27298311444652906 0.024312896405919663 0.05065666041275797
1 0.5396405919661733 0.2804878048780488 0.02854122621564482 0.058161350844277676
1 0.5972515856236786 0.3339587242026266 0.02748414376321353 0.0600375234521576
1 0.5750528541226215 0.23358348968105067 0.021141649048625793 0.043151969981238276
1 0.6183932346723044 0.2607879924953096 0.021141649048625793 0.0450281425891182
1 0.6157505285412262 0.20637898686679174 0.015856236786469344 0.0375234521575985
1 0.6707188160676533 0.25328330206378985 0.024312896405919663 0.0450281425891182
1 0.6717758985200846 0.17823639774859287 0.015856236786469344 0.0300187617260788
1 0.7008456659619451 0.18855534709193245 0.014799154334038054 0.039399624765478425
1 0.6960887949260042 0.3067542213883677 0.024312896405919663 0.05065666041275797
1 0.7256871035940803 0.2926829268292683 0.0200845665961945 0.04878048780487805
1 0.7489429175475687 0.36397748592870544 0.026427061310782242 0.0600375234521576
1 0.8150105708245243 0.4155722326454034 0.02748414376321353 0.058161350844277676
1 0.8932346723044398 0.44090056285178236 0.02959830866807611 0.0675422138836773
1 0.912262156448203 0.34615384615384615 0.02536997885835095 0.058161350844277676
1 0.9186046511627907 0.28236397748592873 0.019027484143763214 0.054409005628517824
1 0.9455602536997886 0.21482176360225141 0.017970401691331923 0.039399624765478425
1 0.8847780126849895 0.225140712945591 0.019027484143763214 0.03377110694183865
1 0.8662790697674418 0.2551594746716698 0.0200845665961945 0.0450281425891182
1 0.8324524312896406 0.32082551594746717 0.022198731501057084 0.04878048780487805
1 0.7864693446088795 0.30206378986866794 0.023255813953488372 0.0450281425891182
1 0.8165961945031712 0.25328330206378985 0.0200845665961945 0.0375234521575985
1 0.7938689217758985 0.22420262664165103 0.014799154334038054 0.039399624765478425
1 0.7632135306553911 0.23076923076923078 0.021141649048625793 0.0375234521575985
1 0.7214587737843552 0.21857410881801126 0.017970401691331923 0.039399624765478425
1 0.7536997885835095 0.1848030018761726 0.014799154334038054 0.028142589118198873
1 0.7378435517970402 0.15947467166979362 0.012684989429175475 0.02626641651031895
1 0.7251585623678647 0.15384615384615385 0.010570824524312896 0.0300187617260788
1 0.7468287526427061 0.13133208255159476 0.011627906976744186 0.02626641651031895
1 0.7600422832980972 0.15572232645403378 0.010570824524312896 0.02626641651031895
1 0.7684989429175476 0.14634146341463414 0.012684989429175475 0.0300187617260788
1 0.7922832980972516 0.1529080675422139 0.015856236786469344 0.03564727954971857