1 0.19254557291666666 0.4620225694444444 0.10514322916666667 0.1480034722222222
1 0.18766276041666666 0.3576388888888889 0.053059895833333336 0.07291666666666667
1 0.16764322916666666 0.3257378472222222 0.047526041666666664 0.06380208333333333
1 0.10286458333333333 0.3289930555555556 0.042317708333333336 0.05555555555555555
1 0.24072265625 0.3161892361111111 0.0361328125 0.05685763888888889
1 0.2633463541666667 0.3776041666666667 0.059244791666666664 0.08680555555555555
1 0.3447265625 0.3294270833333333 0.04296875 0.0685763888888889
1 0.3792317708333333 0.3253038194444444 0.050130208333333336 0.08897569444444445
1 0.5457356770833334 0.3782552083333333 0.06673177083333333 0.1037326388888889
1 0.5594075520833334 0.326171875 0.0361328125 0.05859375
1 0.6217447916666666 0.3394097222222222 0.046223958333333336 0.0642361111111111
1 0.6554361979166666 0.3984375 0.0634765625 0.10416666666666667
1 0.7054036458333334 0.337890625 0.036458333333333336 0.061197916666666664
1 0.7706705729166666 0.5095486111111112 0.1181640625 0.16666666666666666
1 0.8844401041666666 0.2641059027777778 0.046223958333333336 0.07769097222222222
1 0.96484375 0.4075520833333333 0.06575520833333333 0.1076388888888889