1 0.1420500403551251 0.5263532763532763 0.04519774011299435 0.08404558404558404
1 0.23002421307506055 0.3425925925925926 0.016142050040355124 0.038461538461538464
1 0.26432606941081516 0.344017094017094 0.020177562550443905 0.04415954415954416
1 0.2820823244552058 0.3767806267806268 0.023405972558514933 0.04415954415954416
1 0.28490718321226793 0.31196581196581197 0.01937046004842615 0.037037037037037035
1 0.33696529459241326 0.3596866096866097 0.023405972558514933 0.05270655270655271
1 0.3559322033898305 0.32549857549857547 0.014527845036319613 0.03276353276353276
1 0.35351089588377727 0.2955840455840456 0.014527845036319613 0.03276353276353276
1 0.3821630347054076 0.34971509971509973 0.021791767554479417 0.04131054131054131
1 0.41041162227602906 0.33404558404558404 0.020177562550443905 0.038461538461538464
1 0.407183212267958 0.2955840455840456 0.018563357546408393 0.029914529914529916
1 0.39184826472962064 0.2606837606837607 0.01533494753833737 0.02849002849002849
1 0.43987086359967714 0.33547008547008544 0.0258272800645682 0.04700854700854701
1 0.4261501210653753 0.25854700854700857 0.014527845036319613 0.024216524216524215
1 0.4435028248587571 0.26353276353276356 0.01533494753833737 0.03133903133903134
1 0.4717514124293785 0.3076923076923077 0.020177562550443905 0.042735042735042736
1 0.4995964487489911 0.32834757834757833 0.01937046004842615 0.038461538461538464
1 0.46771589991928975 0.2656695156695157 0.012106537530266344 0.03561253561253561
1 0.4604519774011299 0.24145299145299146 0.012106537530266344 0.029914529914529916
1 0.5048426150121066 0.2670940170940171 0.01533494753833737 0.03561253561253561
1 0.5242130750605327 0.2720797720797721 0.01694915254237288 0.037037037037037035
1 0.5157384987893463 0.25 0.016142050040355124 0.029914529914529916
1 0.5411622276029056 0.25071225071225073 0.01694915254237288 0.037037037037037035
1 0.5468119451170299 0.2905982905982906 0.01533494753833737 0.03418803418803419
1 0.5750605326876513 0.2613960113960114 0.01533494753833737 0.03276353276353276
1 0.5686037126715093 0.2492877492877493 0.010492332526230832 0.02564102564102564
1 0.552865213882163 0.22792022792022792 0.0129136400322841 0.03133903133903134
1 0.5677966101694916 0.2207977207977208 0.012106537530266344 0.02849002849002849
1 0.5964487489911219 0.2215099715099715 0.016142050040355124 0.03276353276353276
1 0.602502017756255 0.20797720797720798 0.012106537530266344 0.02849002849002849
1 0.596045197740113 0.25284900284900286 0.01533494753833737 0.03276353276353276
1 0.6307506053268765 0.25213675213675213 0.01694915254237288 0.03418803418803419
1 0.6214689265536724 0.21794871794871795 0.011299435028248588 0.02849002849002849
1 0.6343825665859564 0.22364672364672364 0.014527845036319613 0.022792022792022793
1 0.6678773204196933 0.22863247863247863 0.013720742534301856 0.021367521367521368
1 0.6674737691686844 0.20655270655270655 0.0129136400322841 0.03418803418803419
1 0.6791767554479419 0.22435897435897437 0.01694915254237288 0.029914529914529916
1 0.5359160613397902 0.35826210826210825 0.024213075060532687 0.05555555555555555
1 0.47861178369652946 0.40384615384615385 0.03228410008071025 0.0584045584045584
1 0.5488297013720742 0.4081196581196581 0.02744148506860371 0.04985754985754986
1 0.5920096852300242 0.4544159544159544 0.031476997578692496 0.07407407407407407
1 0.6299435028248588 0.46652421652421655 0.03954802259887006 0.0754985754985755
1 0.692090395480226 0.5434472934472935 0.042776432606941084 0.07264957264957266
1 0.8071025020177562 0.5163817663817664 0.03551251008878128 0.0698005698005698
1 0.6097659402744149 0.3611111111111111 0.025020177562550445 0.05270655270655271
1 0.5968523002421308 0.32905982905982906 0.01694915254237288 0.039886039886039885
1 0.629136400322841 0.30128205128205127 0.01694915254237288 0.038461538461538464
1 0.6452784503631961 0.36752136752136755 0.026634382566585957 0.05698005698005698
1 0.6872477804681194 0.35826210826210825 0.021791767554479417 0.05555555555555555
1 0.7134786117836965 0.4031339031339031 0.03066989507667474 0.06837606837606838
1 0.7784503631961259 0.42948717948717946 0.02986279257465698 0.06125356125356125
1 0.8325262308313156 0.45584045584045585 0.02986279257465698 0.06837606837606838
1 0.9132364810330912 0.4686609686609687 0.03470540758676352 0.05982905982905983
1 0.8987086359967716 0.4423076923076923 0.020177562550443905 0.04415954415954416
1 0.8494753833736884 0.3903133903133903 0.023405972558514933 0.04843304843304843
1 0.8066989507667474 0.3611111111111111 0.021791767554479417 0.05270655270655271
1 0.7861178369652946 0.2984330484330484 0.01937046004842615 0.038461538461538464
1 0.7723970944309927 0.28774928774928776 0.014527845036319613 0.039886039886039885
1 0.7639225181598063 0.2656695156695157 0.01533494753833737 0.027065527065527065
1 0.7723970944309927 0.2386039886039886 0.0129136400322841 0.029914529914529916
1 0.7259887005649718 0.25284900284900286 0.01694915254237288 0.04131054131054131
1 0.7409200968523002 0.23931623931623933 0.011299435028248588 0.022792022792022793
1 0.7288135593220338 0.23504273504273504 0.0129136400322841 0.02564102564102564
1 0.7013720742534302 0.2514245014245014 0.01775625504439064 0.038461538461538464
1 0.6670702179176755 0.28205128205128205 0.01694915254237288 0.039886039886039885
1 0.6969330104923325 0.29985754985754987 0.020177562550443905 0.03276353276353276
1 0.6759483454398708 0.3176638176638177 0.021791767554479417 0.042735042735042736
1 0.8022598870056498 0.24358974358974358 0.016142050040355124 0.02849002849002849
1 0.8123486682808717 0.26638176638176636 0.01694915254237288 0.03133903133903134
1 0.8349475383373689 0.2535612535612536 0.013720742534301856 0.02849002849002849
1 0.8434221146085553 0.2720797720797721 0.01937046004842615 0.037037037037037035
1 0.8373688458434221 0.31125356125356124 0.018563357546408393 0.038461538461538464
1 0.860774818401937 0.33618233618233617 0.018563357546408393 0.03133903133903134
1 0.8757062146892656 0.32336182336182334 0.01775625504439064 0.039886039886039885
1 0.870863599677159 0.2606837606837607 0.014527845036319613 0.03418803418803419
1 0.8934624697336562 0.2863247863247863 0.01775625504439064 0.042735042735042736
1 0.9124293785310734 0.35327635327635326 0.021791767554479417 0.042735042735042736
1 0.9067796610169492 0.31837606837606836 0.01694915254237288 0.03276353276353276
1 0.9192897497982244 0.3027065527065527 0.0129136400322841 0.029914529914529916
1 0.9285714285714286 0.27492877492877493 0.01533494753833737 0.02849002849002849