1 0.2150974025974026 0.6200417536534447 0.10551948051948051 0.14613778705636743
1 0.33035714285714285 0.3162839248434238 0.060064935064935064 0.081419624217119
1 0.41314935064935066 0.5615866388308977 0.11201298701298701 0.1544885177453027
1 0.5527597402597403 0.5260960334029228 0.0698051948051948 0.10438413361169102
1 0.5925324675324676 0.8569937369519833 0.2597402597402597 0.2860125260960334
1 0.6623376623376623 0.5772442588726514 0.07467532467532467 0.10647181628392484
1 0.7102272727272727 0.5386221294363257 0.056818181818181816 0.08768267223382047
1 0.6923701298701299 0.4112734864300626 0.04383116883116883 0.06263048016701461
1 0.7581168831168831 0.6127348643006263 0.10064935064935066 0.1524008350730689
1 0.8035714285714286 0.5615866388308977 0.07142857142857142 0.10020876826722339
1 0.8303571428571429 0.5031315240083507 0.060064935064935064 0.09603340292275574
1 0.9204545454545454 0.6137787056367432 0.1038961038961039 0.1419624217118998
1 0.9155844155844156 0.5313152400835073 0.08766233766233766 0.10647181628392484