1 0.05260942760942761 0.4060921717171717 0.0946969696969697 0.14299242424242425
1 0.1590909090909091 0.3835227272727273 0.06313131313131314 0.1167929292929293
1 0.1351010101010101 0.26309974747474746 0.04335016835016835 0.06092171717171717
1 0.24137205387205388 0.2215909090909091 0.03282828282828283 0.05366161616161616
1 0.25715488215488214 0.3603219696969697 0.046296296296296294 0.08112373737373738
1 0.29145622895622897 0.32938762626262624 0.046296296296296294 0.08428030303030302
1 0.32175925925925924 0.3161300505050505 0.03787878787878788 0.06407828282828283
1 0.3374368686868687 0.2930871212121212 0.03009259259259259 0.06849747474747475
1 0.5812289562289562 0.30997474747474746 0.029461279461279462 0.05366161616161616
1 0.6208964646464646 0.3039772727272727 0.037247474747474744 0.06313131313131314
1 0.6398358585858586 0.34990530303030304 0.045664983164983165 0.08301767676767677
1 0.6846590909090909 0.3334911616161616 0.05829124579124579 0.08617424242424243
1 0.7524200336700336 0.3503787878787879 0.07007575757575757 0.11994949494949494
1 0.8355429292929293 0.21354166666666666 0.11005892255892256 0.1726641414141414