1 0.890625 0.4640625 0.0515625 0.08020833333333334
1 0.847265625 0.5567708333333333 0.05078125 0.08854166666666667
1 0.7859375 0.6119791666666666 0.08125 0.13229166666666667
1 0.641796875 0.7041666666666667 0.09765625 0.13125
1 0.681640625 0.5447916666666667 0.07265625 0.10208333333333333
1 0.720703125 0.4479166666666667 0.04453125 0.06875
1 0.67734375 0.3619791666666667 0.0375 0.05520833333333333
1 0.653515625 0.44114583333333335 0.05078125 0.06770833333333333
1 0.596484375 0.49375 0.05078125 0.08333333333333333
1 0.487890625 0.665625 0.08515625 0.1375
1 0.423046875 0.5291666666666667 0.06484375 0.09166666666666666
1 0.47734375 0.46197916666666666 0.05 0.06979166666666667
1 0.46875 0.42291666666666666 0.0390625 0.0625
1 0.413671875 0.4171875 0.03671875 0.059375
1 0.356640625 0.5177083333333333 0.06015625 0.08333333333333333
1 0.31640625 0.46822916666666664 0.040625 0.071875
1 0.26953125 0.45260416666666664 0.04375 0.05520833333333333
1 0.265625 0.409375 0.040625 0.052083333333333336
1 0.2171875 0.4015625 0.0359375 0.051041666666666666
1 0.205859375 0.4895833333333333 0.05546875 0.08958333333333333
1 0.159375 0.59375 0.0796875 0.12916666666666668
1 0.153515625 0.44947916666666665 0.04453125 0.053125
1 0.11171875 0.4515625 0.0484375 0.065625
1 0.086328125 0.42864583333333334 0.04296875 0.053125
1 0.013671875 0.46041666666666664 0.02578125 0.07291666666666667