1 0.034375 0.65 0.06458333333333334 0.10625
1 0.021875 0.596875 0.03958333333333333 0.06875
1 0.04479166666666667 0.5421875 0.03125 0.053125
1 0.115625 0.6078125 0.052083333333333336 0.078125
1 0.17083333333333334 0.6546875 0.075 0.121875
1 0.125 0.746875 0.1375 0.18125
1 0.2791666666666667 0.7109375 0.1125 0.184375
1 0.20208333333333334 0.5953125 0.058333333333333334 0.096875
1 0.22708333333333333 0.5640625 0.041666666666666664 0.071875
1 0.08958333333333333 0.5625 0.0375 0.075
1 0.190625 0.4703125 0.03125 0.046875
1 0.22395833333333334 0.4765625 0.03125 0.046875
1 0.2947916666666667 0.4671875 0.035416666666666666 0.046875
1 0.3260416666666667 0.484375 0.027083333333333334 0.05
1 0.3614583333333333 0.490625 0.027083333333333334 0.0375
1 0.40729166666666666 0.4796875 0.03125 0.034375
1 0.4322916666666667 0.478125 0.01875 0.03125
1 0.4583333333333333 0.4796875 0.025 0.028125
1 0.496875 0.490625 0.03125 0.0375
1 0.5197916666666667 0.4765625 0.027083333333333334 0.040625
1 0.565625 0.4953125 0.022916666666666665 0.040625
1 0.5875 0.4828125 0.025 0.034375
1 0.6145833333333334 0.4875 0.020833333333333332 0.0375
1 0.6302083333333334 0.478125 0.022916666666666665 0.0375
1 0.653125 0.4875 0.027083333333333334 0.0375
1 0.69375 0.478125 0.025 0.04375
1 0.7229166666666667 0.4890625 0.025 0.040625
1 0.746875 0.4828125 0.01875 0.040625
1 0.7822916666666667 0.4796875 0.01875 0.034375
1 0.7979166666666667 0.4890625 0.020833333333333332 0.040625
1 0.8114583333333333 0.48125 0.01875 0.0375
1 0.8479166666666667 0.4890625 0.025 0.040625
1 0.8791666666666667 0.496875 0.029166666666666667 0.04375
1 0.9072916666666667 0.4859375 0.027083333333333334 0.040625
1 0.29375 0.5640625 0.04583333333333333 0.065625
1 0.3458333333333333 0.565625 0.041666666666666664 0.075
1 0.37604166666666666 0.6015625 0.04791666666666667 0.071875
1 0.42916666666666664 0.640625 0.07916666666666666 0.10625
1 0.49895833333333334 0.5921875 0.04375 0.065625
1 0.5135416666666667 0.565625 0.03958333333333333 0.0625
1 0.55 0.571875 0.0375 0.05625
1 0.6125 0.6546875 0.08333333333333333 0.128125
1 0.6 0.5828125 0.0375 0.065625
1 0.6520833333333333 0.603125 0.041666666666666664 0.06875
1 0.6989583333333333 0.6296875 0.04791666666666667 0.078125
1 0.7135416666666666 0.7015625 0.07291666666666667 0.115625
1 0.678125 0.8015625 0.12708333333333333 0.171875
1 0.7708333333333334 0.80625 0.0875 0.16875
1 0.8958333333333334 0.925 0.15416666666666667 0.15
1 0.8822916666666667 0.7140625 0.08125 0.134375
1 0.8302083333333333 0.6890625 0.04791666666666667 0.090625
1 0.7604166666666666 0.634375 0.0625 0.1
1 0.7145833333333333 0.5921875 0.0375 0.065625
1 0.8666666666666667 0.6375 0.05416666666666667 0.06875
1 0.8802083333333334 0.5875 0.04375 0.075
1 0.9020833333333333 0.5578125 0.03333333333333333 0.053125
1 0.928125 0.6 0.04375 0.06875
1 0.98125 0.5734375 0.0375 0.053125
1 0.9854166666666667 0.6234375 0.029166666666666667 0.071875