1 0.8334690553745928 0.25783475783475784 0.012214983713355049 0.02849002849002849
1 0.8424267100977199 0.2813390313390313 0.013843648208469055 0.03276353276353276
1 0.8517915309446255 0.2678062678062678 0.013029315960912053 0.03133903133903134
1 0.870928338762215 0.2606837606837607 0.010586319218241042 0.03133903133903134
1 0.8884364820846905 0.27849002849002846 0.014657980456026058 0.03561253561253561
1 0.9303745928338762 0.3162393162393162 0.012214983713355049 0.02849002849002849
1 0.9307817589576547 0.28561253561253563 0.009771986970684038 0.027065527065527065
1 0.9254885993485342 0.3504273504273504 0.013843648208469055 0.042735042735042736
1 0.8827361563517915 0.3368945868945869 0.014657980456026058 0.038461538461538464
1 0.864413680781759 0.33404558404558404 0.013843648208469055 0.04131054131054131
1 0.9071661237785016 0.4807692307692308 0.024429967426710098 0.06695156695156695
1 0.8420195439739414 0.4636752136752137 0.024429967426710098 0.05555555555555555
1 0.8293973941368078 0.396011396011396 0.02035830618892508 0.05413105413105413
1 0.8147394136807817 0.5106837606837606 0.025244299674267102 0.06695156695156695
1 0.8029315960912052 0.2443019943019943 0.009771986970684038 0.029914529914529916
1 0.8159609120521173 0.2727920227920228 0.011400651465798045 0.029914529914529916
1 0.7980456026058632 0.292022792022792 0.014657980456026058 0.03418803418803419
1 0.8179967426710097 0.344017094017094 0.01710097719869707 0.04415954415954416
1 0.8074104234527687 0.3596866096866097 0.023615635179153095 0.04985754985754986
1 0.7703583061889251 0.43660968660968663 0.024429967426710098 0.0641025641025641
1 0.7373778501628665 0.25427350427350426 0.013843648208469055 0.03276353276353276
1 0.7593648208469055 0.2571225071225071 0.012214983713355049 0.029914529914529916
1 0.7630293159609121 0.28561253561253563 0.013029315960912053 0.04131054131054131
1 0.7764657980456026 0.2386039886039886 0.012214983713355049 0.024216524216524215
1 0.6978827361563518 0.25925925925925924 0.013029315960912053 0.03133903133903134
1 0.7060260586319218 0.29914529914529914 0.016286644951140065 0.042735042735042736
1 0.7141693811074918 0.41452991452991456 0.024429967426710098 0.05982905982905983
1 0.6913680781758957 0.5277777777777778 0.030944625407166124 0.0754985754985755
1 0.626628664495114 0.4821937321937322 0.028501628664495113 0.0698005698005698
1 0.6632736156351792 0.3668091168091168 0.021986970684039087 0.04700854700854701
1 0.637214983713355 0.35327635327635326 0.01710097719869707 0.042735042735042736
1 0.5940553745928339 0.3995726495726496 0.021986970684039087 0.04985754985754986
1 0.5732899022801303 0.4601139601139601 0.02768729641693811 0.06552706552706553
1 0.6754885993485342 0.32051282051282054 0.02035830618892508 0.037037037037037035
1 0.6840390879478827 0.358974358974359 0.019543973941368076 0.04843304843304843
1 0.6620521172638436 0.2094017094017094 0.009771986970684038 0.019943019943019943
1 0.6763029315960912 0.21723646723646722 0.012214983713355049 0.024216524216524215
1 0.6636807817589576 0.2813390313390313 0.014657980456026058 0.038461538461538464
1 0.63314332247557 0.22293447293447294 0.012214983713355049 0.027065527065527065
1 0.6054560260586319 0.20797720797720798 0.008957654723127036 0.022792022792022793
1 0.5936482084690554 0.25213675213675213 0.011400651465798045 0.02849002849002849
1 0.5981270358306189 0.23148148148148148 0.010586319218241042 0.027065527065527065
1 0.5594462540716613 0.21866096866096865 0.009771986970684038 0.024216524216524215
1 0.5671824104234527 0.24786324786324787 0.013843648208469055 0.037037037037037035
1 0.5447882736156352 0.24572649572649571 0.011400651465798045 0.03561253561253561
1 0.5492671009771987 0.27564102564102566 0.013843648208469055 0.038461538461538464
1 0.503257328990228 0.26994301994301995 0.013029315960912053 0.029914529914529916
1 0.5146579804560261 0.2799145299145299 0.016286644951140065 0.038461538461538464
1 0.496742671009772 0.32763532763532766 0.014657980456026058 0.042735042735042736
1 0.5268729641693811 0.38461538461538464 0.021172638436482084 0.05128205128205128
1 0.5394951140065146 0.41025641025641024 0.02687296416938111 0.05698005698005698
1 0.46864820846905536 0.4131054131054131 0.028501628664495113 0.06267806267806268
1 0.4385179153094462 0.26424501424501423 0.012214983713355049 0.029914529914529916
1 0.4572475570032573 0.24786324786324787 0.013843648208469055 0.02849002849002849
1 0.4539902280130293 0.2777777777777778 0.015472312703583062 0.03418803418803419
1 0.46172638436482083 0.32051282051282054 0.019543973941368076 0.039886039886039885
1 0.44421824104234525 0.35113960113960113 0.02035830618892508 0.04131054131054131
1 0.40472312703583063 0.33475783475783477 0.017915309446254073 0.037037037037037035
1 0.42874592833876224 0.3141025641025641 0.01710097719869707 0.04415954415954416
1 0.38721498371335505 0.2678062678062678 0.015472312703583062 0.03418803418803419
1 0.3481270358306189 0.29985754985754987 0.012214983713355049 0.027065527065527065
1 0.38151465798045603 0.33974358974358976 0.013843648208469055 0.038461538461538464
1 0.4014657980456026 0.301994301994302 0.011400651465798045 0.02849002849002849
1 0.3135179153094462 0.391025641025641 0.02280130293159609 0.04700854700854701
1 0.28338762214983715 0.3162393162393162 0.014657980456026058 0.03133903133903134
1 0.2935667752442997 0.3603988603988604 0.018729641693811076 0.045584045584045586
1 0.25732899022801303 0.36253561253561256 0.017915309446254073 0.04415954415954416
1 0.2259771986970684 0.34472934472934474 0.013843648208469055 0.03418803418803419
1 0.14291530944625408 0.5434472934472935 0.033387622149837134 0.0754985754985755