1 0.14916666666666667 0.27278562259306804 0.07833333333333334 0.10654685494223363
1 0.2791666666666667 0.21373555840821565 0.03833333333333333 0.07060333761232349
1 0.29875 0.27214377406931967 0.050833333333333335 0.08985879332477535
1 0.39 0.3048780487804878 0.075 0.10911424903722722
1 0.5033333333333333 0.08023106546854943 0.041666666666666664 0.07830551989730423
1 0.4870833333333333 0.40949935815147626 0.1125 0.2079589216944801
1 0.6433333333333333 0.31514762516046213 0.08 0.13222079589216945
1 0.84375 0.24326059050064186 0.0475 0.09114249037227215
1 0.935 0.28754813863928114 0.075 0.13093709884467267
1 0.8975 0.4249037227214377 0.11166666666666666 0.18998716302952504
1 0.6608333333333334 0.8427471116816432 0.22333333333333333 0.31450577663671375