1 0.09454374412041393 0.4092436974789916 0.036688617121354655 0.07899159663865546
1 0.2558795860771402 0.2865546218487395 0.01317027281279398 0.021848739495798318
1 0.2812793979303857 0.2714285714285714 0.015051740357478834 0.02857142857142857
1 0.29633113828786456 0.2630252100840336 0.016933207902163686 0.031932773109243695
1 0.3179680150517404 0.22268907563025211 0.01317027281279398 0.02857142857142857
1 0.3438381937911571 0.21680672268907564 0.01599247412982126 0.03361344537815126
1 0.3443085606773283 0.27058823529411763 0.01881467544684854 0.03361344537815126
1 0.3711194731890875 0.22436974789915967 0.014111006585136407 0.031932773109243695
1 0.37723424270931327 0.21008403361344538 0.011288805268109126 0.023529411764705882
1 0.3805268109125118 0.20168067226890757 0.014111006585136407 0.023529411764705882
1 0.40874882408278457 0.17058823529411765 0.014111006585136407 0.025210084033613446
1 0.4233301975540922 0.18235294117647058 0.016933207902163686 0.02857142857142857
1 0.4153339604891816 0.22436974789915967 0.017873941674506115 0.03529411764705882
1 0.4444967074317968 0.23025210084033612 0.017873941674506115 0.040336134453781515
1 0.43226716839134527 0.2714285714285714 0.021636876763875823 0.04201680672268908
1 0.44920037629350895 0.15126050420168066 0.012229539040451553 0.023529411764705882
1 0.44967074317968014 0.17478991596638654 0.01881467544684854 0.030252100840336135
1 0.458137347130762 0.19747899159663865 0.022577610536218252 0.03529411764705882
1 0.47742238946378174 0.16638655462184873 0.014111006585136407 0.030252100840336135
1 0.4703668861712135 0.1546218487394958 0.01317027281279398 0.023529411764705882
1 0.4873000940733772 0.13949579831932774 0.011288805268109126 0.023529411764705882
1 0.5 0.1495798319327731 0.012229539040451553 0.01680672268907563
1 0.526340545625588 0.1403361344537815 0.01599247412982126 0.031932773109243695
1 0.5103480714957667 0.19243697478991598 0.014111006585136407 0.025210084033613446
1 0.4962370649106303 0.23277310924369748 0.01975540921919097 0.03529411764705882
1 0.5503292568203199 0.1638655462184874 0.01881467544684854 0.031932773109243695
1 0.5460959548447789 0.19411764705882353 0.017873941674506115 0.03865546218487395
1 0.5540921919096896 0.14369747899159663 0.015051740357478834 0.02857142857142857
1 0.577140169332079 0.11260504201680673 0.010348071495766699 0.023529411764705882
1 0.5827845719661335 0.15126050420168066 0.01599247412982126 0.040336134453781515
1 0.5973659454374413 0.12184873949579832 0.01317027281279398 0.021848739495798318
1 0.6161806208842897 0.10588235294117647 0.011288805268109126 0.020168067226890758
1 0.6147695202257761 0.12773109243697478 0.010348071495766699 0.020168067226890758
1 0.6218250235183443 0.13865546218487396 0.015051740357478834 0.031932773109243695
1 0.6415804327375353 0.10756302521008404 0.01317027281279398 0.02689075630252101
1 0.6302916274694261 0.12773109243697478 0.015051740357478834 0.02689075630252101
1 0.6707431796801505 0.1226890756302521 0.015051740357478834 0.023529411764705882
1 0.6919096895578551 0.1 0.014111006585136407 0.02857142857142857
1 0.6904985888993415 0.14201680672268907 0.01317027281279398 0.02857142857142857
1 0.7074317968015051 0.13529411764705881 0.015051740357478834 0.031932773109243695
1 0.4887111947318909 0.29747899159663865 0.023518344308560677 0.043697478991596636
1 0.5602069614299153 0.2957983193277311 0.023518344308560677 0.05042016806722689
1 0.5503292568203199 0.24789915966386555 0.01881467544684854 0.02857142857142857
1 0.6095954844778928 0.2184873949579832 0.01881467544684854 0.03697478991596639
1 0.6091251175917215 0.25546218487394956 0.021636876763875823 0.043697478991596636
1 0.6505174035747884 0.17983193277310924 0.01975540921919097 0.030252100840336135
1 0.6495766698024459 0.21764705882352942 0.021636876763875823 0.04873949579831933
1 0.6900282220131703 0.1815126050420168 0.01599247412982126 0.03697478991596639
1 0.7017873941674506 0.2092436974789916 0.020696142991533398 0.04873949579831933
1 0.6777986829727187 0.2445378151260504 0.021636876763875823 0.04201680672268908
1 0.5987770460959548 0.34285714285714286 0.027281279397930385 0.05378151260504202
1 0.6698024459078081 0.3495798319327731 0.02634054562558796 0.05378151260504202
1 0.7102539981185324 0.292436974789916 0.024459078080903106 0.05042016806722689
1 0.784101599247413 0.2865546218487395 0.02539981185324553 0.04873949579831933
1 0.7516462841015993 0.23781512605042016 0.020696142991533398 0.04873949579831933
1 0.746472248353716 0.1865546218487395 0.01599247412982126 0.03361344537815126
1 0.7304797742238947 0.15798319327731092 0.014111006585136407 0.03361344537815126
1 0.7450611476952023 0.14873949579831933 0.015051740357478834 0.031932773109243695
1 0.7610536218250236 0.16134453781512606 0.015051740357478834 0.03361344537815126
1 0.7587017873941675 0.13025210084033614 0.014111006585136407 0.02857142857142857
1 0.751175917215428 0.10588235294117647 0.012229539040451553 0.02689075630252101
1 0.735653809971778 0.11596638655462185 0.015051740357478834 0.030252100840336135
1 0.7812793979303857 0.1226890756302521 0.012229539040451553 0.02689075630252101
1 0.7958607714016933 0.13781512605042018 0.011288805268109126 0.03361344537815126
1 0.7996237064910631 0.1773109243697479 0.01317027281279398 0.031932773109243695
1 0.8113828786453434 0.1588235294117647 0.014111006585136407 0.02857142857142857
1 0.8118532455315146 0.13109243697478992 0.011288805268109126 0.02689075630252101
1 0.8301975540921919 0.1403361344537815 0.014111006585136407 0.03529411764705882
1 0.8513640639698965 0.19243697478991598 0.015051740357478834 0.03529411764705882
1 0.8527751646284102 0.15546218487394958 0.014111006585136407 0.031932773109243695
1 0.8664158043273753 0.15042016806722688 0.015051740357478834 0.031932773109243695
1 0.8682972718720602 0.12436974789915967 0.011288805268109126 0.023529411764705882
1 0.896519285042333 0.13109243697478992 0.00940733772342427 0.030252100840336135
1 0.8908748824082785 0.17478991596638654 0.015051740357478834 0.030252100840336135
1 0.8781749764816557 0.2 0.01599247412982126 0.030252100840336135
1 0.8687676387582314 0.22016806722689075 0.017873941674506115 0.03697478991596639
1 0.9313264346190028 0.16554621848739495 0.01317027281279398 0.03529411764705882
1 0.9313264346190028 0.2747899159663866 0.01881467544684854 0.03865546218487395