1 0.10234375 0.2111111111111111 0.096875 0.18055555555555555
1 0.19453125 0.3034722222222222 0.0453125 0.09861111111111111
1 0.283203125 0.24097222222222223 0.03203125 0.06527777777777778
1 0.305859375 0.3173611111111111 0.04296875 0.07916666666666666
1 0.325 0.39166666666666666 0.04375 0.10833333333333334
1 0.44453125 0.33125 0.0296875 0.0763888888888889
1 0.38046875 0.23194444444444445 0.0328125 0.06666666666666667
1 0.469140625 0.4083333333333333 0.05546875 0.1111111111111111
1 0.478515625 0.2125 0.03203125 0.06388888888888888
1 0.479296875 0.14583333333333334 0.03203125 0.06944444444444445
1 0.5734375 0.15555555555555556 0.0265625 0.06944444444444445
1 0.580078125 0.2326388888888889 0.03828125 0.07083333333333333
1 0.572265625 0.30972222222222223 0.03828125 0.075
1 0.57578125 0.48541666666666666 0.0640625 0.13194444444444445
1 0.68984375 0.3236111111111111 0.040625 0.09722222222222222
1 0.691015625 0.22847222222222222 0.03515625 0.07083333333333333
1 0.678515625 0.14097222222222222 0.02734375 0.059722222222222225
1 0.59296875 0.08194444444444444 0.028125 0.05555555555555555
1 0.683203125 0.07013888888888889 0.02421875 0.059722222222222225
1 0.75625 0.12152777777777778 0.03125 0.07361111111111111
1 0.802734375 0.2076388888888889 0.03984375 0.09027777777777778
1 0.814453125 0.3375 0.04921875 0.09722222222222222
1 0.780078125 0.4673611111111111 0.06015625 0.10972222222222222
1 0.93046875 0.5951388888888889 0.115625 0.19027777777777777
1 0.976953125 0.32430555555555557 0.04609375 0.11527777777777778
1 0.923828125 0.24375 0.04453125 0.0875
1 0.89453125 0.14722222222222223 0.0328125 0.07777777777777778
1 0.86484375 0.049305555555555554 0.03125 0.05416666666666667
1 0.9875 0.11736111111111111 0.025 0.059722222222222225
1 0.981640625 0.04097222222222222 0.03671875 0.0763888888888889