1 0.20982986767485823 0.4553719008264463 0.043478260869565216 0.10082644628099173
1 0.2448015122873346 0.3785123966942149 0.043478260869565216 0.09917355371900827
1 0.2878071833648393 0.256198347107438 0.017958412098298678 0.04297520661157025
1 0.30103969754253307 0.1834710743801653 0.01606805293005671 0.03305785123966942
1 0.333648393194707 0.2859504132231405 0.01890359168241966 0.049586776859504134
1 0.43147448015122875 0.28512396694214875 0.021739130434782608 0.047933884297520664
1 0.3908317580340265 0.19421487603305784 0.01606805293005671 0.02809917355371901
1 0.4276937618147448 0.2206611570247934 0.014177693761814745 0.03140495867768595
1 0.45274102079395084 0.23057851239669422 0.017013232514177693 0.03801652892561983
1 0.45746691871455575 0.14297520661157026 0.011342155009451797 0.024793388429752067
1 0.45226843100189035 0.19090909090909092 0.01606805293005671 0.03140495867768595
1 0.47542533081285443 0.20330578512396694 0.015122873345935728 0.02975206611570248
1 0.5255198487712666 0.20909090909090908 0.017013232514177693 0.03140495867768595
1 0.5113421550094518 0.1768595041322314 0.015122873345935728 0.026446280991735537
1 0.4848771266540643 0.16942148760330578 0.015122873345935728 0.021487603305785124
1 0.47495274102079393 0.1537190082644628 0.014177693761814745 0.023140495867768594
1 0.4881852551984877 0.1347107438016529 0.014177693761814745 0.021487603305785124
1 0.5321361058601134 0.13801652892561983 0.015122873345935728 0.024793388429752067
1 0.5647448015122873 0.15289256198347106 0.012287334593572778 0.02809917355371901
1 0.5850661625708885 0.1652892561983471 0.015122873345935728 0.02975206611570248
1 0.5779773156899811 0.11487603305785124 0.014177693761814745 0.024793388429752067
1 0.6984877126654064 0.09669421487603305 0.011342155009451797 0.03140495867768595
1 0.7169187145557656 0.05702479338842975 0.014177693761814745 0.02809917355371901
1 0.4862948960302457 0.3239669421487603 0.02551984877126654 0.04297520661157025
1 0.6162570888468809 0.24958677685950414 0.017013232514177693 0.03966942148760331
1 0.666351606805293 0.2644628099173554 0.026465028355387523 0.049586776859504134
1 0.723062381852552 0.28264462809917357 0.026465028355387523 0.05289256198347107
1 0.7802457466918714 0.3082644628099174 0.02930056710775047 0.04462809917355372
1 0.8809073724007561 0.23140495867768596 0.020793950850661626 0.049586776859504134
1 0.8558601134215501 0.20082644628099172 0.017958412098298678 0.03801652892561983
1 0.806710775047259 0.18512396694214875 0.01984877126654064 0.03636363636363636
1 0.8194706994328923 0.12727272727272726 0.013232514177693762 0.03305785123966942
1 0.7627599243856332 0.10661157024793388 0.01890359168241966 0.03140495867768595
1 0.7561436672967864 0.15123966942148762 0.017013232514177693 0.03140495867768595
1 0.7684310018903592 0.17355371900826447 0.017013232514177693 0.02975206611570248
1 0.7145557655954632 0.1859504132231405 0.01890359168241966 0.04132231404958678
1 0.720226843100189 0.15950413223140497 0.013232514177693762 0.03140495867768595
1 0.6899810964083176 0.15867768595041323 0.017013232514177693 0.03305785123966942