1 0.085 0.41185185185185186 0.06777777777777778 0.09777777777777778
1 0.155 0.4222222222222222 0.056666666666666664 0.09481481481481481
1 0.1922222222222222 0.42074074074074075 0.044444444444444446 0.07703703703703704
1 0.15611111111111112 0.3488888888888889 0.05 0.07851851851851852
1 0.21 0.3748148148148148 0.05333333333333334 0.08296296296296296
1 0.2588888888888889 0.362962962962963 0.04888888888888889 0.06814814814814815
1 0.2788888888888889 0.4318518518518519 0.05333333333333334 0.09037037037037036
1 0.3377777777777778 0.4237037037037037 0.04666666666666667 0.08296296296296296
1 0.33555555555555555 0.36148148148148146 0.044444444444444446 0.07111111111111111
1 0.3111111111111111 0.3288888888888889 0.04 0.06814814814814815
1 0.2783333333333333 0.3362962962962963 0.04555555555555556 0.07703703703703704
1 0.37222222222222223 0.3414814814814815 0.04 0.06962962962962962
1 0.39 0.4311111111111111 0.044444444444444446 0.07703703703703704
1 0.45555555555555555 0.38074074074074077 0.05333333333333334 0.07111111111111111
1 0.5088888888888888 0.4451851851851852 0.03777777777777778 0.057777777777777775
1 0.4861111111111111 0.3540740740740741 0.03222222222222222 0.05925925925925926
1 0.41388888888888886 0.35333333333333333 0.043333333333333335 0.06666666666666667
1 0.5283333333333333 0.34 0.03666666666666667 0.07851851851851852
1 0.5722222222222222 0.3585185185185185 0.03333333333333333 0.06814814814814815
1 0.5777777777777777 0.42444444444444446 0.03777777777777778 0.06074074074074074
1 0.6322222222222222 0.44074074074074077 0.03777777777777778 0.06962962962962962
1 0.62 0.3414814814814815 0.03777777777777778 0.0637037037037037
1 0.6677777777777778 0.35555555555555557 0.03333333333333333 0.056296296296296296
1 0.6883333333333334 0.4177777777777778 0.03666666666666667 0.06518518518518518
1 0.7122222222222222 0.34074074074074073 0.035555555555555556 0.06518518518518518
1 0.7144444444444444 0.40074074074074073 0.03111111111111111 0.054814814814814816
1 0.755 0.4059259259259259 0.03666666666666667 0.05925925925925926
1 0.7961111111111111 0.43037037037037035 0.03666666666666667 0.06074074074074074
1 0.8266666666666667 0.4162962962962963 0.035555555555555556 0.05333333333333334
1 0.85 0.4051851851851852 0.028888888888888888 0.057777777777777775
1 0.8866666666666667 0.41555555555555557 0.035555555555555556 0.054814814814814816