1 0.08459357277882798 0.44884488448844884 0.031190926275992438 0.066006600660066
1 0.09735349716446125 0.39026402640264024 0.03780718336483932 0.06105610561056106
1 0.14035916824196598 0.36468646864686466 0.036862003780718335 0.07590759075907591
1 0.1715500945179584 0.4975247524752475 0.055765595463137994 0.08745874587458746
1 0.2051039697542533 0.34405940594059403 0.02835538752362949 0.06435643564356436
1 0.2273156899810964 0.3358085808580858 0.02930056710775047 0.07425742574257425
1 0.3733459357277883 0.17244224422442245 0.024574669187145556 0.037953795379537955
1 0.43572778827977315 0.16914191419141913 0.020793950850661626 0.041254125412541254
1 0.6767485822306238 0.11303630363036303 0.024574669187145556 0.037953795379537955
1 0.7013232514177694 0.05198019801980198 0.01890359168241966 0.037953795379537955
1 0.7306238185255198 0.12788778877887788 0.024574669187145556 0.04455445544554455
1 0.8246691871455577 0.25165016501650167 0.036862003780718335 0.09405940594059406
1 0.8879962192816635 0.28052805280528054 0.05387523629489603 0.10231023102310231