1 0.15500406834825062 0.5006983240223464 0.05614320585842148 0.10474860335195531
1 0.23148901545972336 0.3365921787709497 0.01871440195280716 0.036312849162011177
1 0.25874694873881204 0.3512569832402235 0.024410089503661515 0.046089385474860335
1 0.2957689178193653 0.35614525139664804 0.023596419853539462 0.0446927374301676
1 0.2884458909682669 0.30027932960893855 0.01708706265256306 0.036312849162011177
1 0.33319772172497963 0.3610335195530726 0.025223759153783564 0.04329608938547486
1 0.36696501220504474 0.3149441340782123 0.01790073230268511 0.03212290502793296
1 0.35842148087876324 0.2877094972067039 0.01708706265256306 0.030726256983240222
1 0.3921887713588283 0.32472067039106145 0.01790073230268511 0.034916201117318434
1 0.4141578519121237 0.3261173184357542 0.01952807160292921 0.034916201117318434
1 0.41171684296175753 0.2905027932960894 0.01627339300244101 0.030726256983240222
1 0.4467046379170057 0.33589385474860334 0.022782750203417412 0.046089385474860335
1 0.38812042310821804 0.2604748603351955 0.014646053702196907 0.034916201117318434
1 0.3999186330349878 0.27583798882681565 0.013832384052074858 0.02653631284916201
1 0.41049633848657446 0.25768156424581007 0.01708706265256306 0.03212290502793296
1 0.4503661513425549 0.25837988826815644 0.015459723352318959 0.027932960893854747
1 0.434906427990236 0.2779329608938548 0.01708706265256306 0.036312849162011177
1 0.4698942229454841 0.2988826815642458 0.015459723352318959 0.0335195530726257
1 0.5134255492270138 0.3023743016759777 0.01952807160292921 0.034916201117318434
1 0.49593165174938975 0.2611731843575419 0.01708706265256306 0.0335195530726257
1 0.46541903986981287 0.23743016759776536 0.013018714401952807 0.027932960893854747
1 0.47192839707078926 0.22625698324022347 0.011391375101708706 0.0223463687150838
1 0.5191212367778681 0.2409217877094972 0.01627339300244101 0.029329608938547486
1 0.5467860048820179 0.24371508379888268 0.01627339300244101 0.03212290502793296
1 0.5512611879576892 0.2807262569832402 0.01708706265256306 0.03910614525139665
1 0.580960130187144 0.25 0.01790073230268511 0.0335195530726257
1 0.5585842148087876 0.21089385474860337 0.012205044751830757 0.030726256983240222
1 0.5711960943856794 0.2122905027932961 0.011391375101708706 0.019553072625698324
1 0.5744507729861676 0.23533519553072627 0.011391375101708706 0.023743016759776536
1 0.6000813669650122 0.2360335195530726 0.013832384052074858 0.030726256983240222
1 0.6090317331163547 0.19902234636871508 0.012205044751830757 0.02653631284916201
1 0.6265256305939788 0.20879888268156424 0.011391375101708706 0.02653631284916201
1 0.6334418226200162 0.22416201117318435 0.010577705451586655 0.02653631284916201
1 0.6387306753458096 0.24231843575418993 0.014646053702196907 0.029329608938547486
1 0.6749389747762409 0.22695530726256982 0.013832384052074858 0.03212290502793296
1 0.661513425549227 0.21438547486033518 0.013018714401952807 0.023743016759776536
1 0.5016273393002441 0.37988826815642457 0.028478437754271765 0.06424581005586592
1 0.5504475183075671 0.39106145251396646 0.03173311635475997 0.061452513966480445
1 0.6143205858421481 0.4175977653631285 0.030919446704637917 0.06983240223463687
1 0.6074043938161107 0.3708100558659218 0.028478437754271765 0.05446927374301676
1 0.5988608624898292 0.3170391061452514 0.024410089503661515 0.0446927374301676
1 0.6322213181448332 0.2905027932960894 0.02115541090317331 0.03910614525139665
1 0.6476810414971521 0.3254189944134078 0.02115541090317331 0.04748603351955307
1 0.6952807160292921 0.34497206703910616 0.021969080553295363 0.05027932960893855
1 0.6663954434499593 0.4329608938547486 0.03417412530512612 0.07262569832402235
1 0.6570382424735557 0.3861731843575419 0.026851098454027666 0.05446927374301676
1 0.7176566314076485 0.4553072625698324 0.03905614320585842 0.08100558659217877
1 0.7424735557363711 0.3973463687150838 0.028478437754271765 0.05446927374301676
1 0.774206672091131 0.4483240223463687 0.030105777054515868 0.05865921787709497
1 0.8002441008950366 0.3526536312849162 0.021969080553295363 0.051675977653631286
1 0.8136696501220505 0.5034916201117319 0.03417412530512612 0.06843575418994413
1 0.8421480878763222 0.4266759776536313 0.027664768104149716 0.06005586592178771
1 0.9068348250610252 0.46019553072625696 0.030105777054515868 0.06564245810055866
1 0.8946297803091945 0.38756983240223464 0.023596419853539462 0.04888268156424581
1 0.854759967453214 0.37639664804469275 0.023596419853539462 0.05446927374301676
1 0.8775427176566314 0.3149441340782123 0.01871440195280716 0.046089385474860335
1 0.8734743694060212 0.35893854748603354 0.021969080553295363 0.0446927374301676
1 0.9170056956875509 0.3568435754189944 0.02115541090317331 0.046089385474860335
1 0.9259560618388935 0.3261173184357542 0.01627339300244101 0.03770949720670391
1 0.9271765663140765 0.2925977653631285 0.013832384052074858 0.03212290502793296
1 0.677786818551668 0.26536312849162014 0.01790073230268511 0.036312849162011177
1 0.7074857607811229 0.24860335195530725 0.015459723352318959 0.036312849162011177
1 0.7225386493083807 0.2835195530726257 0.01790073230268511 0.03910614525139665
1 0.7318958502847844 0.25768156424581007 0.01708706265256306 0.03770949720670391
1 0.7335231895850285 0.2297486033519553 0.013832384052074858 0.03212290502793296
1 0.7558991049633849 0.22486033519553073 0.01627339300244101 0.030726256983240222
1 0.7701383238405207 0.28002793296089384 0.01708706265256306 0.040502793296089384
1 0.7737998372660699 0.24930167597765363 0.014646053702196907 0.029329608938547486
1 0.7799023596419854 0.236731843575419 0.012205044751830757 0.02653631284916201
1 0.7510170870626526 0.25768156424581007 0.014646053702196907 0.029329608938547486
1 0.8152969894222946 0.2995810055865922 0.02115541090317331 0.034916201117318434
1 0.8490642799023597 0.3009776536312849 0.01708706265256306 0.03770949720670391
1 0.8193653376729048 0.34217877094972066 0.02115541090317331 0.05027932960893855
1 0.8152969894222946 0.2702513966480447 0.01627339300244101 0.03212290502793296
1 0.8091944670463792 0.23812849162011174 0.01708706265256306 0.034916201117318434
1 0.8368592351505288 0.2541899441340782 0.013832384052074858 0.030726256983240222
1 0.8510984540276648 0.2681564245810056 0.01627339300244101 0.0335195530726257
1 0.8580146460537021 0.25558659217877094 0.015459723352318959 0.030726256983240222
1 0.8681855166802278 0.24720670391061453 0.014646053702196907 0.0335195530726257
1 0.9048006509357202 0.28002793296089384 0.01790073230268511 0.03770949720670391
1 0.9324654190398698 0.2590782122905028 0.01790073230268511 0.03212290502793296