1 0.08625 0.7119866814650389 0.14583333333333334 0.22752497225305215
1 0.016666666666666666 0.4839067702552719 0.03166666666666667 0.05549389567147614
1 0.07 0.5027746947835738 0.055 0.06437291897891231
1 0.06833333333333333 0.46059933407325193 0.04 0.05327413984461709
1 0.12583333333333332 0.45449500554938954 0.04 0.03662597114317425
1 0.1925 0.4728079911209767 0.04 0.05771365149833518
1 0.2504166666666667 0.4583795782463929 0.0375 0.05549389567147614
1 0.29833333333333334 0.5948945615982242 0.08166666666666667 0.0932297447280799
1 0.3258333333333333 0.5166481687014428 0.05333333333333334 0.08102108768035517
1 0.30416666666666664 0.4716981132075472 0.03 0.04439511653718091
1 0.41083333333333333 0.48612652608213097 0.041666666666666664 0.048834628190899
1 0.44708333333333333 0.47835738068812433 0.0325 0.033296337402885685
1 0.44583333333333336 0.46059933407325193 0.025 0.03107658157602664
1 0.59 0.45338512763596006 0.023333333333333334 0.038845726970033294
1 0.6245833333333334 0.48224195338512765 0.03916666666666667 0.06104328523862375
1 0.5995833333333334 0.48057713651498335 0.029166666666666667 0.03773584905660377
1 0.66 0.5149833518312985 0.051666666666666666 0.0732519422863485
1 0.705 0.5826859045504994 0.06333333333333334 0.08435072142064373
1 0.92625 0.6731409544950056 0.1475 0.21198668146503885
1 0.9033333333333333 0.5432852386237513 0.055 0.07436182019977802
1 0.9566666666666667 0.4739178690344062 0.041666666666666664 0.05549389567147614
1 0.8379166666666666 0.48057713651498335 0.049166666666666664 0.07103218645948946
1 0.7875 0.47669256381798003 0.03833333333333333 0.058823529411764705
1 0.7470833333333333 0.46448390677025525 0.024166666666666666 0.041065482796892344