1 0.25416666666666665 0.514792899408284 0.03166666666666667 0.05917159763313609
1 0.2841666666666667 0.4245562130177515 0.028333333333333332 0.05029585798816568
1 0.3433333333333333 0.5710059171597633 0.03333333333333333 0.05917159763313609
1 0.37666666666666665 0.44822485207100593 0.03 0.0621301775147929
1 0.195 0.45857988165680474 0.02666666666666667 0.05325443786982249
1 0.23333333333333334 0.3890532544378698 0.02 0.04437869822485207
1 0.19 0.39497041420118345 0.02 0.038461538461538464
1 0.17916666666666667 0.34467455621301774 0.018333333333333333 0.038461538461538464
1 0.21916666666666668 0.3150887573964497 0.015 0.026627218934911243
1 0.2725 0.29142011834319526 0.018333333333333333 0.03254437869822485
1 0.29083333333333333 0.32840236686390534 0.018333333333333333 0.03550295857988166
1 0.3258333333333333 0.3594674556213018 0.025 0.038461538461538464
1 0.3416666666666667 0.39349112426035504 0.02 0.047337278106508875
1 0.26416666666666666 0.3520710059171598 0.021666666666666667 0.04142011834319527
1 0.33666666666666667 0.26627218934911245 0.013333333333333334 0.023668639053254437
1 0.3625 0.23964497041420119 0.015 0.03550295857988166
1 0.385 0.28402366863905326 0.016666666666666666 0.03550295857988166
1 0.39416666666666667 0.26479289940828404 0.018333333333333333 0.03254437869822485
1 0.38916666666666666 0.3091715976331361 0.015 0.038461538461538464
1 0.4266666666666667 0.3269230769230769 0.02 0.04437869822485207
1 0.43 0.29142011834319526 0.013333333333333334 0.026627218934911243
1 0.44333333333333336 0.25443786982248523 0.013333333333333334 0.023668639053254437
1 0.4716666666666667 0.27366863905325445 0.02 0.03254437869822485
1 0.485 0.2781065088757396 0.016666666666666666 0.029585798816568046
1 0.48083333333333333 0.22781065088757396 0.015 0.023668639053254437
1 0.5183333333333333 0.21005917159763313 0.013333333333333334 0.03550295857988166
1 0.5425 0.20710059171597633 0.011666666666666667 0.029585798816568046
1 0.54 0.25 0.016666666666666666 0.03254437869822485
1 0.5708333333333333 0.22928994082840237 0.015 0.03254437869822485
1 0.6033333333333334 0.23372781065088757 0.013333333333333334 0.023668639053254437
1 0.5658333333333333 0.2603550295857988 0.011666666666666667 0.023668639053254437
1 0.5691666666666667 0.3136094674556213 0.018333333333333333 0.03550295857988166
1 0.5433333333333333 0.33136094674556216 0.02 0.047337278106508875
1 0.5316666666666666 0.3032544378698225 0.02 0.03254437869822485
1 0.5058333333333334 0.3668639053254438 0.021666666666666667 0.04142011834319527
1 0.46166666666666667 0.34911242603550297 0.023333333333333334 0.04142011834319527
1 0.5716666666666667 0.4363905325443787 0.03333333333333333 0.05621301775147929
1 0.57 0.3905325443786982 0.02 0.04142011834319527
1 0.5925 0.3343195266272189 0.018333333333333333 0.029585798816568046
1 0.6158333333333333 0.378698224852071 0.021666666666666667 0.03550295857988166
1 0.595 0.3757396449704142 0.02 0.03550295857988166
1 0.62 0.4156804733727811 0.02666666666666667 0.05029585798816568
1 0.62 0.28254437869822485 0.02 0.03254437869822485
1 0.635 0.2529585798816568 0.013333333333333334 0.026627218934911243
1 0.6491666666666667 0.29289940828402367 0.018333333333333333 0.03550295857988166
1 0.6566666666666666 0.2588757396449704 0.016666666666666666 0.03254437869822485
1 0.6808333333333333 0.2988165680473373 0.018333333333333333 0.04142011834319527
1 0.6983333333333334 0.28402366863905326 0.013333333333333334 0.03550295857988166
1 0.7141666666666666 0.34023668639053256 0.021666666666666667 0.04142011834319527
1 0.7 0.3594674556213018 0.016666666666666666 0.03254437869822485
1 0.7558333333333334 0.3136094674556213 0.021666666666666667 0.05325443786982249
1 0.7925 0.3624260355029586 0.018333333333333333 0.04437869822485207
1 0.6816666666666666 0.5295857988165681 0.04 0.0650887573964497
1 0.5316666666666666 0.7041420118343196 0.043333333333333335 0.08875739644970414
1 0.44166666666666665 0.5591715976331361 0.04 0.07692307692307693