1 0.051829268292682924 0.42208672086720866 0.056910569105691054 0.06910569105691057
1 0.03861788617886179 0.37737127371273715 0.036585365853658534 0.05555555555555555
1 0.12195121951219512 0.3489159891598916 0.03048780487804878 0.05013550135501355
1 0.1524390243902439 0.3902439024390244 0.03861788617886179 0.06504065040650407
1 0.17073170731707318 0.35907859078590787 0.03861788617886179 0.05962059620596206
1 0.2342479674796748 0.39295392953929537 0.049796747967479675 0.07046070460704607
1 0.20172764227642276 0.47899728997289975 0.061991869918699184 0.09078590785907859
1 0.21951219512195122 0.3407859078590786 0.024390243902439025 0.04742547425474255
1 0.2764227642276423 0.3421409214092141 0.026422764227642278 0.04742547425474255
1 0.29776422764227645 0.36585365853658536 0.032520325203252036 0.05420054200542006
1 0.33689024390243905 0.46680216802168023 0.0741869918699187 0.08807588075880758
1 0.3617886178861789 0.3997289972899729 0.0508130081300813 0.06775067750677506
1 0.38058943089430897 0.37398373983739835 0.029471544715447155 0.05420054200542006
1 0.4009146341463415 0.34688346883468835 0.027439024390243903 0.04607046070460705
1 0.36839430894308944 0.32791327913279134 0.023373983739837397 0.037940379403794036
1 0.328760162601626 0.3313008130081301 0.027439024390243903 0.044715447154471545
1 0.38160569105691056 0.3089430894308943 0.02540650406504065 0.037940379403794036
1 0.4344512195121951 0.3353658536585366 0.02540650406504065 0.04200542005420054
1 0.4644308943089431 0.3346883468834688 0.02032520325203252 0.04065040650406504
1 0.4761178861788618 0.34959349593495936 0.02540650406504065 0.04607046070460705
1 0.49085365853658536 0.3678861788617886 0.032520325203252036 0.052845528455284556
1 0.48577235772357724 0.4254742547425474 0.046747967479674794 0.08130081300813008
1 0.586890243902439 0.3875338753387534 0.04369918699186992 0.06504065040650407
1 0.608739837398374 0.3428184281842818 0.034552845528455285 0.04878048780487805
1 0.6244918699186992 0.3258807588075881 0.023373983739837397 0.036585365853658534
1 0.5452235772357723 0.3326558265582656 0.027439024390243903 0.044715447154471545
1 0.6742886178861789 0.3421409214092141 0.031504065040650404 0.05013550135501355
1 0.6920731707317073 0.36585365853658536 0.034552845528455285 0.05962059620596206
1 0.744410569105691 0.3502710027100271 0.029471544715447155 0.044715447154471545
1 0.8109756097560976 0.32926829268292684 0.026422764227642278 0.051490514905149054
1 0.5182926829268293 0.6612466124661247 0.10975609756097561 0.16260162601626016
1 0.6697154471544715 0.510840108401084 0.08130081300813008 0.13008130081300814
1 0.7997967479674797 0.4369918699186992 0.056910569105691054 0.1043360433604336
1 0.8252032520325203 0.4078590785907859 0.04878048780487805 0.07317073170731707
1 0.8475609756097561 0.6951219512195121 0.16869918699186992 0.2032520325203252
1 0.9242886178861789 0.5386178861788617 0.09044715447154472 0.12059620596205962
1 0.9080284552845529 0.36585365853658536 0.047764227642276426 0.07588075880758807
1 0.9542682926829268 0.3394308943089431 0.034552845528455285 0.06368563685636856
1 0.9847560975609756 0.43360433604336046 0.028455284552845527 0.08672086720867209
1 0.9842479674796748 0.3780487804878049 0.031504065040650404 0.06233062330623306
1 0.9883130081300813 0.3245257452574526 0.023373983739837397 0.044715447154471545