1 0.1012 0.5385906040268457 0.052 0.10067114093959731
1 0.1992 0.29278523489932884 0.0224 0.05536912751677853
1 0.2344 0.27684563758389263 0.0256 0.053691275167785234
1 0.2788 0.23741610738255034 0.02 0.04865771812080537
1 0.3124 0.2407718120805369 0.0168 0.04530201342281879
1 0.308 0.2063758389261745 0.0192 0.040268456375838924
1 0.3308 0.22818791946308725 0.0184 0.050335570469798654
1 0.3488 0.2181208053691275 0.0176 0.050335570469798654
1 0.3692 0.26593959731543626 0.0184 0.05201342281879195
1 0.3636 0.19630872483221476 0.0168 0.03691275167785235
1 0.3876 0.1912751677852349 0.02 0.04697986577181208
1 0.3972 0.24161073825503357 0.02 0.0436241610738255
1 0.4324 0.32802013422818793 0.0248 0.04865771812080537
1 0.472 0.24664429530201343 0.0208 0.053691275167785234
1 0.4336 0.1912751677852349 0.0176 0.040268456375838924
1 0.4432 0.16023489932885907 0.016 0.03523489932885906
1 0.456 0.16275167785234898 0.0128 0.030201342281879196
1 0.4792 0.17114093959731544 0.0192 0.040268456375838924
1 0.4948 0.20385906040268456 0.0168 0.04194630872483222
1 0.494 0.1518456375838926 0.0152 0.03523489932885906
1 0.518 0.16526845637583892 0.0168 0.04865771812080537
1 0.5496 0.21644295302013422 0.016 0.040268456375838924
1 0.5276 0.15436241610738255 0.0136 0.040268456375838924
1 0.5528 0.13590604026845637 0.0144 0.03691275167785235
1 0.5612 0.16023489932885907 0.0152 0.04194630872483222
1 0.5772 0.13506711409395974 0.0168 0.03523489932885906
1 0.5984 0.125 0.016 0.04194630872483222
1 0.608 0.1568791946308725 0.016 0.03859060402684564
1 0.6012 0.18791946308724833 0.0152 0.040268456375838924
1 0.622 0.19714765100671142 0.0168 0.04194630872483222
1 0.6296 0.12835570469798657 0.016 0.04194630872483222
1 0.652 0.14513422818791946 0.0176 0.03859060402684564
1 0.6636 0.1342281879194631 0.0136 0.03691275167785235
1 0.6888 0.1342281879194631 0.0128 0.03691275167785235
1 0.7076 0.15436241610738255 0.0152 0.040268456375838924
1 0.6888 0.16359060402684564 0.0176 0.04194630872483222
1 0.6556 0.1837248322147651 0.0184 0.03859060402684564
1 0.5752 0.33053691275167785 0.0256 0.053691275167785234
1 0.5984 0.38674496644295303 0.0272 0.06879194630872483
1 0.61 0.2911073825503356 0.0248 0.05536912751677853
1 0.6608 0.25419463087248323 0.0208 0.05536912751677853
1 0.6952 0.21728187919463088 0.0192 0.04530201342281879
1 0.7288 0.2625838926174497 0.0208 0.05201342281879195
1 0.7412 0.22902684563758388 0.0152 0.04194630872483222
1 0.7452 0.18959731543624161 0.0152 0.040268456375838924
1 0.7208 0.39932885906040266 0.0288 0.0738255033557047
1 0.658 0.3976510067114094 0.0328 0.06711409395973154
1 0.7916 0.44798657718120805 0.0344 0.09731543624161074
1 0.8716 0.48322147651006714 0.0296 0.08053691275167785
1 0.886 0.39681208053691275 0.0264 0.06543624161073826
1 0.8468 0.3733221476510067 0.0248 0.06208053691275168
1 0.8104 0.29697986577181207 0.0208 0.05704697986577181
1 0.752 0.28859060402684567 0.0224 0.053691275167785234
1 0.7964 0.2483221476510067 0.0168 0.050335570469798654
1 0.7772 0.20553691275167785 0.0152 0.03859060402684564
1 0.77 0.17953020134228187 0.0136 0.030201342281879196
1 0.8084 0.19211409395973153 0.0168 0.04194630872483222
1 0.8196 0.2256711409395973 0.02 0.04530201342281879
1 0.8396 0.21224832214765102 0.0152 0.03859060402684564
1 0.868 0.2273489932885906 0.0128 0.03859060402684564
1 0.8756 0.22399328859060402 0.0104 0.04194630872483222
1 0.8976 0.25838926174496646 0.0128 0.0436241610738255
1 0.8868 0.29278523489932884 0.0152 0.04530201342281879
1 0.8644 0.31543624161073824 0.02 0.053691275167785234
1 0.9056 0.23406040268456377 0.016 0.04194630872483222
1 0.928 0.2684563758389262 0.016 0.04697986577181208
1 0.9464 0.24412751677852348 0.0144 0.04530201342281879
1 0.9216 0.3238255033557047 0.0208 0.06040268456375839
1 0.944 0.37919463087248323 0.0224 0.06711409395973154
1 0.9524 0.43456375838926176 0.0216 0.07046979865771812
1 0.9716 0.36325503355704697 0.0168 0.05201342281879195
1 0.968 0.3271812080536913 0.0128 0.03355704697986577
1 0.9736 0.3036912751677852 0.0128 0.03691275167785235
1 0.9812 0.2575503355704698 0.0152 0.04194630872483222