1 0.21613236814891418 0.3180147058823529 0.03722854188210962 0.09926470588235294
1 0.43950361944157185 0.22242647058823528 0.016546018614270942 0.04044117647058824
1 0.48345398138572904 0.21966911764705882 0.017580144777662874 0.04595588235294118
1 0.5475698035160289 0.18290441176470587 0.017580144777662874 0.03860294117647059
1 0.6127197518097208 0.1875 0.01964839710444674 0.04779411764705882
1 0.6204756980351603 0.22518382352941177 0.022750775594622543 0.04595588235294118
1 0.6763185108583247 0.20404411764705882 0.01861427094105481 0.04411764705882353
1 0.6690796277145812 0.2545955882352941 0.020682523267838676 0.05330882352941176
1 0.6809720785935884 0.17647058823529413 0.015511892450879007 0.04044117647058824
1 0.7223371251292657 0.19761029411764705 0.015511892450879007 0.03860294117647059
1 0.7538779731127198 0.27849264705882354 0.028955532574974147 0.07169117647058823
1 0.7233712512926577 0.3023897058823529 0.023784901758014478 0.05330882352941176
1 0.8386763185108583 0.25735294117647056 0.020682523267838676 0.04411764705882353
1 0.8748707342295761 0.25919117647058826 0.020682523267838676 0.051470588235294115