1 0.14994096812278632 0.39026915113871635 0.04014167650531287 0.07246376811594203
1 0.29456906729634 0.2556935817805383 0.020070838252656435 0.035196687370600416
1 0.3317591499409681 0.2743271221532091 0.021251475796930343 0.035196687370600416
1 0.4244391971664699 0.2795031055900621 0.02243211334120425 0.045548654244306416
1 0.4197166469893743 0.2163561076604555 0.020070838252656435 0.035196687370600416
1 0.3807556080283353 0.2080745341614907 0.020070838252656435 0.035196687370600416
1 0.4474616292798111 0.21842650103519667 0.01652892561983471 0.035196687370600416
1 0.4445100354191263 0.19358178053830227 0.015348288075560802 0.026915113871635612
1 0.4279811097992916 0.17287784679089027 0.01770956316410862 0.031055900621118012
1 0.4427390791027155 0.16149068322981366 0.01652892561983471 0.033126293995859216
1 0.46812278630460447 0.20186335403726707 0.020070838252656435 0.043478260869565216
1 0.4805194805194805 0.13457556935817805 0.01652892561983471 0.033126293995859216
1 0.4923258559622196 0.17598343685300208 0.021251475796930343 0.037267080745341616
1 0.51357733175915 0.2153209109730849 0.018890200708382526 0.041407867494824016
1 0.5188902007083825 0.15527950310559005 0.015348288075560802 0.028985507246376812
1 0.5312868949232585 0.13354037267080746 0.014167650531286895 0.026915113871635612
1 0.5489964580873672 0.13146997929606624 0.014167650531286895 0.035196687370600416
1 0.5749704840613932 0.15942028985507245 0.014167650531286895 0.033126293995859216
1 0.564935064935065 0.11076604554865424 0.012987012987012988 0.026915113871635612
1 0.5850059031877214 0.13664596273291926 0.012987012987012988 0.028985507246376812
1 0.5997638724911453 0.14492753623188406 0.014167650531286895 0.033126293995859216
1 0.5944510035419126 0.09834368530020704 0.010625737898465172 0.018633540372670808
1 0.6127508854781583 0.12111801242236025 0.01652892561983471 0.031055900621118012
1 0.6859504132231405 0.10973084886128365 0.014167650531286895 0.033126293995859216
1 0.47461629279811096 0.32608695652173914 0.030696576151121605 0.051759834368530024
1 0.538370720188902 0.2981366459627329 0.02833530106257379 0.07039337474120083
1 0.5608028335301063 0.2370600414078675 0.025974025974025976 0.043478260869565216
1 0.6009445100354192 0.3033126293995859 0.02833530106257379 0.06418219461697723
1 0.6115702479338843 0.20082815734989648 0.021251475796930343 0.049689440993788817
1 0.6552538370720189 0.2639751552795031 0.025974025974025976 0.055900621118012424
1 0.7089728453364817 0.28778467908902694 0.024793388429752067 0.053830227743271224
1 0.7668240850059032 0.3136645962732919 0.024793388429752067 0.055900621118012424
1 0.6558441558441559 0.2028985507246377 0.024793388429752067 0.041407867494824016
1 0.680047225501771 0.19875776397515527 0.01652892561983471 0.037267080745341616
1 0.6912632821723731 0.18115942028985507 0.02243211334120425 0.043478260869565216
1 0.6812278630460449 0.16045548654244307 0.021251475796930343 0.031055900621118012
1 0.7119244391971665 0.14078674948240166 0.018890200708382526 0.037267080745341616
1 0.7414403778040142 0.15217391304347827 0.01652892561983471 0.031055900621118012
1 0.7508854781582054 0.17805383022774326 0.021251475796930343 0.041407867494824016
1 0.7390791027154664 0.11801242236024845 0.01652892561983471 0.028985507246376812
1 0.8022432113341205 0.13457556935817805 0.015348288075560802 0.028985507246376812
1 0.7886658795749705 0.19358178053830227 0.021251475796930343 0.047619047619047616
1 0.8441558441558441 0.18322981366459629 0.01652892561983471 0.039337474120082816
1 0.8612750885478159 0.2349896480331263 0.02243211334120425 0.043478260869565216
1 0.8831168831168831 0.18944099378881987 0.018890200708382526 0.043478260869565216
1 0.9138134592680047 0.18840579710144928 0.018890200708382526 0.037267080745341616
1 0.9586776859504132 0.12939958592132506 0.01652892561983471 0.039337474120082816