1 0.5908333333333333 0.825 0.08833333333333333 0.15
1 0.5975 0.6825 0.065 0.115
1 0.6325 0.5925 0.045 0.07
1 0.655 0.5475 0.04 0.08
1 0.5641666666666667 0.53875 0.03166666666666667 0.0575
1 0.5325 0.58875 0.03833333333333333 0.0625
1 0.535 0.55625 0.03333333333333333 0.0525
1 0.4533333333333333 0.65625 0.06666666666666667 0.1125
1 0.4625 0.61625 0.041666666666666664 0.0675
1 0.42916666666666664 0.43625 0.018333333333333333 0.0375
1 0.37 0.44 0.023333333333333334 0.04
1 0.4116666666666667 0.5275 0.02666666666666667 0.04
1 0.3458333333333333 0.5375 0.035 0.055
1 0.31083333333333335 0.55625 0.035 0.0525
1 0.2825 0.565 0.045 0.08
1 0.2325 0.55125 0.03166666666666667 0.0525
1 0.21583333333333332 0.57375 0.03833333333333333 0.0525
1 0.20916666666666667 0.525 0.03833333333333333 0.05
1 0.14166666666666666 0.63875 0.06333333333333334 0.0825
1 0.12833333333333333 0.57125 0.04 0.0575
1 0.15 0.55625 0.03333333333333333 0.0525
1 0.07333333333333333 0.5425 0.03333333333333333 0.045
1 0.0225 0.58375 0.035 0.0625
1 0.2575 0.8775 0.11833333333333333 0.195
1 0.8116666666666666 0.53875 0.03 0.0625
1 0.8375 0.54 0.03833333333333333 0.07
1 0.9175 0.6425 0.055 0.11
1 0.9566666666666667 0.65625 0.06333333333333334 0.1075
1 0.9766666666666667 0.59875 0.043333333333333335 0.0775