1 0.1671875 0.5506912442396313 0.109375 0.15207373271889402
1 0.1421875 0.41935483870967744 0.071875 0.10138248847926268
1 0.29765625 0.4182027649769585 0.0640625 0.10368663594470046
1 0.38984375 0.5299539170506913 0.0890625 0.14746543778801843
1 0.475 0.5138248847926268 0.065625 0.11981566820276497
1 0.42265625 0.39746543778801846 0.0546875 0.08064516129032258
1 0.40078125 0.8732718894009217 0.2140625 0.2350230414746544
1 0.7015625 0.6601382488479263 0.1125 0.1774193548387097
1 0.58515625 0.43663594470046085 0.0671875 0.0944700460829493
1 0.61015625 0.20852534562211983 0.0671875 0.08986175115207373
1 0.73828125 0.49193548387096775 0.0796875 0.12211981566820276
1 0.76875 0.4642857142857143 0.059375 0.10829493087557604