1 0.4972924187725632 0.35542168674698793 0.02707581227436823 0.04096385542168675
1 0.12184115523465704 0.7397590361445783 0.12454873646209386 0.18795180722891566
1 0.07490974729241877 0.6156626506024097 0.08844765342960288 0.1180722891566265
1 0.05776173285198556 0.5337349397590362 0.05054151624548736 0.06987951807228916
1 0.039711191335740074 0.4855421686746988 0.05054151624548736 0.05542168674698795
1 0.01895306859205776 0.519277108433735 0.03429602888086643 0.060240963855421686
1 0.1055956678700361 0.4987951807228916 0.048736462093862815 0.05783132530120482
1 0.14711191335740073 0.5469879518072289 0.05956678700361011 0.07228915662650602
1 0.16606498194945848 0.4771084337349398 0.04332129963898917 0.05783132530120482
1 0.22743682310469315 0.5831325301204819 0.07220216606498195 0.10602409638554217
1 0.2951263537906137 0.5795180722891566 0.052346570397111915 0.06506024096385542
1 0.3140794223826715 0.5289156626506024 0.04693140794223827 0.060240963855421686
1 0.27075812274368233 0.4686746987951807 0.036101083032490974 0.05542168674698795
1 0.23916967509025272 0.45542168674698796 0.03790613718411552 0.04819277108433735
1 0.3844765342960289 0.5783132530120482 0.07220216606498195 0.11566265060240964
1 0.3700361010830325 0.7795180722891566 0.1407942238267148 0.21445783132530122
1 0.516245487364621 0.5566265060240964 0.05415162454873646 0.0819277108433735
1 0.6046931407942239 0.691566265060241 0.08664259927797834 0.13012048192771083
1 0.6227436823104693 0.5493975903614458 0.04693140794223827 0.07710843373493977
1 0.09296028880866426 0.45542168674698796 0.02707581227436823 0.03855421686746988
1 0.3944043321299639 0.5048192771084338 0.04151624548736462 0.05060240963855422
1 0.36101083032490977 0.4771084337349398 0.02888086642599278 0.03855421686746988
1 0.32942238267148016 0.4927710843373494 0.02707581227436823 0.03614457831325301
1 0.30776173285198555 0.46987951807228917 0.023465703971119134 0.033734939759036145
1 0.3348375451263538 0.4566265060240964 0.023465703971119134 0.04096385542168675
1 0.3799638989169675 0.4578313253012048 0.02707581227436823 0.02891566265060241
1 0.4296028880866426 0.46987951807228917 0.02888086642599278 0.03855421686746988
1 0.4693140794223827 0.5457831325301205 0.039711191335740074 0.06987951807228916
1 0.5902527075812274 0.4927710843373494 0.04332129963898917 0.05542168674698795
1 0.6362815884476535 0.4879518072289157 0.03429602888086643 0.05060240963855422
1 0.6119133574007221 0.45542168674698796 0.02527075812274368 0.043373493975903614
1 0.6705776173285198 0.4578313253012048 0.03790613718411552 0.05301204819277108
1 0.6787003610108303 0.5325301204819277 0.04332129963898917 0.06746987951807229
1 0.7229241877256317 0.5831325301204819 0.0776173285198556 0.0963855421686747
1 0.7472924187725631 0.5228915662650603 0.05054151624548736 0.05783132530120482
1 0.7490974729241877 0.4759036144578313 0.036101083032490974 0.05060240963855422
1 0.723826714801444 0.4686746987951807 0.02888086642599278 0.05060240963855422
1 0.7851985559566786 0.4819277108433735 0.02888086642599278 0.05301204819277108
1 0.8212996389891697 0.46987951807228917 0.036101083032490974 0.05301204819277108
1 0.8339350180505415 0.5795180722891566 0.05054151624548736 0.0746987951807229
1 0.8456678700361011 0.5313253012048192 0.048736462093862815 0.06506024096385542
1 0.8754512635379061 0.5 0.032490974729241874 0.05542168674698795
1 0.8763537906137184 0.472289156626506 0.030685920577617327 0.04819277108433735
1 0.9160649819494585 0.5024096385542168 0.030685920577617327 0.04578313253012048
1 0.9593862815884476 0.5313253012048192 0.052346570397111915 0.0891566265060241
1 0.9097472924187726 0.8602409638554217 0.16967509025270758 0.27951807228915665
1 0.9088447653429603 0.6674698795180722 0.12093862815884476 0.163855421686747