1 0.09040074557315937 0.4598360655737705 0.027958993476234855 0.07049180327868852
1 0.28657968313140725 0.26557377049180325 0.013979496738117428 0.03278688524590164
1 0.277260018639329 0.24016393442622952 0.013979496738117428 0.03442622950819672
1 0.30754892823858343 0.25 0.014911463187325256 0.027868852459016394
1 0.3322460391425909 0.25573770491803277 0.015843429636533086 0.036065573770491806
1 0.3196644920782852 0.21639344262295082 0.0130475302889096 0.03278688524590164
1 0.3317800559179869 0.21885245901639344 0.0130475302889096 0.027868852459016394
1 0.3527493010251631 0.22950819672131148 0.013979496738117428 0.03278688524590164
1 0.3630009319664492 0.24754098360655738 0.017707362534948742 0.03934426229508197
1 0.37558247903075487 0.22704918032786886 0.014911463187325256 0.03114754098360656
1 0.3718546132339236 0.19262295081967212 0.0130475302889096 0.03442622950819672
1 0.3849021435228332 0.1860655737704918 0.0130475302889096 0.027868852459016394
1 0.41658900279589933 0.19098360655737706 0.0130475302889096 0.027868852459016394
1 0.3895619757688723 0.26229508196721313 0.01863932898415657 0.03278688524590164
1 0.42264678471575023 0.2573770491803279 0.017707362534948742 0.04262295081967213
1 0.4319664492078285 0.2262295081967213 0.0195712954333644 0.03278688524590164
1 0.461789375582479 0.23278688524590163 0.017707362534948742 0.04590163934426229
1 0.47763280521901214 0.19918032786885245 0.021435228331780055 0.027868852459016394
1 0.43988816402609504 0.17868852459016393 0.014911463187325256 0.02622950819672131
1 0.45246971109040074 0.1885245901639344 0.013979496738117428 0.022950819672131147
1 0.46225535880708296 0.14672131147540984 0.0130475302889096 0.02459016393442623
1 0.4976700838769804 0.17049180327868851 0.014911463187325256 0.03278688524590164
1 0.47576887232059645 0.13360655737704918 0.012115563839701771 0.021311475409836064
1 0.5377446411929171 0.18360655737704917 0.02050326188257223 0.036065573770491806
1 0.5330848089468779 0.1598360655737705 0.0130475302889096 0.027868852459016394
1 0.5447343895619757 0.15245901639344261 0.012115563839701771 0.02622950819672131
1 0.5643056849953402 0.1721311475409836 0.015843429636533086 0.029508196721311476
1 0.5615097856477167 0.12622950819672132 0.013979496738117428 0.036065573770491806
1 0.6011183597390494 0.15245901639344261 0.016775396085740912 0.02622950819672131
1 0.5866728797763281 0.12704918032786885 0.013979496738117428 0.027868852459016394
1 0.6076421248835042 0.12868852459016394 0.016775396085740912 0.02459016393442623
1 0.6281453867660765 0.13934426229508196 0.014911463187325256 0.029508196721311476
1 0.636067101584343 0.12295081967213115 0.010251630941286114 0.02622950819672131
1 0.6593662628145387 0.12295081967213115 0.010251630941286114 0.02622950819672131
1 0.483690587138863 0.30245901639344264 0.0260950605778192 0.054098360655737705
1 0.5391425908667288 0.30573770491803276 0.02702702702702703 0.060655737704918035
1 0.6020503261882573 0.3155737704918033 0.033550792171481825 0.05737704918032787
1 0.5722273998136067 0.21967213114754097 0.01863932898415657 0.04262295081967213
1 0.5997204100652377 0.19836065573770492 0.021435228331780055 0.04262295081967213
1 0.646784715750233 0.2180327868852459 0.01863932898415657 0.04262295081967213
1 0.6444547996272134 0.2647540983606557 0.021435228331780055 0.047540983606557376
1 0.6095060577819198 0.26967213114754096 0.02982292637465051 0.04426229508196721
1 0.7092264678471575 0.2819672131147541 0.024231127679403542 0.04262295081967213
1 0.6943150046598322 0.23278688524590163 0.024231127679403542 0.04262295081967213
1 0.6635601118359739 0.18360655737704917 0.016775396085740912 0.03278688524590164
1 0.6840633737185461 0.1918032786885246 0.014911463187325256 0.036065573770491806
1 0.6854613233923579 0.16721311475409836 0.012115563839701771 0.029508196721311476
1 0.7036346691519105 0.16639344262295083 0.016775396085740912 0.03114754098360656
1 0.7022367194780987 0.14098360655737704 0.012115563839701771 0.02622950819672131
1 0.728331780055918 0.19754098360655736 0.015843429636533086 0.040983606557377046
1 0.7488350419384903 0.2336065573770492 0.023299161230195712 0.040983606557377046
1 0.7651444547996272 0.27295081967213114 0.0260950605778192 0.054098360655737705
1 0.8299161230195713 0.3254098360655738 0.02516309412861137 0.05737704918032787
1 0.8592730661696178 0.23442622950819672 0.024231127679403542 0.04918032786885246
1 0.9142590866728798 0.2581967213114754 0.01863932898415657 0.04426229508196721
1 0.9114631873252563 0.22213114754098362 0.014911463187325256 0.03442622950819672
1 0.8849021435228331 0.20327868852459016 0.015843429636533086 0.03278688524590164
1 0.8867660764212488 0.17540983606557378 0.015843429636533086 0.029508196721311476
1 0.8876980428704566 0.14672131147540984 0.013979496738117428 0.027868852459016394
1 0.8466915191053123 0.16311475409836065 0.013979496738117428 0.027868852459016394
1 0.8392357875116496 0.19098360655737706 0.015843429636533086 0.03770491803278689
1 0.8215284249767009 0.20327868852459016 0.017707362534948742 0.04262295081967213
1 0.787977632805219 0.17295081967213113 0.017707362534948742 0.03770491803278689
1 0.7670083876980429 0.20491803278688525 0.02050326188257223 0.03934426229508197
1 0.7586206896551724 0.17131147540983607 0.014911463187325256 0.03114754098360656
1 0.7739981360671015 0.14344262295081966 0.015843429636533086 0.02459016393442623
1 0.7982292637465052 0.13278688524590163 0.012115563839701771 0.029508196721311476
1 0.8196644920782852 0.13688524590163934 0.013979496738117428 0.03114754098360656
1 0.7572227399813607 0.12704918032786885 0.015843429636533086 0.03114754098360656
1 0.7418452935694315 0.14754098360655737 0.014911463187325256 0.029508196721311476
1 0.7376514445479962 0.1221311475409836 0.013979496738117428 0.02459016393442623