1 0.17 0.3385744234800839 0.04588235294117647 0.09853249475890985
1 0.52 0.25681341719077566 0.023529411764705882 0.04821802935010482
1 0.5623529411764706 0.2882599580712788 0.02588235294117647 0.06079664570230608
1 0.5847058823529412 0.21593291404612158 0.018823529411764704 0.041928721174004195
1 0.63 0.18238993710691823 0.01764705882352941 0.04612159329140461
1 0.6635294117647059 0.18553459119496854 0.018823529411764704 0.04821802935010482
1 0.7229411764705882 0.17714884696016772 0.024705882352941175 0.05241090146750524
1 0.6517647058823529 0.2389937106918239 0.021176470588235293 0.04612159329140461
1 0.648235294117647 0.29559748427672955 0.02588235294117647 0.05450733752620545
1 0.6870588235294117 0.31446540880503143 0.023529411764705882 0.05870020964360587
1 0.7623529411764706 0.2180293501048218 0.023529411764705882 0.050314465408805034
1 0.7523529411764706 0.2610062893081761 0.02235294117647059 0.05241090146750524
1 0.7394117647058823 0.34591194968553457 0.03411764705882353 0.050314465408805034