1 0.29140625 0.09722222222222222 0.0609375 0.10858585858585859
1 0.4453125 0.4065656565656566 0.05625 0.10101010101010101
1 0.43125 0.32702020202020204 0.04375 0.07828282828282829
1 0.465625 0.29797979797979796 0.034375 0.0707070707070707
1 0.49140625 0.2676767676767677 0.0265625 0.06060606060606061
1 0.52578125 0.25757575757575757 0.0265625 0.05555555555555555
1 0.5078125 0.22601010101010102 0.025 0.04292929292929293
1 0.534375 0.21717171717171718 0.025 0.045454545454545456
1 0.55078125 0.33080808080808083 0.0328125 0.0707070707070707
1 0.6078125 0.4431818181818182 0.0625 0.10858585858585859
1 0.59453125 0.3282828282828283 0.0453125 0.09090909090909091
1 0.58984375 0.2638888888888889 0.0265625 0.047979797979797977
1 0.56796875 0.23106060606060605 0.0234375 0.03787878787878788
1 0.59921875 0.21338383838383837 0.0265625 0.04292929292929293
1 0.71328125 0.23737373737373738 0.0203125 0.03535353535353535
1 0.74140625 0.24621212121212122 0.0203125 0.04292929292929293
1 0.78671875 0.2866161616161616 0.0265625 0.05303030303030303
1 0.8109375 0.31691919191919193 0.040625 0.07323232323232323
1 0.78046875 0.23106060606060605 0.0171875 0.03787878787878788
1 0.84453125 0.2601010101010101 0.0296875 0.050505050505050504
1 0.89296875 0.32954545454545453 0.0359375 0.07828282828282829
1 0.934375 0.3648989898989899 0.04375 0.08838383838383838
1 0.11328125 0.3371212121212121 0.0609375 0.09848484848484848
1 0.07109375 0.2828282828282828 0.0453125 0.08080808080808081
1 0.0921875 0.2361111111111111 0.034375 0.05303030303030303
1 0.1125 0.21843434343434343 0.03125 0.047979797979797977
1 0.16484375 0.22474747474747475 0.0265625 0.045454545454545456
1 0.19140625 0.29924242424242425 0.0390625 0.07828282828282829
1 0.23828125 0.2398989898989899 0.0328125 0.050505050505050504
1 0.215625 0.22727272727272727 0.03125 0.045454545454545456