1 0.10508953817153628 0.42100840336134454 0.04241281809613572 0.08571428571428572
1 0.2987747408105561 0.21680672268907564 0.015080113100848256 0.03697478991596639
1 0.31196983977379833 0.23277310924369748 0.01885014137606032 0.03529411764705882
1 0.32516493873704055 0.246218487394958 0.01885014137606032 0.04201680672268908
1 0.3529688972667295 0.246218487394958 0.0235626767200754 0.04201680672268908
1 0.3298774740810556 0.18823529411764706 0.016965127238454288 0.03697478991596639
1 0.3364750235626767 0.20588235294117646 0.01885014137606032 0.031932773109243695
1 0.3590951932139491 0.1915966386554622 0.01885014137606032 0.040336134453781515
1 0.39726672950047126 0.2 0.016022620169651274 0.03361344537815126
1 0.38548539114043356 0.2495798319327731 0.01885014137606032 0.0453781512605042
1 0.413760603204524 0.24705882352941178 0.024505183788878417 0.05042016806722689
1 0.4203581526861451 0.21008403361344538 0.01885014137606032 0.043697478991596636
1 0.441564561734213 0.22773109243697479 0.0235626767200754 0.04201680672268908
1 0.38501413760603204 0.20504201680672268 0.01413760603204524 0.040336134453781515
1 0.4858623939679548 0.2235294117647059 0.017907634307257305 0.03697478991596639
1 0.4297832233741753 0.16638655462184873 0.015080113100848256 0.03361344537815126
1 0.43355325164938735 0.14369747899159663 0.01885014137606032 0.03529411764705882
1 0.4467483506126296 0.17058823529411765 0.015080113100848256 0.031932773109243695
1 0.4599434495758718 0.1588235294117647 0.013195098963242224 0.031932773109243695
1 0.471253534401508 0.14369747899159663 0.015080113100848256 0.03529411764705882
1 0.49528746465598494 0.17983193277310924 0.016022620169651274 0.03361344537815126
1 0.5235626767200754 0.18487394957983194 0.016022620169651274 0.03361344537815126
1 0.4948162111215834 0.15210084033613444 0.013195098963242224 0.02857142857142857
1 0.5089538171536286 0.146218487394958 0.013195098963242224 0.02689075630252101
1 0.5056550424128181 0.11764705882352941 0.01413760603204524 0.023529411764705882
1 0.527803958529689 0.12941176470588237 0.013195098963242224 0.02689075630252101
1 0.5452403393025448 0.126890756302521 0.01413760603204524 0.02857142857142857
1 0.553722902921772 0.18487394957983194 0.01413760603204524 0.03697478991596639
1 0.5461828463713477 0.1672268907563025 0.012252591894439209 0.025210084033613446
1 0.5645617342130066 0.15378151260504203 0.013195098963242224 0.031932773109243695
1 0.5499528746465598 0.14705882352941177 0.012252591894439209 0.021848739495798318
1 0.5758718190386428 0.12773109243697478 0.013195098963242224 0.030252100840336135
1 0.5815268614514609 0.11512605042016806 0.011310084825636193 0.025210084033613446
1 0.586239396795476 0.16974789915966387 0.01885014137606032 0.03361344537815126
1 0.617813383600377 0.15630252100840336 0.016022620169651274 0.030252100840336135
1 0.5970782280867106 0.13445378151260504 0.017907634307257305 0.030252100840336135
1 0.6079170593779454 0.11428571428571428 0.011310084825636193 0.023529411764705882
1 0.6239396795475967 0.12521008403361344 0.015080113100848256 0.031932773109243695
1 0.6616399622997172 0.12352941176470589 0.015080113100848256 0.025210084033613446
1 0.6606974552309143 0.10336134453781512 0.013195098963242224 0.02857142857142857
1 0.6861451460885957 0.12605042016806722 0.015080113100848256 0.030252100840336135
1 0.6941564561734213 0.11008403361344538 0.01413760603204524 0.025210084033613446
1 0.7144203581526861 0.11092436974789915 0.015080113100848256 0.03361344537815126
1 0.6927426955702167 0.15630252100840336 0.01885014137606032 0.03697478991596639
1 0.7219604147031102 0.1588235294117647 0.016965127238454288 0.03865546218487395
1 0.7097078228086711 0.18487394957983194 0.01885014137606032 0.040336134453781515
1 0.7148916116870877 0.21764705882352942 0.019792648444863337 0.0453781512605042
1 0.6870876531573987 0.23529411764705882 0.022620169651272386 0.047058823529411764
1 0.6757775683317625 0.19663865546218487 0.01885014137606032 0.043697478991596636
1 0.6277097078228087 0.23445378151260504 0.022620169651272386 0.04873949579831933
1 0.6196983977379831 0.2008403361344538 0.017907634307257305 0.03529411764705882
1 0.5725730442978322 0.23949579831932774 0.027332704995287466 0.052100840336134456
1 0.5037700282752121 0.27983193277310925 0.03110273327049953 0.058823529411764705
1 0.5532516493873704 0.29747899159663865 0.033930254476908575 0.07058823529411765
1 0.6027332704995287 0.3319327731092437 0.02544769085768143 0.07226890756302522
1 0.6691800188501413 0.33949579831932775 0.03581526861451461 0.07394957983193277
1 0.7276154571159283 0.2966386554621849 0.024505183788878417 0.058823529411764705
1 0.7648444863336475 0.2445378151260504 0.0235626767200754 0.04873949579831933
1 0.7549481621112158 0.1907563025210084 0.01885014137606032 0.04201680672268908
1 0.7554194156456173 0.15378151260504203 0.01413760603204524 0.025210084033613446
1 0.7478793590951932 0.1319327731092437 0.01413760603204524 0.031932773109243695
1 0.7737983034872762 0.13781512605042018 0.013195098963242224 0.03361344537815126
1 0.7898209236569275 0.15546218487394958 0.016965127238454288 0.03529411764705882
1 0.8072573044297833 0.15546218487394958 0.016022620169651274 0.03865546218487395
1 0.793119698397738 0.2361344537815126 0.021677662582469368 0.052100840336134456
1 0.8204524033930255 0.24285714285714285 0.019792648444863337 0.052100840336134456
1 0.7874646559849199 0.29747899159663865 0.0235626767200754 0.05714285714285714
1 0.7450518378887842 0.38571428571428573 0.03110273327049953 0.07899159663865546
1 0.8072573044297833 0.42521008403361343 0.03864278982092366 0.07394957983193277
1 0.8426013195098964 0.31932773109243695 0.030160226201696512 0.06386554621848739
1 0.8713477851083883 0.25546218487394956 0.019792648444863337 0.047058823529411764
1 0.8873704052780396 0.226890756302521 0.016022620169651274 0.047058823529411764
1 0.8883129123468426 0.43109243697478994 0.03298774740810556 0.08235294117647059
1 0.909048067860509 0.3411764705882353 0.027332704995287466 0.07058823529411765
1 0.9180018850141376 0.27983193277310925 0.022620169651272386 0.05546218487394958
1 0.9316682375117813 0.226890756302521 0.017907634307257305 0.05378151260504202