1 0.09111111111111111 0.7733333333333333 0.17777777777777778 0.41333333333333333
1 0.10666666666666667 0.5916666666666667 0.07111111111111111 0.10333333333333333
1 0.17777777777777778 0.5783333333333334 0.057777777777777775 0.09666666666666666
1 0.24888888888888888 0.62 0.06666666666666667 0.12
1 0.29555555555555557 0.6933333333333334 0.08444444444444445 0.16666666666666666
1 0.2688888888888889 0.58 0.05333333333333334 0.08
1 0.39666666666666667 0.45 0.04666666666666667 0.09333333333333334
1 0.4477777777777778 0.39666666666666667 0.06 0.1
1 0.4311111111111111 0.62 0.08444444444444445 0.16
1 0.5366666666666666 0.595 0.06 0.09666666666666666
1 0.6022222222222222 0.63 0.07111111111111111 0.12
1 0.72 0.61 0.07111111111111111 0.11333333333333333
1 0.6955555555555556 0.8983333333333333 0.17777777777777778 0.20333333333333334
1 0.8966666666666666 0.8783333333333333 0.13555555555555557 0.17666666666666667