1 0.1313456889605157 0.6047957371225577 0.041901692183722805 0.11900532859680284
1 0.22562449637389204 0.325044404973357 0.022562449637389202 0.05328596802841918
1 0.21434327155519742 0.29573712255772644 0.017727639000805803 0.04440497335701599
1 0.27195809830781625 0.2664298401420959 0.015310233682514102 0.04262877442273535
1 0.28726833199033036 0.27175843694493784 0.015310233682514102 0.046181172291296625
1 0.3058017727639001 0.23978685612788633 0.016921837228041903 0.046181172291296625
1 0.330378726833199 0.2690941385435169 0.017727639000805803 0.05150976909413854
1 0.34730056406124094 0.23712255772646537 0.014504431909750202 0.04085257548845471
1 0.36744560838033846 0.29040852575488457 0.019339242546333603 0.047957371225577264
1 0.39161966156325545 0.2664298401420959 0.016116035455278 0.04262877442273535
1 0.4391619661563255 0.3321492007104796 0.024174053182917002 0.0497335701598579
1 0.36180499597099114 0.22202486678507993 0.014504431909750202 0.03197158081705151
1 0.3859790491539081 0.21314387211367672 0.0128928283642224 0.03197158081705151
1 0.4282836422240129 0.22291296625222023 0.018533440773569703 0.04085257548845471
1 0.43029814665592264 0.18738898756660746 0.0128928283642224 0.03374777975133215
1 0.4657534246575342 0.27708703374777977 0.019339242546333603 0.046181172291296625
1 0.48992747784045126 0.23001776198934282 0.014504431909750202 0.03374777975133215
1 0.475825946817083 0.20159857904085257 0.0136986301369863 0.04085257548845471
1 0.4621273166800967 0.19715808170515098 0.012087026591458501 0.028419182948490232
1 0.44963738920225627 0.1891651865008881 0.014504431909750202 0.03374777975133215
1 0.49073327961321517 0.17761989342806395 0.016116035455278 0.035523978685612786
1 0.515713134568896 0.19715808170515098 0.014504431909750202 0.035523978685612786
1 0.524174053182917 0.1811722912966252 0.0136986301369863 0.03197158081705151
1 0.5511684125705076 0.24511545293072823 0.016116035455278 0.04262877442273535
1 0.5672844480257857 0.23712255772646537 0.016116035455278 0.04440497335701599
1 0.556406124093473 0.1891651865008881 0.018533440773569703 0.04085257548845471
1 0.5499597099113618 0.15630550621669628 0.0136986301369863 0.03197158081705151
1 0.572522159548751 0.15452930728241562 0.015310233682514102 0.03907637655417407
1 0.5797743755036261 0.1989342806394316 0.016921837228041903 0.03907637655417407
1 0.6071716357775987 0.20159857904085257 0.0136986301369863 0.04085257548845471
1 0.6184528605962933 0.22646536412078153 0.015310233682514102 0.04085257548845471
1 0.6547139403706688 0.20603907637655416 0.012087026591458501 0.03197158081705151
1 0.6490733279613216 0.1705150976909414 0.012087026591458501 0.03907637655417407
1 0.6265108783239323 0.15008880994671403 0.016921837228041903 0.04085257548845471
1 0.5962933118452861 0.14120781527531084 0.016116035455278 0.03019538188277087
1 0.6639806607574537 0.152753108348135 0.0128928283642224 0.035523978685612786
1 0.6869460112812248 0.15985790408525755 0.0136986301369863 0.03197158081705151
1 0.7087026591458501 0.17761989342806395 0.015310233682514102 0.03907637655417407
1 0.6941982272360999 0.24511545293072823 0.015310233682514102 0.04262877442273535
1 0.6764705882352942 0.20603907637655416 0.015310233682514102 0.03907637655417407
1 0.5697018533440773 0.37300177619893427 0.022562449637389202 0.06039076376554174
1 0.6023368251410153 0.4058614564831261 0.0265914585012087 0.06216696269982238
1 0.6091861402095085 0.3268206039076377 0.019339242546333603 0.05328596802841918
1 0.6583400483481063 0.28063943161634103 0.022562449637389202 0.06039076376554174
1 0.7211925866236906 0.29307282415630553 0.017727639000805803 0.046181172291296625
1 0.6551168412570507 0.43960923623445824 0.020950846091861403 0.055062166962699825
1 0.717969379532635 0.4325044404973357 0.024174053182917002 0.06216696269982238
1 0.7997582594681708 0.5071047957371225 0.0249798549556809 0.08703374777975133
1 0.8416599516518937 0.5506216696269982 0.031426269137792104 0.08170515097690942
1 0.8803384367445608 0.4342806394316163 0.018533440773569703 0.055062166962699825
1 0.959709911361805 0.4857904085257549 0.022562449637389202 0.06927175843694494
1 0.9476228847703465 0.41651865008880995 0.019339242546333603 0.0586145648312611
1 0.9721998388396454 0.3996447602131439 0.016921837228041903 0.0497335701598579
1 0.9685737308622079 0.35168738898756663 0.014504431909750202 0.04262877442273535
1 0.9786462530217567 0.3063943161634103 0.018533440773569703 0.04440497335701599
1 0.9484286865431104 0.27353463587921845 0.017727639000805803 0.0497335701598579
1 0.927880741337631 0.30106571936056836 0.0136986301369863 0.03374777975133215
1 0.9238517324738115 0.3605683836589698 0.020145044319097503 0.0497335701598579
1 0.9004834810636584 0.28596802841918295 0.012087026591458501 0.035523978685612786
1 0.8916196615632555 0.25932504440497334 0.0136986301369863 0.04262877442273535
1 0.8839645447219984 0.32149200710479575 0.017727639000805803 0.046181172291296625
1 0.8702659145850121 0.34991119005328597 0.022562449637389202 0.0497335701598579
1 0.8597904915390814 0.3774422735346359 0.019339242546333603 0.047957371225577264
1 0.8130539887187752 0.3285968028419183 0.019339242546333603 0.0497335701598579
1 0.7473811442385173 0.3268206039076377 0.023368251410153102 0.0497335701598579
1 0.7401289282836422 0.25754884547069273 0.016921837228041903 0.03907637655417407
1 0.7449637389202256 0.21847246891651864 0.012087026591458501 0.03197158081705151
1 0.7767929089443997 0.23623445825932504 0.014504431909750202 0.03907637655417407
1 0.7933118452860596 0.2761989342806394 0.015310233682514102 0.047957371225577264
1 0.8170829975825947 0.25932504440497334 0.014504431909750202 0.035523978685612786
1 0.8408541498791298 0.2424511545293073 0.0136986301369863 0.037300177619893425
1 0.8686543110394843 0.2602131438721137 0.016116035455278 0.037300177619893425
1 0.8058017727639001 0.21758436944937834 0.016116035455278 0.04440497335701599
1 0.7711522965350524 0.20426287744227353 0.016116035455278 0.035523978685612786