1 0.09071274298056156 0.2673076923076923 0.02159827213822894 0.05
1 0.15280777537796977 0.24615384615384617 0.020518358531317494 0.04230769230769231
1 0.17764578833693304 0.23365384615384616 0.024838012958963283 0.051923076923076926
1 0.31317494600431967 0.23557692307692307 0.02159827213822894 0.04423076923076923
1 0.36123110151187904 0.19326923076923078 0.016198704103671708 0.03653846153846154
1 0.4314254859611231 0.26826923076923076 0.020518358531317494 0.04423076923076923
1 0.4168466522678186 0.20576923076923076 0.019438444924406047 0.038461538461538464
1 0.4481641468682505 0.23461538461538461 0.02159827213822894 0.03461538461538462
1 0.44654427645788336 0.18461538461538463 0.020518358531317494 0.038461538461538464
1 0.48596112311015116 0.1798076923076923 0.02159827213822894 0.03653846153846154
1 0.4605831533477322 0.14423076923076922 0.016198704103671708 0.026923076923076925
1 0.5464362850971922 0.19326923076923078 0.019438444924406047 0.032692307692307694
1 0.5512958963282938 0.17211538461538461 0.0183585313174946 0.032692307692307694
1 0.6274298056155507 0.32403846153846155 0.02591792656587473 0.0673076923076923
1 0.67170626349892 0.34134615384615385 0.03023758099352052 0.07884615384615384
1 0.6382289416846653 0.2653846153846154 0.02159827213822894 0.04230769230769231
1 0.6727861771058316 0.2875 0.023758099352051837 0.051923076923076926
1 0.6290496760259179 0.2221153846153846 0.02267818574514039 0.04423076923076923
1 0.6673866090712743 0.17403846153846153 0.019438444924406047 0.04423076923076923
1 0.6722462203023758 0.225 0.020518358531317494 0.046153846153846156
1 0.7321814254859611 0.2375 0.02159827213822894 0.04423076923076923
1 0.8137149028077754 0.25769230769230766 0.024838012958963283 0.05
1 0.8693304535637149 0.2701923076923077 0.02159827213822894 0.05576923076923077
1 0.6339092872570194 0.12884615384615383 0.01511879049676026 0.03461538461538462
1 0.9330453563714903 0.24711538461538463 0.017278617710583154 0.04038461538461539