1 0.04921875 0.4015625 0.0578125 0.078125
1 0.21328125 0.3734375 0.0453125 0.06979166666666667
1 0.255859375 0.3963541666666667 0.06796875 0.078125
1 0.396484375 0.35572916666666665 0.05859375 0.06979166666666667
1 0.482421875 0.21666666666666667 0.03984375 0.06666666666666667
1 0.53046875 0.37447916666666664 0.0390625 0.06354166666666666
1 0.56171875 0.35052083333333334 0.0375 0.06770833333333333
1 0.7359375 0.390625 0.0484375 0.08541666666666667
1 0.781640625 0.41510416666666666 0.06015625 0.08645833333333333
1 0.8734375 0.4078125 0.0671875 0.10104166666666667
1 0.913671875 0.39739583333333334 0.06015625 0.090625