1 0.08572949946751864 0.801659125188537 0.1650692225772098 0.22171945701357465
1 0.13152289669861555 0.7337858220211161 0.12673056443024494 0.1885369532428356
1 0.23109691160809373 0.8491704374057315 0.1448349307774228 0.21116138763197587
1 0.31309904153354634 0.9132730015082956 0.1448349307774228 0.16440422322775264
1 0.4014909478168264 0.9117647058823529 0.15761448349307774 0.17647058823529413
1 0.5292864749733759 0.7254901960784313 0.134185303514377 0.19607843137254902
1 0.5857294994675186 0.8559577677224736 0.134185303514377 0.1885369532428356
1 0.7742279020234292 0.797134238310709 0.13631522896698617 0.2277526395173454
1 0.9345047923322684 0.9004524886877828 0.13099041533546327 0.18401206636500755
1 0.09744408945686901 0.9358974358974359 0.1799787007454739 0.1282051282051282
1 0.49627263045793396 0.33182503770739064 0.11501597444089456 0.2171945701357466