1 0.05787037037037037 0.6733217592592593 0.06481481481481481 0.0931712962962963
1 0.05941358024691358 0.6050347222222222 0.03935185185185185 0.05960648148148148
1 0.13155864197530864 0.6776620370370371 0.06327160493827161 0.10648148148148148
1 0.19502314814814814 0.6542245370370371 0.04822530864197531 0.08159722222222222
1 0.17669753086419754 0.6241319444444444 0.033950617283950615 0.052662037037037035
1 0.16531635802469136 0.9270833333333334 0.11458333333333333 0.14583333333333334
1 0.32079475308641975 0.6828703703703703 0.05439814814814815 0.10416666666666667
1 0.33796296296296297 0.5963541666666666 0.043209876543209874 0.07118055555555555
1 0.39853395061728397 0.6741898148148148 0.05864197530864197 0.08912037037037036
1 0.42746913580246915 0.6102430555555556 0.047839506172839504 0.07233796296296297
1 0.4305555555555556 0.8064236111111112 0.08024691358024691 0.140625
1 0.5322145061728395 0.4401041666666667 0.04359567901234568 0.08969907407407407
1 0.5879629629629629 0.4791666666666667 0.032407407407407406 0.0775462962962963
1 0.5291280864197531 0.5960648148148148 0.03742283950617284 0.06712962962962964
1 0.5991512345679012 0.6440972222222222 0.05169753086419753 0.0787037037037037
1 0.6437114197530864 0.5789930555555556 0.048996913580246916 0.07465277777777778
1 0.6537422839506173 0.7826967592592593 0.07291666666666667 0.13483796296296297
1 0.857445987654321 0.9152199074074074 0.1261574074074074 0.16956018518518517
1 0.7484567901234568 0.6504629629629629 0.05169753086419753 0.09490740740740741
1 0.7550154320987654 0.5847800925925926 0.05478395061728395 0.07118055555555555
1 0.7962962962962963 0.6079282407407407 0.04398148148148148 0.0642361111111111
1 0.8595679012345679 0.6634837962962963 0.0779320987654321 0.10243055555555555
1 0.9182098765432098 0.6313657407407407 0.05092592592592592 0.09027777777777778
1 0.9120370370370371 0.5873842592592593 0.033179012345679014 0.05787037037037037