1 0.10338345864661654 0.3754180602006689 0.03571428571428571 0.08193979933110368
1 0.32471804511278196 0.19230769230769232 0.014097744360902255 0.026755852842809364
1 0.3942669172932331 0.1605351170568562 0.014097744360902255 0.033444816053511704
1 0.39097744360902253 0.23578595317725753 0.016917293233082706 0.043478260869565216
1 0.41541353383458646 0.25585284280936454 0.020676691729323307 0.043478260869565216
1 0.4318609022556391 0.14632107023411373 0.012218045112781954 0.02508361204013378
1 0.4741541353383459 0.22324414715719063 0.021616541353383457 0.038461538461538464
1 0.4755639097744361 0.13043478260869565 0.011278195488721804 0.016722408026755852
1 0.49718045112781956 0.1262541806020067 0.011278195488721804 0.021739130434782608
1 0.5136278195488722 0.18812709030100336 0.012218045112781954 0.03511705685618729
1 0.5206766917293233 0.16220735785953178 0.011278195488721804 0.023411371237458192
1 0.5629699248120301 0.25501672240802675 0.020676691729323307 0.0451505016722408
1 0.6574248120300752 0.13795986622073578 0.014097744360902255 0.028428093645484948
1 0.6818609022556391 0.11872909698996656 0.012218045112781954 0.030100334448160536
1 0.7034774436090225 0.11622073578595318 0.012218045112781954 0.028428093645484948
1 0.6118421052631579 0.24247491638795987 0.020676691729323307 0.05016722408026756
1 0.6160714285714286 0.3010033444816054 0.02537593984962406 0.06020066889632107
1 0.6217105263157895 0.2040133779264214 0.017857142857142856 0.03678929765886288
1 0.6560150375939849 0.18979933110367894 0.016917293233082706 0.038461538461538464
1 0.706296992481203 0.15719063545150502 0.017857142857142856 0.03678929765886288
1 0.7138157894736842 0.18227424749163879 0.015977443609022556 0.03678929765886288
1 0.6762218045112782 0.33695652173913043 0.03289473684210526 0.07190635451505016
1 0.7152255639097744 0.29431438127090304 0.020676691729323307 0.056856187290969896
1 0.7490601503759399 0.19816053511705686 0.015037593984962405 0.03511705685618729
1 0.7523496240601504 0.24832775919732442 0.017857142857142856 0.05518394648829431
1 0.7391917293233082 0.1688963210702341 0.017857142857142856 0.03678929765886288
1 0.7504699248120301 0.13879598662207357 0.014097744360902255 0.026755852842809364
1 0.7664473684210527 0.15468227424749165 0.015977443609022556 0.03511705685618729
1 0.7800751879699248 0.13210702341137123 0.015037593984962405 0.03678929765886288
1 0.7828947368421053 0.17892976588628762 0.011278195488721804 0.033444816053511704
1 0.7847744360902256 0.22073578595317725 0.015037593984962405 0.03678929765886288
1 0.7993421052631579 0.16387959866220736 0.014097744360902255 0.033444816053511704
1 0.8275375939849624 0.18394648829431437 0.014097744360902255 0.033444816053511704
1 0.8364661654135338 0.14632107023411373 0.013157894736842105 0.03177257525083612
1 0.8416353383458647 0.2591973244147157 0.019736842105263157 0.04013377926421405
1 0.8331766917293233 0.24163879598662208 0.015977443609022556 0.038461538461538464
1 0.8632518796992481 0.1806020066889632 0.014097744360902255 0.033444816053511704
1 0.8731203007518797 0.28511705685618727 0.018796992481203006 0.048494983277591976
1 0.8585526315789473 0.33695652173913043 0.021616541353383457 0.05518394648829431
1 0.9215225563909775 0.31270903010033446 0.019736842105263157 0.04013377926421405
1 0.943609022556391 0.2382943143812709 0.013157894736842105 0.03177257525083612
1 0.9332706766917294 0.16555183946488294 0.009398496240601503 0.023411371237458192
1 0.9031954887218046 0.18311036789297658 0.013157894736842105 0.03177257525083612
1 0.893796992481203 0.21321070234113712 0.015037593984962405 0.03511705685618729
1 0.8848684210526315 0.2491638795986622 0.015977443609022556 0.03678929765886288
1 0.9257518796992481 0.19147157190635453 0.013157894736842105 0.03177257525083612
1 0.9360902255639098 0.18896321070234115 0.013157894736842105 0.03678929765886288
1 0.7232142857142857 0.15802675585284282 0.014097744360902255 0.03511705685618729
1 0.5958646616541353 0.10535117056856187 0.011278195488721804 0.023411371237458192
1 0.6203007518796992 0.10451505016722408 0.009398496240601503 0.021739130434782608
1 0.6550751879699248 0.1028428093645485 0.009398496240601503 0.02508361204013378
1 0.6240601503759399 0.1245819397993311 0.009398496240601503 0.021739130434782608
1 0.6080827067669173 0.1496655518394649 0.011278195488721804 0.028428093645484948
1 0.5780075187969925 0.14381270903010032 0.011278195488721804 0.033444816053511704
1 0.5798872180451128 0.17224080267558528 0.015037593984962405 0.033444816053511704
1 0.5474624060150376 0.16555183946488294 0.012218045112781954 0.033444816053511704
1 0.5479323308270677 0.1454849498327759 0.013157894736842105 0.026755852842809364
1 0.5493421052631579 0.12123745819397994 0.010338345864661654 0.021739130434782608
1 0.5531015037593985 0.18979933110367894 0.017857142857142856 0.04180602006688963
1 0.46616541353383456 0.1688963210702341 0.015037593984962405 0.03678929765886288
1 0.4708646616541353 0.18227424749163879 0.015037593984962405 0.030100334448160536
1 0.4849624060150376 0.1596989966555184 0.013157894736842105 0.03177257525083612
1 0.4492481203007519 0.19983277591973245 0.015037593984962405 0.038461538461538464
1 0.4299812030075188 0.17558528428093645 0.014097744360902255 0.033444816053511704
1 0.37640977443609025 0.1948160535117057 0.015977443609022556 0.028428093645484948
1 0.39379699248120303 0.205685618729097 0.016917293233082706 0.03678929765886288
1 0.4201127819548872 0.20986622073578595 0.015037593984962405 0.03511705685618729
1 0.4600563909774436 0.1479933110367893 0.010338345864661654 0.02508361204013378