1 0.4129834254143646 0.22056384742951907 0.017495395948434623 0.03316749585406302
1 0.5953038674033149 0.22802653399668324 0.02117863720073665 0.05140961857379768
1 0.6233885819521179 0.13681592039800994 0.014732965009208104 0.028192371475953566
1 0.6431860036832413 0.14262023217247097 0.01565377532228361 0.029850746268656716
1 0.6533149171270718 0.11940298507462686 0.011970534069981584 0.02321724709784411
1 0.7569060773480663 0.1384742951907131 0.011049723756906077 0.03482587064676617
1 0.7684162062615101 0.15091210613598674 0.01565377532228361 0.026533996683250415
1 0.8162983425414365 0.2470978441127695 0.019337016574585635 0.04311774461028192
1 0.8876611418047882 0.25456053067993367 0.014732965009208104 0.03814262023217247
1 0.8945672191528545 0.2230514096185738 0.013812154696132596 0.028192371475953566
1 0.919889502762431 0.2504145936981758 0.01841620626151013 0.05306799336650083