1 0.11516203703703703 0.5900205761316872 0.04976851851851852 0.059670781893004114
1 0.14872685185185186 0.6368312757201646 0.061342592592592594 0.07304526748971193
1 0.21296296296296297 0.5776748971193416 0.046296296296296294 0.06378600823045268
1 0.2621527777777778 0.6646090534979424 0.0628858024691358 0.09156378600823045
1 0.2692901234567901 0.6152263374485597 0.04089506172839506 0.06584362139917696
1 0.17824074074074073 0.8670267489711934 0.1412037037037037 0.2309670781893004
1 0.4207175925925926 0.7199074074074074 0.08449074074074074 0.12808641975308643
1 0.4270833333333333 0.6309156378600823 0.04938271604938271 0.07458847736625514
1 0.3435570987654321 0.6550925925925926 0.059027777777777776 0.07664609053497942
1 0.33371913580246915 0.6010802469135802 0.05324074074074074 0.06944444444444445
1 0.5216049382716049 0.70190329218107 0.07021604938271606 0.10751028806584362
1 0.5607638888888888 0.7584876543209876 0.08912037037037036 0.12808641975308643
1 0.5812114197530864 0.6466049382716049 0.057484567901234566 0.10185185185185185
1 0.5509259259259259 0.4382716049382716 0.04089506172839506 0.05864197530864197
1 0.669945987654321 0.7435699588477366 0.07214506172839506 0.1332304526748971
1 0.6541280864197531 0.6563786008230452 0.055169753086419755 0.08950617283950617
1 0.7108410493827161 0.6898148148148148 0.053626543209876545 0.08950617283950617
1 0.7814429012345679 0.7013888888888888 0.05594135802469136 0.09927983539094651