1 0.23333333333333334 0.3446808510638298 0.06 0.08936170212765958
1 0.17833333333333334 0.30851063829787234 0.05 0.06808510638297872
1 0.2966666666666667 0.34574468085106386 0.05 0.06595744680851064
1 0.30333333333333334 0.298936170212766 0.03333333333333333 0.04893617021276596
1 0.35833333333333334 0.3393617021276596 0.04666666666666667 0.0574468085106383
1 0.37 0.41382978723404257 0.07333333333333333 0.09574468085106383
1 0.4483333333333333 0.33297872340425533 0.05 0.06170212765957447
1 0.4 0.35319148936170214 0.03666666666666667 0.05106382978723404
1 0.3775 0.30851063829787234 0.035 0.0425531914893617
1 0.4141666666666667 0.2170212765957447 0.03166666666666667 0.0425531914893617
1 0.4766666666666667 0.31170212765957445 0.02666666666666667 0.04468085106382979
1 0.49666666666666665 0.3829787234042553 0.05 0.07659574468085106
1 0.5283333333333333 0.4425531914893617 0.09 0.1276595744680851
1 0.6866666666666666 0.4574468085106383 0.08666666666666667 0.11063829787234042
1 0.6166666666666667 0.37127659574468086 0.05333333333333334 0.07872340425531915
1 0.5466666666666666 0.32872340425531915 0.04666666666666667 0.06170212765957447
1 0.5233333333333333 0.275531914893617 0.03333333333333333 0.04468085106382979
1 0.5808333333333333 0.30319148936170215 0.028333333333333332 0.0574468085106383
1 0.6425 0.31063829787234043 0.03166666666666667 0.05106382978723404
1 0.67 0.3180851063829787 0.03666666666666667 0.0574468085106383
1 0.7 0.3574468085106383 0.056666666666666664 0.07659574468085106
1 0.7691666666666667 0.38085106382978723 0.06166666666666667 0.09361702127659574
1 0.8025 0.3223404255319149 0.041666666666666664 0.0574468085106383
1 0.86 0.3702127659574468 0.056666666666666664 0.0851063829787234
1 0.9425 0.3414893617021277 0.04833333333333333 0.07446808510638298
1 0.9466666666666667 0.5468085106382978 0.10666666666666667 0.1702127659574468