1 0.8825 0.25318066157760816 0.055 0.09414758269720101
1 0.4625 0.38295165394402036 0.03166666666666667 0.05343511450381679
1 0.38666666666666666 0.3944020356234097 0.04 0.06615776081424936
1 0.35083333333333333 0.3816793893129771 0.025 0.05597964376590331
1 0.295 0.4122137404580153 0.04 0.05597964376590331
1 0.28583333333333333 0.3727735368956743 0.028333333333333332 0.043256997455470736
1 0.21 0.3880407124681934 0.03666666666666667 0.058524173027989825
1 0.1125 0.37786259541984735 0.028333333333333332 0.03307888040712468
1 0.14583333333333334 0.6106870229007634 0.14833333333333334 0.21374045801526717
1 0.020833333333333332 0.4681933842239186 0.03833333333333333 0.11704834605597965
1 0.0625 0.3982188295165394 0.035 0.04834605597964377
1 0.016666666666666666 0.38040712468193383 0.023333333333333334 0.05343511450381679