1 0.0873046875 0.6122395833333333 0.068359375 0.09739583333333333
1 0.223828125 0.7604166666666666 0.16328125 0.23541666666666666
1 0.3396484375 0.7846354166666667 0.083203125 0.1390625
1 0.305078125 0.66484375 0.0640625 0.09010416666666667
1 0.25625 0.634375 0.08046875 0.096875
1 0.3373046875 0.6166666666666667 0.062109375 0.08020833333333334
1 0.5044921875 0.6604166666666667 0.070703125 0.09895833333333333
1 0.548046875 0.64296875 0.04375 0.0640625
1 0.6990234375 0.6479166666666667 0.054296875 0.08020833333333334
1 0.743359375 0.6760416666666667 0.06484375 0.10416666666666667
1 0.90546875 0.6846354166666667 0.0796875 0.1171875
1 0.4443359375 0.47421875 0.026953125 0.04114583333333333