1 0.19358178053830227 0.4340974212034384 0.055900621118012424 0.11174785100286533
1 0.2939958592132505 0.3997134670487106 0.045548654244306416 0.0830945558739255
1 0.3250517598343685 0.43123209169054444 0.049689440993788817 0.10028653295128939
1 0.3581780538302277 0.3495702005730659 0.045548654244306416 0.06876790830945559
1 0.36024844720496896 0.29083094555873923 0.033126293995859216 0.054441260744985676
1 0.37370600414078675 0.2507163323782235 0.031055900621118012 0.04871060171919771
1 0.40890269151138714 0.25787965616045844 0.035196687370600416 0.05157593123209169
1 0.41718426501035194 0.3008595988538682 0.039337474120082816 0.06876790830945559
1 0.4389233954451346 0.41260744985673353 0.045548654244306416 0.08022922636103152
1 0.4668737060041408 0.36962750716332377 0.047619047619047616 0.06876790830945559
1 0.45652173913043476 0.28939828080229224 0.039337474120082816 0.06303724928366762
1 0.4306418219461698 0.2349570200573066 0.028985507246376812 0.05157593123209169
1 0.47929606625258797 0.28939828080229224 0.018633540372670808 0.05157593123209169
1 0.4979296066252588 0.29083094555873923 0.031055900621118012 0.04871060171919771
1 0.4886128364389234 0.24068767908309455 0.028985507246376812 0.045845272206303724
1 0.510351966873706 0.23638968481375358 0.022774327122153208 0.04871060171919771
1 0.5341614906832298 0.23925501432664756 0.028985507246376812 0.054441260744985676
1 0.5362318840579711 0.29512893982808025 0.041407867494824016 0.05157593123209169
1 0.5351966873706004 0.3424068767908309 0.039337474120082816 0.06017191977077364
1 0.5507246376811594 0.37392550143266473 0.041407867494824016 0.07736389684813753
1 0.6304347826086957 0.4068767908309456 0.051759834368530024 0.09169054441260745
1 0.6055900621118012 0.3553008595988539 0.043478260869565216 0.06876790830945559
1 0.5745341614906833 0.2851002865329513 0.031055900621118012 0.06017191977077364
1 0.6138716356107661 0.3022922636103152 0.039337474120082816 0.054441260744985676
1 0.650103519668737 0.28653295128939826 0.033126293995859216 0.05730659025787966
1 0.6842650103519669 0.336676217765043 0.047619047619047616 0.07163323782234957
1 0.6563146997929606 0.3868194842406877 0.049689440993788817 0.08022922636103152
1 0.7236024844720497 0.3638968481375358 0.039337474120082816 0.07449856733524356
1 0.782608695652174 0.36962750716332377 0.057971014492753624 0.10315186246418338
1 0.6335403726708074 0.2636103151862464 0.037267080745341616 0.05157593123209169
1 0.6055900621118012 0.23065902578796563 0.026915113871635612 0.054441260744985676
1 0.5786749482401656 0.23065902578796563 0.031055900621118012 0.04871060171919771