1 0.06648089171974522 0.4730878186968839 0.03901273885350318 0.07365439093484419
1 0.22611464968152867 0.3307365439093484 0.022292993630573247 0.04107648725212465
1 0.2746815286624204 0.306657223796034 0.020700636942675158 0.04107648725212465
1 0.24880573248407642 0.358356940509915 0.026273885350318472 0.0453257790368272
1 0.28264331210191085 0.3548158640226629 0.01910828025477707 0.04107648725212465
1 0.33837579617834396 0.29461756373937675 0.01910828025477707 0.039660056657223795
1 0.3244426751592357 0.3434844192634561 0.018312101910828025 0.04107648725212465
1 0.37579617834394907 0.25991501416430596 0.01592356687898089 0.03824362606232295
1 0.392515923566879 0.2762039660056657 0.022292993630573247 0.039660056657223795
1 0.3690286624203822 0.3307365439093484 0.021496815286624203 0.03541076487252125
1 0.3964968152866242 0.33640226628895187 0.01751592356687898 0.03824362606232295
1 0.4112261146496815 0.254957507082153 0.015127388535031847 0.031161473087818695
1 0.4343152866242038 0.2563739376770538 0.01194267515923567 0.031161473087818695
1 0.445859872611465 0.24858356940509915 0.01751592356687898 0.04107648725212465
1 0.45660828025477707 0.2330028328611898 0.019904458598726114 0.03824362606232295
1 0.4964171974522293 0.2415014164305949 0.01194267515923567 0.024079320113314446
1 0.4880573248407643 0.26062322946175637 0.01592356687898089 0.028328611898016998
1 0.5003980891719745 0.26558073654390935 0.015127388535031847 0.032577903682719546
1 0.509156050955414 0.24504249291784702 0.010350318471337579 0.019830028328611898
1 0.5294585987261147 0.24079320113314448 0.012738853503184714 0.0226628895184136
1 0.5402070063694268 0.21954674220963172 0.010350318471337579 0.0226628895184136
1 0.5537420382165605 0.20609065155807366 0.01194267515923567 0.024079320113314446
1 0.43312101910828027 0.3371104815864023 0.020700636942675158 0.036827195467422094
1 0.4518312101910828 0.31586402266288954 0.019904458598726114 0.031161473087818695
1 0.4880573248407643 0.31444759206798867 0.01910828025477707 0.036827195467422094
1 0.5553343949044586 0.2726628895184136 0.013535031847133758 0.029745042492917848
1 0.5656847133757962 0.25 0.02308917197452229 0.029745042492917848
1 0.5847929936305732 0.2514164305949009 0.024681528662420384 0.029745042492917848
1 0.5824044585987261 0.22096317280453256 0.018312101910828025 0.039660056657223795
1 0.5903662420382165 0.20042492917847027 0.016719745222929936 0.029745042492917848
1 0.6046974522292994 0.21600566572237961 0.016719745222929936 0.029745042492917848
1 0.6182324840764332 0.21742209631728046 0.015127388535031847 0.029745042492917848
1 0.44745222929936307 0.40509915014164305 0.02388535031847134 0.053824362606232294
1 0.5111464968152867 0.3640226628895184 0.020700636942675158 0.05099150141643059
1 0.5222929936305732 0.40084985835694054 0.02388535031847134 0.053824362606232294
1 0.5756369426751592 0.3307365439093484 0.020700636942675158 0.043909348441926344
1 0.5712579617834395 0.3909348441926346 0.035828025477707005 0.05099150141643059
1 0.5688694267515924 0.4447592067988669 0.03105095541401274 0.06515580736543909
1 0.6405254777070064 0.2131728045325779 0.018312101910828025 0.029745042492917848
1 0.651671974522293 0.21742209631728046 0.016719745222929936 0.029745042492917848
1 0.6182324840764332 0.254957507082153 0.019904458598726114 0.039660056657223795
1 0.6464968152866242 0.2698300283286119 0.01751592356687898 0.04107648725212465
1 0.616640127388535 0.3024079320113314 0.026273885350318472 0.03824362606232295
1 0.6234076433121019 0.34490084985835695 0.01910828025477707 0.046742209631728045
1 0.633359872611465 0.36756373937677056 0.024681528662420384 0.05524079320113314
1 0.6751592356687898 0.21388101983002833 0.01751592356687898 0.025495750708215296
1 0.678343949044586 0.24504249291784702 0.01751592356687898 0.0339943342776204
1 0.6675955414012739 0.29674220963172804 0.02308917197452229 0.03824362606232295
1 0.6648089171974523 0.358356940509915 0.020700636942675158 0.053824362606232294
1 0.6186305732484076 0.4730878186968839 0.03980891719745223 0.06515580736543909
1 0.6990445859872612 0.40297450424929177 0.030254777070063694 0.05524079320113314
1 0.6890923566878981 0.5077903682719547 0.035828025477707005 0.07790368271954674
1 0.6994426751592356 0.2790368271954674 0.013535031847133758 0.0339943342776204
1 0.7113853503184714 0.24645892351274787 0.016719745222929936 0.031161473087818695
1 0.7197452229299363 0.25 0.01910828025477707 0.04107648725212465
1 0.7380573248407644 0.2301699716713881 0.01592356687898089 0.026912181303116147
1 0.7388535031847133 0.2613314447592068 0.012738853503184714 0.026912181303116147
1 0.7496019108280255 0.2790368271954674 0.01194267515923567 0.028328611898016998
1 0.7563694267515924 0.2386685552407932 0.012738853503184714 0.021246458923512748
1 0.7730891719745223 0.24008498583569404 0.014331210191082803 0.026912181303116147
1 0.7818471337579618 0.2613314447592068 0.01751592356687898 0.043909348441926344
1 0.7898089171974523 0.29674220963172804 0.01592356687898089 0.03541076487252125
1 0.7854299363057324 0.3548158640226629 0.019904458598726114 0.046742209631728045
1 0.7380573248407644 0.4235127478753541 0.03184713375796178 0.056657223796033995
1 0.7997611464968153 0.5035410764872521 0.024681528662420384 0.06657223796033994
1 0.8236464968152867 0.4631728045325779 0.026273885350318472 0.06515580736543909
1 0.8152866242038217 0.25 0.014331210191082803 0.029745042492917848
1 0.8037420382165605 0.3236543909348442 0.016719745222929936 0.03541076487252125
1 0.8105095541401274 0.3045325779036827 0.01592356687898089 0.036827195467422094
1 0.8335987261146497 0.26345609065155806 0.014331210191082803 0.025495750708215296
1 0.8463375796178344 0.2535410764872521 0.011146496815286623 0.025495750708215296
1 0.8654458598726115 0.2726628895184136 0.012738853503184714 0.026912181303116147
1 0.8487261146496815 0.34277620396600567 0.020700636942675158 0.05099150141643059
1 0.8328025477707006 0.3604815864022663 0.020700636942675158 0.05240793201133145
1 0.8817675159235668 0.45254957507082155 0.02945859872611465 0.05807365439093484
1 0.8785828025477707 0.31657223796033995 0.015127388535031847 0.03541076487252125
1 0.8976910828025477 0.3031161473087819 0.018312101910828025 0.0453257790368272
1 0.9060509554140127 0.27407932011331443 0.009554140127388535 0.024079320113314446
1 0.9068471337579618 0.3555240793201133 0.01751592356687898 0.05099150141643059
1 0.8240445859872612 0.273371104815864 0.011146496815286623 0.036827195467422094
1 0.8602707006369427 0.30807365439093487 0.018312101910828025 0.049575070821529746
1 0.3909235668789809 0.3002832861189802 0.01751592356687898 0.036827195467422094
1 0.34235668789808915 0.31728045325779036 0.01592356687898089 0.031161473087818695