1 0.14333333333333334 0.47035573122529645 0.05333333333333334 0.1067193675889328
1 0.17555555555555555 0.424901185770751 0.035555555555555556 0.07509881422924901
1 0.24833333333333332 0.44664031620553357 0.052222222222222225 0.09881422924901186
1 0.26611111111111113 0.41798418972332013 0.034444444444444444 0.07312252964426877
1 0.3433333333333333 0.48221343873517786 0.05555555555555555 0.1225296442687747
1 0.385 0.48320158102766797 0.03222222222222222 0.07312252964426877
1 0.3561111111111111 0.4051383399209486 0.03222222222222222 0.05928853754940711
1 0.43277777777777776 0.4140316205533597 0.03666666666666667 0.07707509881422925
1 0.4588888888888889 0.4891304347826087 0.044444444444444446 0.116600790513834
1 0.4766666666666667 0.4624505928853755 0.03111111111111111 0.07905138339920949
1 0.5077777777777778 0.42391304347826086 0.02666666666666667 0.06126482213438735
1 0.5377777777777778 0.4683794466403162 0.028888888888888888 0.06324110671936758
1 0.5727777777777778 0.45652173913043476 0.04777777777777778 0.11462450592885376
1 0.5994444444444444 0.475296442687747 0.025555555555555557 0.0533596837944664
1 0.6105555555555555 0.42193675889328064 0.025555555555555557 0.06126482213438735
1 0.6583333333333333 0.47035573122529645 0.052222222222222225 0.10276679841897234
1 0.7655555555555555 0.45454545454545453 0.04888888888888889 0.11462450592885376
1 0.8205555555555556 0.32707509881422925 0.034444444444444444 0.0691699604743083
1 0.7516666666666667 0.3339920948616601 0.025555555555555557 0.05928853754940711
1 0.71 0.33992094861660077 0.02666666666666667 0.06324110671936758
1 0.6666666666666666 0.33794466403162055 0.028888888888888888 0.07114624505928854
1 0.6311111111111111 0.3300395256916996 0.024444444444444446 0.05928853754940711
1 0.6022222222222222 0.3339920948616601 0.028888888888888888 0.06324110671936758
1 0.5455555555555556 0.30138339920948615 0.02666666666666667 0.05731225296442688
1 0.4911111111111111 0.29545454545454547 0.03111111111111111 0.07707509881422925
1 0.44666666666666666 0.31521739130434784 0.03111111111111111 0.06126482213438735
1 0.3927777777777778 0.3092885375494071 0.03222222222222222 0.06521739130434782
1 0.3138888888888889 0.30632411067193677 0.034444444444444444 0.06719367588932806
1 0.2427777777777778 0.2737154150197628 0.034444444444444444 0.06521739130434782
1 0.15055555555555555 0.29347826086956524 0.05 0.08893280632411067
1 0.09555555555555556 0.17094861660079053 0.03777777777777778 0.08498023715415019
1 0.1827777777777778 0.15810276679841898 0.03888888888888889 0.07114624505928854
1 0.2461111111111111 0.17391304347826086 0.034444444444444444 0.07114624505928854
1 0.3161111111111111 0.16304347826086957 0.034444444444444444 0.08102766798418973
1 0.3838888888888889 0.20454545454545456 0.025555555555555557 0.0691699604743083
1 0.44722222222222224 0.208498023715415 0.034444444444444444 0.0691699604743083
1 0.49833333333333335 0.20553359683794467 0.03222222222222222 0.06324110671936758
1 0.5427777777777778 0.22628458498023715 0.027777777777777776 0.06521739130434782
1 0.58 0.22529644268774704 0.02666666666666667 0.06324110671936758
1 0.6383333333333333 0.20553359683794467 0.03 0.06324110671936758
1 0.6755555555555556 0.21541501976284586 0.028888888888888888 0.05928853754940711
1 0.72 0.21640316205533597 0.028888888888888888 0.06521739130434782
1 0.7994444444444444 0.20948616600790515 0.03222222222222222 0.05928853754940711