1 0.2687074829931973 0.2568493150684932 0.014577259475218658 0.0273972602739726
1 0.2813411078717201 0.2482876712328767 0.01652089407191448 0.0273972602739726
1 0.29980563654033043 0.2457191780821918 0.0184645286686103 0.03595890410958904
1 0.36103012633624876 0.2422945205479452 0.022351797862001945 0.04280821917808219
1 0.39552964042759964 0.2645547945205479 0.013605442176870748 0.032534246575342464
1 0.3974732750242954 0.2131849315068493 0.013605442176870748 0.02910958904109589
1 0.3654033041788144 0.19434931506849315 0.015549076773566569 0.025684931506849314
1 0.3901846452866861 0.1875 0.008746355685131196 0.02226027397260274
1 0.4037900874635568 0.1952054794520548 0.012633624878522837 0.023972602739726026
1 0.44071914480077745 0.2208904109589041 0.0184645286686103 0.03424657534246575
1 0.4203109815354713 0.1643835616438356 0.010689990281827016 0.023972602739726026
1 0.44946550048590866 0.1815068493150685 0.012633624878522837 0.030821917808219176
1 0.4684159378036929 0.15753424657534246 0.011661807580174927 0.02054794520547945
1 0.46890184645286687 0.136986301369863 0.008746355685131196 0.017123287671232876
1 0.4805636540330418 0.17465753424657535 0.014577259475218658 0.0273972602739726
1 0.5208940719144801 0.2029109589041096 0.01749271137026239 0.032534246575342464
1 0.4902818270165209 0.1909246575342466 0.01652089407191448 0.032534246575342464
1 0.5291545189504373 0.1643835616438356 0.014577259475218658 0.023972602739726026
1 0.5034013605442177 0.1267123287671233 0.011661807580174927 0.02054794520547945
1 0.500485908649174 0.15496575342465754 0.011661807580174927 0.018835616438356163
1 0.5388726919339164 0.11643835616438356 0.012633624878522837 0.02054794520547945
1 0.5602526724975705 0.1113013698630137 0.008746355685131196 0.017123287671232876
1 0.543731778425656 0.16866438356164384 0.010689990281827016 0.02226027397260274
1 0.5816326530612245 0.16523972602739725 0.012633624878522837 0.025684931506849314
1 0.5699708454810496 0.14383561643835616 0.010689990281827016 0.023972602739726026
1 0.5826044703595724 0.11301369863013698 0.010689990281827016 0.02054794520547945
1 0.5937803692905733 0.09845890410958905 0.009718172983479106 0.018835616438356163
1 0.6175898931000972 0.12414383561643835 0.010689990281827016 0.02910958904109589
1 0.6205053449951409 0.09674657534246575 0.010689990281827016 0.018835616438356163
1 0.5884353741496599 0.13955479452054795 0.008746355685131196 0.02226027397260274
1 0.6073858114674441 0.1506849315068493 0.011661807580174927 0.023972602739726026
1 0.6564625850340136 0.12756849315068494 0.010689990281827016 0.018835616438356163
1 0.6472303206997084 0.11643835616438356 0.007774538386783284 0.02054794520547945
1 0.6452866861030127 0.0958904109589041 0.009718172983479106 0.02054794520547945
1 0.6724975704567542 0.10188356164383562 0.011661807580174927 0.02910958904109589
1 0.7026239067055393 0.10017123287671233 0.013605442176870748 0.02910958904109589
1 0.6788143828960156 0.1421232876712329 0.012633624878522837 0.02054794520547945
1 0.6652089407191448 0.16095890410958905 0.014577259475218658 0.0273972602739726
1 0.6146744412050534 0.2046232876712329 0.01652089407191448 0.032534246575342464
1 0.5621963070942663 0.2517123287671233 0.01652089407191448 0.03424657534246575
1 0.4970845481049563 0.2979452054794521 0.022351797862001945 0.04452054794520548
1 0.5291545189504373 0.3219178082191781 0.03206997084548105 0.04452054794520548
1 0.6073858114674441 0.3133561643835616 0.027210884353741496 0.0547945205479452
1 0.6122448979591837 0.2559931506849315 0.021379980563654033 0.03595890410958904
1 0.6647230320699709 0.2054794520547945 0.019436345966958212 0.03767123287671233
1 0.685617103984451 0.3125 0.022351797862001945 0.05650684931506849
1 0.7074829931972789 0.2542808219178082 0.023323615160349854 0.04280821917808219
1 0.6914480077745384 0.2226027397260274 0.01652089407191448 0.03424657534246575
1 0.706025267249757 0.17294520547945205 0.014577259475218658 0.03424657534246575
1 0.7332361516034985 0.18236301369863014 0.014577259475218658 0.03595890410958904
1 0.7526724975704567 0.21404109589041095 0.0184645286686103 0.0410958904109589
1 0.7643343051506317 0.2833904109589041 0.026239067055393587 0.04280821917808219
1 0.7555879494655005 0.3347602739726027 0.03984450923226433 0.06335616438356165
1 0.7925170068027211 0.3904109589041096 0.03012633624878523 0.05821917808219178
1 0.8974732750242954 0.363013698630137 0.03206997084548105 0.05821917808219178
1 0.8386783284742468 0.3107876712328767 0.023323615160349854 0.04965753424657534
1 0.8090379008746356 0.2405821917808219 0.02040816326530612 0.039383561643835614
1 0.782798833819242 0.2011986301369863 0.014577259475218658 0.032534246575342464
1 0.782312925170068 0.1583904109589041 0.015549076773566569 0.03595890410958904
1 0.8275024295432458 0.1506849315068493 0.012633624878522837 0.0273972602739726
1 0.8328474246841594 0.20804794520547945 0.01749271137026239 0.039383561643835614
1 0.8688046647230321 0.2636986301369863 0.015549076773566569 0.04452054794520548
1 0.8760932944606414 0.20976027397260275 0.014577259475218658 0.032534246575342464
1 0.8785228377065112 0.17636986301369864 0.013605442176870748 0.030821917808219176
1 0.859086491739553 0.1421232876712329 0.015549076773566569 0.023972602739726026
1 0.8445092322643343 0.12414383561643835 0.009718172983479106 0.02910958904109589
1 0.8717201166180758 0.11986301369863013 0.011661807580174927 0.02054794520547945
1 0.8299319727891157 0.1292808219178082 0.013605442176870748 0.018835616438356163
1 0.8858114674441205 0.1481164383561644 0.012633624878522837 0.02226027397260274
1 0.9062196307094267 0.1421232876712329 0.010689990281827016 0.0273972602739726
1 0.9261418853255587 0.1464041095890411 0.009718172983479106 0.025684931506849314
1 0.9591836734693877 0.09845890410958905 0.011661807580174927 0.02910958904109589
1 0.9310009718172984 0.2011986301369863 0.011661807580174927 0.032534246575342464
1 0.923712342079689 0.23886986301369864 0.014577259475218658 0.03595890410958904
1 0.9139941690962099 0.285958904109589 0.022351797862001945 0.0547945205479452