1 0.0905 0.6707503828483921 0.059 0.08575803981623277
1 0.161 0.6822358346094947 0.056 0.08116385911179173
1 0.147 0.6508422664624809 0.042 0.05819295558958652
1 0.324 0.6845329249617151 0.044 0.06738131699846861
1 0.366 0.43950995405819293 0.04 0.05819295558958652
1 0.395 0.6745788667687596 0.04 0.07503828483920368
1 0.4285 0.6408882082695253 0.033 0.05053598774885146
1 0.506 0.7863705972434916 0.102 0.15773353751914243
1 0.4795 0.723583460949464 0.087 0.13016845329249618
1 0.582 0.7113323124042878 0.058 0.11485451761102604
1 0.605 0.6860643185298622 0.046 0.09800918836140889
1 0.652 0.7174578866768759 0.048 0.10260336906584992
1 0.71 0.6975497702909648 0.062 0.12404287901990811
1 0.696 0.6217457886676876 0.034 0.06125574272588055
1 0.7785 0.6761102603369066 0.049 0.0903522205206738
1 0.93 0.7618683001531393 0.11 0.21286370597243492
1 0.9085 0.6424196018376723 0.051 0.0903522205206738
1 0.9775 0.6669218989280244 0.039 0.0781010719754977