1 0.07083333333333333 0.765 0.08833333333333333 0.15
1 0.165 0.6375 0.06666666666666667 0.11
1 0.145 0.52875 0.056666666666666664 0.0925
1 0.21833333333333332 0.55625 0.05333333333333334 0.0925
1 0.2891666666666667 0.67625 0.08166666666666667 0.1325
1 0.3333333333333333 0.55 0.056666666666666664 0.1
1 0.375 0.625 0.08333333333333333 0.11
1 0.335 0.2375 0.04666666666666667 0.095
1 0.44166666666666665 0.49375 0.05 0.0975
1 0.4841666666666667 0.5325 0.055 0.085
1 0.5525 0.58375 0.07833333333333334 0.1175
1 0.5875 0.77125 0.07833333333333334 0.1425
1 0.6858333333333333 0.86375 0.10166666666666667 0.1825
1 0.5733333333333334 0.29125 0.056666666666666664 0.0875
1 0.6766666666666666 0.25 0.06333333333333334 0.105
1 0.9441666666666667 0.36625 0.045 0.0875