1 0.14015151515151514 0.30083333333333334 0.02462121212121212 0.045
1 0.18986742424242425 0.45166666666666666 0.061553030303030304 0.13
1 0.2850378787878788 0.4841666666666667 0.058712121212121215 0.11833333333333333
1 0.4715909090909091 0.5433333333333333 0.06439393939393939 0.13
1 0.4659090909090909 0.4175 0.05113636363636364 0.095
1 0.22869318181818182 0.205 0.016098484848484848 0.04
1 0.3319128787878788 0.17416666666666666 0.017992424242424244 0.03166666666666667
1 0.3802083333333333 0.21333333333333335 0.023674242424242424 0.05
1 0.47017045454545453 0.22166666666666668 0.019886363636363636 0.043333333333333335
1 0.5146780303030303 0.26666666666666666 0.02556818181818182 0.056666666666666664
1 0.39109848484848486 0.2 0.020833333333333332 0.043333333333333335
1 0.5568181818181818 0.11416666666666667 0.02462121212121212 0.045
1 0.5767045454545454 0.08166666666666667 0.011363636363636364 0.03
1 0.6103219696969697 0.1275 0.017992424242424244 0.03833333333333333
1 0.6164772727272727 0.0975 0.015151515151515152 0.03166666666666667
1 0.6330492424242424 0.12083333333333333 0.017992424242424244 0.045
1 0.6609848484848485 0.13 0.02462121212121212 0.04666666666666667
1 0.6614583333333334 0.09083333333333334 0.016098484848484848 0.03833333333333333
1 0.6983901515151515 0.13583333333333333 0.021780303030303032 0.04833333333333333
1 0.7324810606060606 0.056666666666666664 0.016098484848484848 0.03333333333333333