1 0.321875 0.371536523929471 0.1125 0.1486146095717884
1 0.21640625 0.22921914357682618 0.0796875 0.12090680100755667
1 0.14375 0.17884130982367757 0.06875 0.10075566750629723
1 0.1890625 0.14105793450881612 0.071875 0.10075566750629723
1 0.34609375 0.030226700251889168 0.0453125 0.055415617128463476
1 0.38828125 0.163727959697733 0.0578125 0.10075566750629723
1 0.49140625 0.20906801007556675 0.0703125 0.12594458438287154
1 0.60703125 0.27581863979848864 0.0984375 0.14357682619647355
1 0.53671875 0.43828715365239296 0.1265625 0.24181360201511334
1 0.7640625 0.28085642317380355 0.109375 0.1889168765743073
1 0.87265625 0.21662468513853905 0.0765625 0.14105793450881612