1 0.078515625 0.6388888888888888 0.15546875 0.4083333333333333
1 0.184375 0.5173611111111112 0.0375 0.0763888888888889
1 0.237890625 0.5298611111111111 0.03671875 0.0763888888888889
1 0.295703125 0.5861111111111111 0.09296875 0.2111111111111111
1 0.359765625 0.5645833333333333 0.05390625 0.11805555555555555
1 0.41484375 0.4930555555555556 0.05625 0.08888888888888889
1 0.415625 0.38125 0.04375 0.09027777777777778
1 0.484765625 0.5430555555555555 0.02734375 0.058333333333333334
1 0.5796875 0.6673611111111111 0.1609375 0.38472222222222224
1 0.71484375 0.5958333333333333 0.0421875 0.09722222222222222
1 0.701953125 0.5548611111111111 0.04765625 0.08194444444444444
1 0.663671875 0.5527777777777778 0.03359375 0.07222222222222222
1 0.76875 0.6048611111111111 0.0578125 0.12916666666666668
1 0.80625 0.575 0.0359375 0.07777777777777778
1 0.86328125 0.6152777777777778 0.053125 0.10277777777777777
1 0.944921875 0.6673611111111111 0.10703125 0.2375