1 0.18833333333333332 0.47 0.03 0.05555555555555555
1 0.2625 0.47 0.025 0.03777777777777778
1 0.31833333333333336 0.45222222222222225 0.02666666666666667 0.042222222222222223
1 0.3675 0.4533333333333333 0.028333333333333332 0.04888888888888889
1 0.4266666666666667 0.46111111111111114 0.03 0.051111111111111114
1 0.48333333333333334 0.4666666666666667 0.02666666666666667 0.044444444444444446
1 0.5316666666666666 0.4688888888888889 0.02666666666666667 0.04
1 0.5783333333333334 0.4677777777777778 0.03 0.05555555555555555
1 0.6258333333333334 0.46444444444444444 0.028333333333333332 0.044444444444444446
1 0.6758333333333333 0.46444444444444444 0.028333333333333332 0.044444444444444446
1 0.735 0.47333333333333333 0.03333333333333333 0.04888888888888889
1 0.7783333333333333 0.48 0.03 0.04888888888888889
1 0.8308333333333333 0.46555555555555556 0.028333333333333332 0.042222222222222223