1 0.02147239263803681 0.28885630498533726 0.03885480572597137 0.06744868035190615
1 0.02147239263803681 0.3416422287390029 0.03885480572597137 0.07917888563049853
1 0.0950920245398773 0.3563049853372434 0.06748466257668712 0.10850439882697947
1 0.20552147239263804 0.2375366568914956 0.1738241308793456 0.2697947214076246
1 0.3118609406952965 0.25806451612903225 0.04294478527607362 0.07624633431085044
1 0.38548057259713703 0.22434017595307917 0.05112474437627812 0.06744868035190615
1 0.40286298568507156 0.3093841642228739 0.049079754601226995 0.07917888563049853
1 0.47137014314928427 0.28152492668621704 0.09611451942740286 0.17008797653958943
1 0.5398773006134969 0.2536656891495601 0.044989775051124746 0.06744868035190615
1 0.6492842535787321 0.3343108504398827 0.14519427402862986 0.2287390029325513
1 0.7188139059304703 0.25513196480938416 0.03885480572597137 0.07038123167155426
1 0.7689161554192229 0.35043988269794724 0.0408997955010225 0.07917888563049853
1 0.8026584867075665 0.24633431085043989 0.03067484662576687 0.06451612903225806
1 0.8629856850715747 0.3284457478005865 0.0408997955010225 0.06451612903225806
1 0.934560327198364 0.33724340175953077 0.06952965235173825 0.11143695014662756