1 0.8301569506726457 0.30533596837944665 0.023542600896860985 0.05731225296442688
1 0.8525784753363229 0.233201581027668 0.021300448430493273 0.05138339920948617
1 0.9170403587443946 0.24011857707509882 0.01569506726457399 0.045454545454545456
1 0.9271300448430493 0.26877470355731226 0.017937219730941704 0.04743083003952569
1 0.8565022421524664 0.1590909090909091 0.011210762331838564 0.029644268774703556
1 0.8856502242152466 0.1590909090909091 0.008968609865470852 0.025691699604743084
1 0.882847533632287 0.17094861660079053 0.01233183856502242 0.029644268774703556
1 0.8789237668161435 0.20652173913043478 0.013452914798206279 0.041501976284584984
1 0.8385650224215246 0.1857707509881423 0.013452914798206279 0.03557312252964427
1 0.8195067264573991 0.2183794466403162 0.01569506726457399 0.041501976284584984
1 0.7920403587443946 0.18379446640316205 0.014573991031390135 0.03557312252964427
1 0.8015695067264574 0.13339920948616601 0.008968609865470852 0.025691699604743084
1 0.8256726457399103 0.14723320158102768 0.01233183856502242 0.03359683794466403
1 0.7298206278026906 0.12549407114624506 0.011210762331838564 0.025691699604743084
1 0.7040358744394619 0.14031620553359683 0.011210762331838564 0.02766798418972332
1 0.6748878923766816 0.12351778656126482 0.011210762331838564 0.025691699604743084
1 0.6804932735426009 0.1551383399209486 0.013452914798206279 0.03359683794466403
1 0.6821748878923767 0.19367588932806323 0.016816143497757848 0.039525691699604744
1 0.7146860986547086 0.16996047430830039 0.01233183856502242 0.03162055335968379
1 0.7135650224215246 0.2183794466403162 0.01905829596412556 0.041501976284584984
1 0.727017937219731 0.2015810276679842 0.016816143497757848 0.039525691699604744
1 0.7634529147982063 0.1383399209486166 0.013452914798206279 0.03162055335968379
1 0.7819506726457399 0.1482213438735178 0.01233183856502242 0.03162055335968379
1 0.7488789237668162 0.17391304347826086 0.013452914798206279 0.03557312252964427
1 0.7612107623318386 0.22430830039525693 0.020179372197309416 0.04940711462450593
1 0.7701793721973094 0.29347826086956524 0.02242152466367713 0.06126482213438735
1 0.7180493273542601 0.2826086956521739 0.023542600896860985 0.05533596837944664
1 0.6681614349775785 0.25296442687747034 0.020179372197309416 0.05138339920948617
1 0.617152466367713 0.24604743083003952 0.01905829596412556 0.04940711462450593
1 0.6418161434977578 0.18774703557312253 0.014573991031390135 0.039525691699604744
1 0.6519058295964125 0.21146245059288538 0.016816143497757848 0.043478260869565216
1 0.6261210762331838 0.2075098814229249 0.016816143497757848 0.043478260869565216
1 0.6356502242152466 0.12351778656126482 0.008968609865470852 0.021739130434782608
1 0.6121076233183856 0.12450592885375494 0.008968609865470852 0.019762845849802372
1 0.5891255605381166 0.12450592885375494 0.007847533632286996 0.019762845849802372
1 0.5852017937219731 0.14525691699604742 0.011210762331838564 0.029644268774703556
1 0.6059417040358744 0.13932806324110672 0.010089686098654708 0.025691699604743084
1 0.6121076233183856 0.15019762845849802 0.011210762331838564 0.02766798418972332
1 0.554932735426009 0.13142292490118576 0.011210762331838564 0.025691699604743084
1 0.484304932735426 0.13932806324110672 0.008968609865470852 0.021739130434782608
1 0.49551569506726456 0.15316205533596838 0.011210762331838564 0.025691699604743084
1 0.5033632286995515 0.18972332015810275 0.01569506726457399 0.03557312252964427
1 0.531390134529148 0.16897233201581027 0.013452914798206279 0.029644268774703556
1 0.5358744394618834 0.19466403162055335 0.017937219730941704 0.041501976284584984
1 0.5672645739910314 0.16996047430830039 0.01569506726457399 0.03557312252964427
1 0.5498878923766816 0.2450592885375494 0.01905829596412556 0.043478260869565216
1 0.5913677130044843 0.33695652173913043 0.0257847533632287 0.06126482213438735
1 0.5639013452914798 0.2875494071146245 0.02242152466367713 0.05731225296442688
1 0.484304932735426 0.30533596837944665 0.02242152466367713 0.05731225296442688
1 0.4545964125560538 0.14624505928853754 0.007847533632286996 0.023715415019762844
1 0.4758968609865471 0.19466403162055335 0.014573991031390135 0.03359683794466403
1 0.44506726457399104 0.19268774703557312 0.011210762331838564 0.029644268774703556
1 0.47085201793721976 0.23517786561264822 0.017937219730941704 0.043478260869565216
1 0.42769058295964124 0.2381422924901186 0.016816143497757848 0.03359683794466403
1 0.40582959641255606 0.1956521739130435 0.013452914798206279 0.03162055335968379
1 0.3839686098654709 0.191699604743083 0.01233183856502242 0.02766798418972332
1 0.39349775784753366 0.21936758893280633 0.01569506726457399 0.02766798418972332
1 0.3609865470852018 0.20553359683794467 0.013452914798206279 0.023715415019762844
1 0.3654708520179372 0.24703557312252963 0.017937219730941704 0.043478260869565216
1 0.36995515695067266 0.274703557312253 0.020179372197309416 0.043478260869565216
1 0.38789237668161436 0.2776679841897233 0.02242152466367713 0.04940711462450593
1 0.34697309417040356 0.23221343873517786 0.014573991031390135 0.03359683794466403
1 0.33800448430493274 0.2608695652173913 0.01905829596412556 0.043478260869565216
1 0.2483183856502242 0.2618577075098814 0.01233183856502242 0.029644268774703556
1 0.29932735426008966 0.25592885375494073 0.013452914798206279 0.03359683794466403
1 0.31614349775784756 0.24703557312252963 0.01569506726457399 0.039525691699604744
1 0.32623318385650224 0.23122529644268774 0.013452914798206279 0.03162055335968379
1 0.5510089686098655 0.15316205533596838 0.010089686098654708 0.025691699604743084
1 0.19170403587443946 0.4090909090909091 0.03811659192825112 0.07509881422924901
1 0.4400224215246637 0.17588932806324112 0.014573991031390135 0.03162055335968379