1 0.18534827862289832 0.28401122019635344 0.02642113690952762 0.04628330995792426
1 0.2157726180944756 0.30364656381486677 0.029623698959167333 0.06030855539971949
1 0.22658126501200962 0.2300140252454418 0.02401921537229784 0.04488078541374474
1 0.25580464371497197 0.23492286115007013 0.02642113690952762 0.051893408134642355
1 0.2790232185748599 0.24333800841514727 0.018414731785428344 0.04067321178120617
1 0.3166533226581265 0.2300140252454418 0.024819855884707767 0.05890603085553997
1 0.344275420336269 0.23562412342215988 0.02722177742193755 0.061711079943899017
1 0.3174539631705364 0.302945301542777 0.04243394715772618 0.07012622720897616
1 0.35268214571657325 0.4214586255259467 0.045636509207365894 0.07713884992987377
1 0.39591673338670935 0.25105189340813466 0.02802241793434748 0.05329593267882188
1 0.44915932746196957 0.24123422159887797 0.032025620496397116 0.061711079943899017
1 0.4479583666933547 0.2152875175315568 0.02802241793434748 0.06030855539971949
1 0.5464371497197759 0.2847124824684432 0.0344275420336269 0.0785413744740533