1 0.9537037037037037 0.5886863425925926 0.09259259259259259 0.27922453703703703
1 0.9167631172839507 0.43735532407407407 0.10667438271604938 0.17679398148148148
1 0.8134645061728395 0.41608796296296297 0.08063271604938271 0.14872685185185186
1 0.7093942901234568 0.4513888888888889 0.14525462962962962 0.2170138888888889
1 0.6697530864197531 0.8036747685185185 0.22453703703703703 0.39265046296296297
1 0.4220679012345679 0.6863425925925926 0.24459876543209877 0.3605324074074074
1 0.5120563271604939 0.5008680555555556 0.10204475308641975 0.20891203703703703
1 0.5647183641975309 0.4202835648148148 0.08892746913580248 0.1634837962962963
1 0.43354552469135804 0.4146412037037037 0.07156635802469136 0.12094907407407407
1 0.36766975308641975 0.40162037037037035 0.08063271604938271 0.13020833333333334
1 0.2880979938271605 0.51171875 0.12133487654320987 0.21383101851851852
1 0.19135802469135801 0.46773726851851855 0.08487654320987655 0.15306712962962962
1 0.12037037037037036 0.5245949074074074 0.11651234567901235 0.21296296296296297
1 0.08140432098765432 0.43677662037037035 0.0798611111111111 0.12818287037037038
1 0.06770833333333333 0.2488425925925926 0.04552469135802469 0.07233796296296297
1 0.13869598765432098 0.2527488425925926 0.04552469135802469 0.07436342592592593
1 0.1675347222222222 0.3975694444444444 0.06886574074074074 0.09722222222222222
1 0.12548225308641975 0.36964699074074076 0.05922067901234568 0.09924768518518519
1 0.07667824074074074 0.36342592592592593 0.05381944444444445 0.08449074074074074