1 0.0443213296398892 0.33963815789473684 0.018467220683287166 0.03782894736842105
1 0.06325023084025855 0.3363486842105263 0.013850415512465374 0.03125
1 0.08264081255771007 0.31661184210526316 0.010156971375807941 0.027960526315789474
1 0.18559556786703602 0.3659539473684211 0.0221606648199446 0.05098684210526316
1 0.20452446906740535 0.4037828947368421 0.034164358264081256 0.06743421052631579
1 0.234533702677747 0.3659539473684211 0.029547553093259463 0.06743421052631579
1 0.18005540166204986 0.48026315789473684 0.04801477377654663 0.08552631578947369
1 0.25115420129270544 0.32894736842105265 0.027700831024930747 0.05921052631578947
1 0.3462603878116344 0.28207236842105265 0.029547553093259463 0.05098684210526316
1 0.39935364727608497 0.20148026315789475 0.02123730378578024 0.047697368421052634
1 0.4247460757156048 0.17269736842105263 0.020313942751615882 0.04276315789473684
1 0.4492151431209603 0.31332236842105265 0.032317636195752536 0.07401315789473684
1 0.5032317636195752 0.07648026315789473 0.0110803324099723 0.027960526315789474
1 0.5401662049861495 0.18585526315789475 0.020313942751615882 0.039473684210526314
1 0.6795937211449676 0.11348684210526316 0.018467220683287166 0.04276315789473684
1 0.7202216066481995 0.12828947368421054 0.01662049861495845 0.046052631578947366
1 0.7391505078485688 0.09375 0.017543859649122806 0.04276315789473684
1 0.7931671283471837 0.2393092105263158 0.03693444136657433 0.07730263157894737
1 0.7996306555863343 0.33881578947368424 0.055401662049861494 0.11513157894736842