1 0.21294117647058824 0.2791095890410959 0.10588235294117647 0.17465753424657535
1 0.34941176470588237 0.2654109589041096 0.09647058823529411 0.16095890410958905
1 0.46 0.24143835616438356 0.11058823529411765 0.18835616438356165
1 0.5941176470588235 0.22602739726027396 0.09647058823529411 0.1643835616438356
1 0.7894117647058824 0.23116438356164384 0.11529411764705882 0.2089041095890411
1 0.9529411764705882 0.3681506849315068 0.042352941176470586 0.07876712328767123
1 0.9870588235294118 0.3852739726027397 0.02588235294117647 0.06506849315068493
1 0.14941176470588236 0.351027397260274 0.04470588235294118 0.05136986301369863
1 0.28941176470588237 0.3458904109589041 0.03294117647058824 0.0547945205479452
1 0.09647058823529411 0.4058219178082192 0.0611764705882353 0.09246575342465753
1 0.04823529411764706 0.3236301369863014 0.03529411764705882 0.05821917808219178
1 0.09058823529411765 0.3099315068493151 0.04 0.05136986301369863
1 0.015294117647058824 0.3458904109589041 0.02588235294117647 0.0547945205479452