1 0.20670897552130554 0.4872813990461049 0.050770625566636446 0.09062003179650238
1 0.28649138712601996 0.4713831478537361 0.0471441523118767 0.09379968203497616
1 0.3100634632819583 0.2273449920508744 0.019945602901178604 0.034976152623211444
1 0.3445149592021759 0.17885532591414943 0.02357207615593835 0.0492845786963434
1 0.3893925657298277 0.1136724960254372 0.015412511332728921 0.033386327503974564
1 0.42611060743427015 0.1685214626391097 0.016319129646418858 0.04133545310015898
1 0.44197642792384406 0.178060413354531 0.022665457842248413 0.034976152623211444
1 0.43653671804170446 0.15500794912559618 0.017225747960108794 0.02702702702702703
1 0.485494106980961 0.16057233704292528 0.019038984587488667 0.034976152623211444
1 0.5208522212148685 0.14546899841017488 0.015412511332728921 0.02702702702702703
1 0.5376246600181324 0.15977742448330684 0.01813236627379873 0.04292527821939587
1 0.5698096101541251 0.1589825119236884 0.015412511332728921 0.034976152623211444
1 0.6115140525838622 0.0492845786963434 0.013599274705349048 0.034976152623211444
1 0.7325475974614687 0.11844197138314785 0.021758839528558477 0.03656597774244833