1 0.08366935483870967 0.6580981182795699 0.08014112903225806 0.11122311827956989
1 0.08177923387096774 0.5179771505376344 0.03503024193548387 0.042674731182795696
1 0.15435987903225806 0.5028561827956989 0.030493951612903226 0.03864247311827957
1 0.17578125 0.4783266129032258 0.022933467741935484 0.03662634408602151
1 0.25856854838709675 0.5028561827956989 0.025201612903225805 0.03864247311827957
1 0.29485887096774194 0.4889112903225806 0.022681451612903226 0.031586021505376344
1 0.2329889112903226 0.5893817204301075 0.059727822580645164 0.07728494623655914
1 0.3879788306451613 0.49311155913978494 0.022933467741935484 0.03797043010752688
1 0.4197328629032258 0.48286290322580644 0.02847782258064516 0.02956989247311828
1 0.4029737903225806 0.542002688172043 0.037298387096774195 0.05779569892473118
1 0.44682459677419356 0.5277217741935484 0.027721774193548387 0.04603494623655914
1 0.5212953629032258 0.48286290322580644 0.021925403225806453 0.031586021505376344
1 0.506804435483871 0.5003360215053764 0.03276209677419355 0.0396505376344086
1 0.8382056451612904 0.4223790322580645 0.07409274193548387 0.09341397849462366