1 0.06865079365079366 0.5352422907488987 0.048412698412698414 0.10425844346549193
1 0.2638888888888889 0.22246696035242292 0.02142857142857143 0.03671071953010279
1 0.31666666666666665 0.2077826725403818 0.01746031746031746 0.033773861967694566
1 0.3198412698412698 0.1828193832599119 0.01904761904761905 0.039647577092511016
1 0.34404761904761905 0.20044052863436124 0.018253968253968255 0.04552129221732746
1 0.3623015873015873 0.18869309838472834 0.01984126984126984 0.03671071953010279
1 0.3738095238095238 0.17033773861967694 0.015873015873015872 0.03524229074889868
1 0.4170634920634921 0.1593245227606461 0.018253968253968255 0.042584434654919234
1 0.4035714285714286 0.20704845814977973 0.016666666666666666 0.0381791483113069
1 0.37103174603174605 0.2356828193832599 0.02619047619047619 0.048458149779735685
1 0.44206349206349205 0.26725403817914833 0.023809523809523808 0.04698972099853157
1 0.4365079365079365 0.17694566813509544 0.01904761904761905 0.042584434654919234
1 0.4599206349206349 0.14977973568281938 0.018253968253968255 0.032305433186490456
1 0.4765873015873016 0.13069016152716592 0.01507936507936508 0.02643171806167401
1 0.48333333333333334 0.1461086637298091 0.01746031746031746 0.033773861967694566
1 0.503968253968254 0.13215859030837004 0.014285714285714285 0.02643171806167401
1 0.5007936507936508 0.1828193832599119 0.01746031746031746 0.03671071953010279
1 0.48095238095238096 0.20484581497797358 0.01904761904761905 0.039647577092511016
1 0.5337301587301587 0.19236417033773862 0.018253968253968255 0.03524229074889868
1 0.5376984126984127 0.14023494860499267 0.01984126984126984 0.03671071953010279
1 0.5603174603174603 0.14023494860499267 0.015873015873015872 0.033773861967694566
1 0.5623015873015873 0.11380323054331865 0.016666666666666666 0.030837004405286344
1 0.5817460317460318 0.12334801762114538 0.01904761904761905 0.032305433186490456
1 0.6003968253968254 0.1130690161527166 0.016666666666666666 0.02936857562408223
1 0.6123015873015873 0.15418502202643172 0.011904761904761904 0.032305433186490456
1 0.5976190476190476 0.17180616740088106 0.015873015873015872 0.03524229074889868
1 0.6214285714285714 0.171071953010279 0.015873015873015872 0.03671071953010279
1 0.621031746031746 0.13582966226138032 0.01984126984126984 0.033773861967694566
1 0.6369047619047619 0.10866372980910426 0.01507936507936508 0.0381791483113069
1 0.6535714285714286 0.11820851688693099 0.011904761904761904 0.033773861967694566
1 0.6547619047619048 0.16152716593245228 0.012698412698412698 0.032305433186490456
1 0.6563492063492063 0.22173274596182085 0.01904761904761905 0.05286343612334802
1 0.6162698412698413 0.25036710719530103 0.02619047619047619 0.042584434654919234
1 0.5678571428571428 0.30469897209985314 0.023015873015873017 0.06020558002936858
1 0.6083333333333333 0.3245227606461087 0.024603174603174603 0.055800293685756244
1 0.6634920634920635 0.3509544787077827 0.026984126984126985 0.055800293685756244
1 0.6726190476190477 0.1211453744493392 0.013492063492063493 0.033773861967694566
1 0.6873015873015873 0.13582966226138032 0.01746031746031746 0.033773861967694566
1 0.7186507936507937 0.1343612334801762 0.01507936507936508 0.03671071953010279
1 0.7158730158730159 0.18502202643171806 0.01746031746031746 0.032305433186490456
1 0.7178571428571429 0.23494860499265785 0.018253968253968255 0.05286343612334802
1 0.7420634920634921 0.17474302496328928 0.01904761904761905 0.0381791483113069
1 0.7623015873015873 0.171071953010279 0.016666666666666666 0.03671071953010279
1 0.7821428571428571 0.14904552129221732 0.01507936507936508 0.030837004405286344
1 0.7817460317460317 0.18135095447870778 0.015873015873015872 0.039647577092511016
1 0.7468253968253968 0.20704845814977973 0.020634920634920634 0.04405286343612335
1 0.7678571428571429 0.24669603524229075 0.018253968253968255 0.04405286343612335
1 0.7238095238095238 0.3634361233480176 0.026984126984126985 0.0631424375917768
1 0.8099206349206349 0.171071953010279 0.018253968253968255 0.03671071953010279
1 0.8337301587301588 0.18869309838472834 0.01507936507936508 0.03671071953010279
1 0.817063492063492 0.2077826725403818 0.016666666666666666 0.042584434654919234
1 0.8007936507936508 0.223935389133627 0.01904761904761905 0.048458149779735685
1 0.8186507936507936 0.2621145374449339 0.02142857142857143 0.05433186490455213
1 0.801984126984127 0.39720998531571217 0.027777777777777776 0.07488986784140969
1 0.8567460317460317 0.4566813509544787 0.027777777777777776 0.07048458149779736
1 0.8674603174603175 0.31644640234948607 0.020634920634920634 0.0513950073421439
1 0.8932539682539683 0.3604992657856094 0.023015873015873017 0.06020558002936858
1 0.8746031746031746 0.19970631424375918 0.014285714285714285 0.0381791483113069
1 0.8698412698412699 0.21512481644640236 0.015873015873015872 0.03671071953010279
1 0.8908730158730159 0.25036710719530103 0.016666666666666666 0.04552129221732746
1 0.9075396825396825 0.2143906020558003 0.013492063492063493 0.03524229074889868
1 0.9103174603174603 0.19676945668135096 0.015873015873015872 0.0381791483113069
1 0.9464285714285714 0.2055800293685756 0.013492063492063493 0.03524229074889868
1 0.9376984126984127 0.2327459618208517 0.01507936507936508 0.03671071953010279
1 0.9242063492063493 0.2966226138032305 0.018253968253968255 0.055800293685756244
1 0.9452380952380952 0.3340675477239354 0.020634920634920634 0.06020558002936858
1 0.9805555555555555 0.22540381791483113 0.011904761904761904 0.027900146842878122
1 0.9765873015873016 0.25697503671071953 0.011904761904761904 0.03524229074889868
1 0.9773809523809524 0.28267254038179146 0.013492063492063493 0.03671071953010279
1 0.9793650793650793 0.31938325991189426 0.014285714285714285 0.04552129221732746
1 0.9543650793650794 0.40748898678414097 0.01984126984126984 0.0631424375917768