1 0.23984674329501915 0.18353783231083845 0.06896551724137931 0.10531697341513292
1 0.2777777777777778 0.5547034764826176 0.09731800766283524 0.12372188139059305
1 0.4042145593869732 0.48721881390593047 0.07739463601532567 0.11349693251533742
1 0.4904214559386973 0.47955010224948874 0.07509578544061303 0.09406952965235174
1 0.5659003831417625 0.47443762781186094 0.06666666666666667 0.08793456032719836
1 0.6314176245210728 0.4657464212678937 0.06590038314176246 0.08486707566462168
1 0.6735632183908046 0.4483640081799591 0.056704980842911874 0.08077709611451943
1 0.7256704980842912 0.4212678936605317 0.05823754789272031 0.07770961145194274
1 0.7881226053639847 0.37372188139059304 0.04980842911877394 0.06850715746421268
1 0.8091954022988506 0.3614519427402863 0.038314176245210725 0.05828220858895705
1 0.4478927203065134 0.7796523517382413 0.16015325670498085 0.23415132924335377
1 0.6053639846743295 0.7254601226993865 0.1532567049808429 0.19734151329243355
1 0.7302681992337164 0.626278118609407 0.13333333333333333 0.16666666666666666
1 0.7272030651340996 0.5322085889570553 0.11647509578544062 0.12576687116564417
1 0.7873563218390804 0.49284253578732107 0.08659003831417625 0.1083844580777096
1 0.8298850574712644 0.4810838445807771 0.059770114942528735 0.10940695296523517
1 0.9325670498084291 0.4662576687116564 0.09348659003831418 0.10429447852760736