1 0.20162748643761302 0.5349397590361445 0.04159132007233273 0.06265060240963856
1 0.29475587703435807 0.5602409638554217 0.06148282097649186 0.07951807228915662
1 0.3679927667269439 0.5048192771084338 0.034358047016274866 0.05060240963855422
1 0.40415913200723325 0.4650602409638554 0.027124773960216998 0.05301204819277108
1 0.4783001808318264 0.372289156626506 0.0705244122965642 0.07951807228915662
1 0.4755877034358047 0.5939759036144578 0.08318264014466546 0.11325301204819277
1 0.6030741410488246 0.4578313253012048 0.034358047016274866 0.06265060240963856
1 0.6392405063291139 0.4987951807228916 0.045207956600361664 0.06746987951807229
1 0.6311030741410488 0.45542168674698796 0.0216998191681736 0.043373493975903614
1 0.7097649186256781 0.4542168674698795 0.03074141048824593 0.05060240963855422
1 0.6817359855334539 0.5698795180722892 0.054249547920433995 0.08433734939759036
1 0.8065099457504521 0.7385542168674699 0.1301989150090416 0.1855421686746988
1 0.9719710669077758 0.4759036144578313 0.048824593128390596 0.0746987951807229