1 0.5819277108433735 0.30620985010706636 0.04096385542168675 0.08565310492505353
1 0.5325301204819277 0.19164882226980728 0.016867469879518072 0.03640256959314775
1 0.591566265060241 0.15952890792291222 0.014457831325301205 0.032119914346895075
1 0.6253012048192771 0.20235546038543897 0.01927710843373494 0.032119914346895075
1 0.6728915662650602 0.18201284796573874 0.01566265060240964 0.034261241970021415
1 0.6746987951807228 0.2044967880085653 0.01927710843373494 0.04068522483940043
1 0.6626506024096386 0.24839400428265523 0.024096385542168676 0.05139186295503212
1 0.7090361445783132 0.19700214132762311 0.01566265060240964 0.03854389721627409
1 0.7512048192771085 0.19700214132762311 0.018072289156626505 0.03854389721627409
1 0.7596385542168674 0.23447537473233404 0.02289156626506024 0.044967880085653104
1 0.7493975903614458 0.2740899357601713 0.024096385542168676 0.047109207708779445
1 0.822289156626506 0.2644539614561028 0.02289156626506024 0.044967880085653104
1 0.7463855421686747 0.3490364025695932 0.03253012048192771 0.06852248394004283
1 0.8090361445783133 0.3961456102783726 0.03253012048192771 0.0728051391862955
1 0.9174698795180722 0.4014989293361884 0.03253012048192771 0.06209850107066381