1 0.31333333333333335 0.43017456359102246 0.18333333333333332 0.3516209476309227
1 0.10833333333333334 0.46633416458852867 0.05333333333333334 0.10972568578553615
1 0.1325 0.46508728179551123 0.035 0.07231920199501247
1 0.17166666666666666 0.5149625935162094 0.07333333333333333 0.12219451371571072
1 0.4216666666666667 0.4613466334164589 0.03 0.06483790523690773
1 0.3933333333333333 0.47256857855361595 0.03333333333333333 0.09725685785536159
1 0.48333333333333334 0.4775561097256858 0.08 0.12219451371571072
1 0.5358333333333334 0.46633416458852867 0.045 0.059850374064837904
1 0.5766666666666667 0.4837905236907731 0.03666666666666667 0.059850374064837904
1 0.6583333333333333 0.48129675810473815 0.13 0.24438902743142144
1 0.7208333333333333 0.4139650872817955 0.035 0.06483790523690773
1 0.7491666666666666 0.4600997506234414 0.04833333333333333 0.08728179551122195
1 0.7841666666666667 0.47880299251870323 0.03833333333333333 0.06483790523690773
1 0.8825 0.47880299251870323 0.07833333333333334 0.12468827930174564
1 0.9775 0.42643391521197005 0.045 0.09476309226932668
1 0.8991666666666667 0.3553615960099751 0.021666666666666667 0.03740648379052369