1 0.2782118055555556 0.6111653645833334 0.0642361111111111 0.09928385416666667
1 0.193359375 0.5836588541666666 0.06032986111111111 0.103515625
1 0.0771484375 0.5654296875 0.05186631944444445 0.09244791666666667
1 0.0625 0.4729817708333333 0.0234375 0.042317708333333336
1 0.12434895833333333 0.4459635416666667 0.017795138888888888 0.025390625
1 0.1372612847222222 0.47216796875 0.023654513888888888 0.033528645833333336
1 0.1459418402777778 0.455078125 0.015842013888888888 0.029947916666666668
1 0.17545572916666666 0.4544270833333333 0.018446180555555556 0.029947916666666668
1 0.1859809027777778 0.4514973958333333 0.010850694444444444 0.024088541666666668
1 0.20540364583333334 0.4694010416666667 0.023654513888888888 0.038411458333333336
1 0.212890625 0.4534505208333333 0.016059027777777776 0.024739583333333332
1 0.22569444444444445 0.4576822916666667 0.019097222222222224 0.03125
1 0.232421875 0.4778645833333333 0.026475694444444444 0.046223958333333336
1 0.23014322916666666 0.4443359375 0.011935763888888888 0.024088541666666668
1 0.24674479166666666 0.4596354166666667 0.01953125 0.034505208333333336
1 0.2879774305555556 0.4762369791666667 0.020399305555555556 0.035807291666666664
1 0.2848307291666667 0.4510091145833333 0.014973958333333334 0.021809895833333332
1 0.3008897569444444 0.4542643229166667 0.013671875 0.023763020833333332
1 0.3254123263888889 0.4588216145833333 0.017578125 0.030924479166666668
1 0.3610026041666667 0.5262044270833334 0.035807291666666664 0.060221354166666664
1 0.3783637152777778 0.4796549479166667 0.014973958333333334 0.029622395833333332
1 0.3929036458333333 0.4736328125 0.022352430555555556 0.0390625
1 0.3657769097222222 0.4713541666666667 0.016276041666666668 0.026041666666666668
1 0.3572048611111111 0.4630533854166667 0.013020833333333334 0.0224609375
1 0.3537326388888889 0.4495442708333333 0.013888888888888888 0.022135416666666668
1 0.3299696180555556 0.4490559895833333 0.012369791666666666 0.019205729166666668
1 0.3993055555555556 0.4539388020833333 0.01171875 0.021809895833333332
1 0.4057074652777778 0.4599609375 0.010199652777777778 0.022786458333333332
1 0.4167751736111111 0.4715169270833333 0.018446180555555556 0.0263671875
1 0.4445529513888889 0.4747721354166667 0.021050347222222224 0.033528645833333336
1 0.4575737847222222 0.4656575520833333 0.014105902777777778 0.025065104166666668
1 0.4490017361111111 0.4567057291666667 0.011284722222222222 0.016276041666666668
1 0.4555121527777778 0.4503580729166667 0.013020833333333334 0.0205078125
1 0.4777560763888889 0.4749348958333333 0.021918402777777776 0.036458333333333336
1 0.4734157986111111 0.4573567708333333 0.012369791666666666 0.024088541666666668
1 0.4849175347222222 0.4568684895833333 0.009765625 0.017903645833333332
1 0.4926215277777778 0.4625651041666667 0.009982638888888888 0.018880208333333332
1 0.4915364583333333 0.44921875 0.010850694444444444 0.018880208333333332
1 0.5054253472222222 0.455078125 0.008680555555555556 0.018229166666666668
1 0.5146484375 0.4641927083333333 0.012369791666666666 0.026041666666666668
1 0.4828559027777778 0.54931640625 0.045572916666666664 0.08626302083333333
1 0.5885416666666666 0.6940104166666666 0.07942708333333333 0.12109375
1 0.5542534722222222 0.5201822916666666 0.027777777777777776 0.046875
1 0.5467664930555556 0.4954427083333333 0.018880208333333332 0.030598958333333332
1 0.5442708333333334 0.4640299479166667 0.015190972222222222 0.027018229166666668
1 0.5296223958333334 0.45703125 0.011501736111111112 0.01953125
1 0.5520833333333334 0.4541015625 0.0078125 0.013020833333333334
1 0.5590277777777778 0.458984375 0.010416666666666666 0.020833333333333332
1 0.5692274305555556 0.455078125 0.008246527777777778 0.015625
1 0.5793185763888888 0.4541015625 0.011935763888888888 0.021484375
1 0.5840928819444444 0.4703776041666667 0.016276041666666668 0.028645833333333332
1 0.6219618055555556 0.5413411458333334 0.03428819444444445 0.043619791666666664
1 0.6620008680555556 0.5107421875 0.030164930555555556 0.048177083333333336
1 0.7335069444444444 0.54541015625 0.03428819444444445 0.053059895833333336
1 0.8399522569444444 0.5966796875 0.054036458333333336 0.07486979166666667
1 0.8247612847222222 0.51708984375 0.029296875 0.044596354166666664
1 0.8816189236111112 0.5511067708333334 0.031901041666666664 0.045572916666666664
1 0.9059244791666666 0.5320638020833334 0.030598958333333332 0.0478515625
1 0.9397786458333334 0.48291015625 0.009765625 0.021809895833333332
1 0.9283854166666666 0.486328125 0.01171875 0.022786458333333332
1 0.9123263888888888 0.484375 0.01171875 0.020833333333333332
1 0.8971354166666666 0.4873046875 0.013020833333333334 0.021484375
1 0.9027777777777778 0.4777018229166667 0.010416666666666666 0.017252604166666668
1 0.8814019097222222 0.4822591145833333 0.012803819444444444 0.0185546875
1 0.8692491319444444 0.4734700520833333 0.010633680555555556 0.0166015625
1 0.8631727430555556 0.4816080729166667 0.010199652777777778 0.017903645833333332
1 0.8542751736111112 0.4890950520833333 0.014539930555555556 0.025716145833333332
1 0.8423394097222222 0.4754231770833333 0.011501736111111112 0.017903645833333332
1 0.8293185763888888 0.48046875 0.013237847222222222 0.0234375
1 0.8136935763888888 0.4728190104166667 0.011067708333333334 0.019856770833333332
1 0.8008897569444444 0.4765625 0.013671875 0.024739583333333332
1 0.7927517361111112 0.4763997395833333 0.013454861111111112 0.0263671875
1 0.7837456597222222 0.4775390625 0.010199652777777778 0.017578125
1 0.7621527777777778 0.47900390625 0.013454861111111112 0.025716145833333332
1 0.6976996527777778 0.46484375 0.012152777777777778 0.021484375
1 0.6077473958333334 0.4586588541666667 0.010199652777777778 0.014973958333333334
1 0.6272786458333334 0.4627278645833333 0.012369791666666666 0.017252604166666668
1 0.6399739583333334 0.4625651041666667 0.011284722222222222 0.021484375
1 0.6495225694444444 0.4664713541666667 0.010850694444444444 0.020182291666666668
1 0.662109375 0.4630533854166667 0.010850694444444444 0.019205729166666668
1 0.6868489583333334 0.4615885416666667 0.012152777777777778 0.018880208333333332