1 0.04635847107438017 0.45852623456790126 0.08651859504132231 0.16782407407407407
1 0.11053719008264463 0.451195987654321 0.02221074380165289 0.04282407407407408
1 0.15896177685950413 0.5154320987654321 0.0565599173553719 0.10185185185185185
1 0.1443698347107438 0.46238425925925924 0.028409090909090908 0.045910493827160496
1 0.3143078512396694 0.4513888888888889 0.13119834710743802 0.22839506172839505
1 0.40302169421487605 0.5003858024691358 0.036415289256198344 0.06790123456790123
1 0.4487345041322314 0.503858024691358 0.028667355371900828 0.047839506172839504
1 0.47352789256198347 0.5096450617283951 0.025051652892561983 0.044753086419753084
1 0.5024535123966942 0.5071373456790124 0.016270661157024795 0.03356481481481482
1 0.531120867768595 0.5160108024691358 0.028667355371900828 0.05131172839506173
1 0.5553977272727273 0.5420524691358025 0.04674586776859504 0.08873456790123457
1 0.6190599173553719 0.5399305555555556 0.04132231404958678 0.0783179012345679
1 0.6658057851239669 0.519483024691358 0.035640495867768594 0.060570987654320986
1 0.7115185950413223 0.5426311728395061 0.027892561983471075 0.058256172839506175
1 0.8238636363636364 0.5592206790123457 0.061466942148760334 0.11689814814814815
1 0.87474173553719 0.5607638888888888 0.05578512396694215 0.10300925925925926
1 0.9152892561983471 0.5812114197530864 0.03202479338842975 0.07908950617283951
1 0.9477014462809917 0.5748456790123457 0.02453512396694215 0.06018518518518518
1 0.2378615702479339 0.4670138888888889 0.02737603305785124 0.0466820987654321