1 0.035580524344569285 0.5725 0.06367041198501873 0.13833333333333334
1 0.1502808988764045 0.6425 0.08146067415730338 0.15166666666666667
1 0.12593632958801498 0.49666666666666665 0.040262172284644196 0.08
1 0.23314606741573032 0.5466666666666666 0.056179775280898875 0.11333333333333333
1 0.2799625468164794 0.5025 0.033707865168539325 0.07833333333333334
1 0.3258426966292135 0.5425 0.052434456928838954 0.12166666666666667
1 0.3441011235955056 0.5125 0.03089887640449438 0.07833333333333334
1 0.31179775280898875 0.7058333333333333 0.09925093632958802 0.17833333333333334
1 0.4143258426966292 0.5075 0.04400749063670412 0.10166666666666667
1 0.45131086142322097 0.6208333333333333 0.0599250936329588 0.12833333333333333
1 0.4714419475655431 0.5341666666666667 0.04588014981273408 0.09833333333333333
1 0.5346441947565543 0.7975 0.13670411985018727 0.25833333333333336
1 0.6114232209737828 0.6608333333333334 0.08052434456928839 0.165
1 0.5514981273408239 0.49 0.04119850187265917 0.08666666666666667
1 0.6750936329588015 0.585 0.052434456928838954 0.11
1 0.6863295880149812 0.535 0.04307116104868914 0.09333333333333334
1 0.7574906367041199 0.49416666666666664 0.04119850187265917 0.08833333333333333
1 0.8085205992509363 0.5325 0.04588014981273408 0.11166666666666666
1 0.8548689138576779 0.6108333333333333 0.0749063670411985 0.16166666666666665
1 0.9171348314606742 0.7125 0.12265917602996254 0.20166666666666666
1 0.8913857677902621 0.5116666666666667 0.04868913857677903 0.10666666666666667