1 0.03791666666666667 0.5222088835534213 0.07416666666666667 0.12004801920768307
1 0.25875 0.5096038415366146 0.11916666666666667 0.15726290516206481
1 0.27958333333333335 0.4381752701080432 0.08583333333333333 0.12004801920768307
1 0.11 0.3799519807923169 0.02666666666666667 0.04441776710684274
1 0.3541666666666667 0.47118847539015607 0.056666666666666664 0.10444177671068428
1 0.43416666666666665 0.5594237695078031 0.095 0.15126050420168066
1 0.4683333333333333 0.47118847539015607 0.06833333333333333 0.12605042016806722
1 0.5004166666666666 0.4909963985594238 0.03916666666666667 0.11044417767106843
1 0.53375 0.4909963985594238 0.0425 0.08643457382953182
1 0.58375 0.507202881152461 0.049166666666666664 0.09003601440576231
1 0.7879166666666667 0.2581032412965186 0.11416666666666667 0.16806722689075632
1 0.5533333333333333 0.37635054021608644 0.02 0.03241296518607443
1 0.6 0.39255702280912363 0.023333333333333334 0.03841536614645858
1 0.45125 0.375750300120048 0.020833333333333332 0.03841536614645858
1 0.47 0.3895558223289316 0.016666666666666666 0.022809123649459785
1 0.49 0.3895558223289316 0.018333333333333333 0.030012004801920768
1 0.5125 0.3997599039615846 0.02 0.028811524609843937
1 0.41125 0.44057623049219685 0.0475 0.07923169267707082
1 0.37625 0.375750300120048 0.020833333333333332 0.031212484993997598