1 0.25014116318464147 0.6224899598393574 0.03274985883681536 0.06827309236947791
1 0.3156408808582722 0.6049196787148594 0.03387916431394692 0.071285140562249
1 0.3901750423489554 0.6234939759036144 0.03387916431394692 0.07228915662650602
1 0.45313382269904007 0.6179718875502008 0.02766798418972332 0.06124497991967871
1 0.5141163184641445 0.6280120481927711 0.029926595143986448 0.06325301204819277
1 0.5742518351214003 0.6229919678714859 0.038396386222473176 0.06927710843373494
1 0.6414455110107284 0.6410642570281124 0.028232636928289104 0.06927710843373494
1 0.6914172783738001 0.6445783132530121 0.029926595143986448 0.07228915662650602
1 0.7515527950310559 0.6219879518072289 0.03162055335968379 0.06927710843373494
1 0.8060417843026538 0.6139558232931727 0.0378317334839074 0.06325301204819277
1 0.7453416149068323 0.5105421686746988 0.04178430265386787 0.07530120481927711
1 0.748729531338227 0.42570281124497994 0.028232636928289104 0.06224899598393574
1 0.668548842461886 0.5235943775100401 0.03387916431394692 0.06124497991967871
1 0.6245059288537549 0.5015060240963856 0.03274985883681536 0.06526104417670683
1 0.551948051948052 0.5090361445783133 0.03557312252964427 0.06626506024096386
1 0.49294184076792774 0.4884538152610442 0.03387916431394692 0.06526104417670683
1 0.43365330321852064 0.5085341365461847 0.03162055335968379 0.05923694779116466
1 0.36053077357425184 0.5120481927710844 0.033314511575381144 0.060240963855421686
1 0.30124223602484473 0.5245983935742972 0.029926595143986448 0.055220883534136546
1 0.24957651044607565 0.535140562248996 0.040654997176736304 0.06626506024096386
1 0.2919254658385093 0.43172690763052207 0.028232636928289104 0.060240963855421686
1 0.35093167701863354 0.44176706827309237 0.029926595143986448 0.05220883534136546
1 0.4020327498588368 0.42369477911646586 0.025974025974025976 0.05421686746987952
1 0.46273291925465837 0.42971887550200805 0.0220214568040655 0.0642570281124498
1 0.5208921513269339 0.3965863453815261 0.026538678712591756 0.05421686746987952
1 0.5731225296442688 0.4357429718875502 0.030491247882552232 0.05622489959839357
1 0.6259175607001694 0.4282128514056225 0.026538678712591756 0.06124497991967871
1 0.6871823828345568 0.41616465863453816 0.030491247882552232 0.06927710843373494