1 0.08795180722891566 0.33085106382978724 0.021686746987951807 0.036170212765957444
1 0.1210843373493976 0.33297872340425533 0.018072289156626505 0.036170212765957444
1 0.19036144578313252 0.44042553191489364 0.06746987951807229 0.12340425531914893
1 0.2789156626506024 0.4723404255319149 0.05903614457831325 0.12340425531914893
1 0.2987951807228916 0.19042553191489361 0.024096385542168676 0.04893617021276596
1 0.3325301204819277 0.1702127659574468 0.01927710843373494 0.03404255319148936
1 0.3783132530120482 0.24468085106382978 0.03132530120481928 0.05106382978723404
1 0.3855421686746988 0.20106382978723406 0.016867469879518072 0.031914893617021274
1 0.3710843373493976 0.20957446808510638 0.021686746987951807 0.04042553191489362
1 0.43734939759036146 0.2074468085106383 0.02650602409638554 0.0574468085106383
1 0.4843373493975904 0.17127659574468085 0.024096385542168676 0.05319148936170213
1 0.5090361445783133 0.2691489361702128 0.027710843373493974 0.06595744680851064
1 0.5373493975903615 0.225531914893617 0.03132530120481928 0.06382978723404255
1 0.5590361445783133 0.12127659574468085 0.01927710843373494 0.0425531914893617
1 0.5650602409638554 0.08723404255319149 0.01927710843373494 0.03404255319148936
1 0.6030120481927711 0.13297872340425532 0.018072289156626505 0.04468085106382979
1 0.5963855421686747 0.2351063829787234 0.03132530120481928 0.06595744680851064
1 0.6457831325301204 0.13085106382978723 0.024096385542168676 0.04893617021276596
1 0.6951807228915663 0.1351063829787234 0.021686746987951807 0.05319148936170213