1 0.1225 0.8108333333333333 0.17 0.20833333333333334
1 0.073125 0.6816666666666666 0.10875 0.16333333333333333
1 0.19375 0.72 0.1175 0.18333333333333332
1 0.325625 0.8016666666666666 0.16125 0.20333333333333334
1 0.345625 0.6758333333333333 0.10625 0.17833333333333334
1 0.474375 0.7191666666666666 0.11875 0.185
1 0.63375 0.7625 0.1425 0.215
1 0.615625 0.665 0.09375 0.12666666666666668
1 0.759375 0.7116666666666667 0.12375 0.19333333333333333
1 0.825625 0.7091666666666666 0.10625 0.16166666666666665
1 0.96875 0.7558333333333334 0.0625 0.22166666666666668
1 0.321875 0.31416666666666665 0.12125 0.165