1 0.2089728453364817 0.3514644351464435 0.03778040141676505 0.0794979079497908
1 0.2780401416765053 0.26673640167364016 0.01770956316410862 0.03138075313807531
1 0.32644628099173556 0.2803347280334728 0.020070838252656435 0.03765690376569038
1 0.3400236127508855 0.25523012552301255 0.018890200708382526 0.03765690376569038
1 0.4214876033057851 0.2803347280334728 0.018890200708382526 0.04184100418410042
1 0.43683589138134593 0.22594142259414227 0.014167650531286895 0.03347280334728033
1 0.4179456906729634 0.21652719665271966 0.018890200708382526 0.03556485355648536
1 0.3624557260920897 0.2112970711297071 0.01652892561983471 0.03347280334728033
1 0.3789846517119244 0.1997907949790795 0.014167650531286895 0.02301255230125523
1 0.41735537190082644 0.17468619246861924 0.012987012987012988 0.027196652719665274
1 0.45808736717827625 0.21443514644351463 0.01652892561983471 0.03556485355648536
1 0.46221959858323497 0.19560669456066945 0.015348288075560802 0.027196652719665274
1 0.44155844155844154 0.1579497907949791 0.014167650531286895 0.03138075313807531
1 0.4769775678866588 0.13389121338912133 0.009445100354191263 0.016736401673640166
1 0.48642266824085006 0.17364016736401675 0.014167650531286895 0.02510460251046025
1 0.46812278630460447 0.1705020920502092 0.010625737898465172 0.027196652719665274
1 0.45985832349468714 0.1579497907949791 0.012987012987012988 0.02301255230125523
1 0.5365997638724912 0.16317991631799164 0.015348288075560802 0.02510460251046025
1 0.525383707201889 0.20292887029288703 0.01652892561983471 0.029288702928870293
1 0.51357733175915 0.13598326359832635 0.01652892561983471 0.029288702928870293
1 0.5560802833530106 0.17154811715481172 0.01652892561983471 0.029288702928870293
1 0.5720188902007084 0.15585774058577406 0.012987012987012988 0.03138075313807531
1 0.551948051948052 0.12447698744769875 0.012987012987012988 0.02301255230125523
1 0.5820543093270366 0.10564853556485355 0.011806375442739079 0.02301255230125523
1 0.60271546635183 0.11820083682008369 0.010625737898465172 0.03138075313807531
1 0.6782762691853601 0.10146443514644352 0.010625737898465172 0.02301255230125523
1 0.47284533648170013 0.32322175732217573 0.024793388429752067 0.0397489539748954
1 0.5425029515938606 0.3023012552301255 0.02243211334120425 0.05230125523012552
1 0.5903187721369539 0.3368200836820084 0.030696576151121605 0.0502092050209205
1 0.6658795749704841 0.3305439330543933 0.030696576151121605 0.06276150627615062
1 0.5655253837072018 0.24476987447698745 0.018890200708382526 0.04602510460251046
1 0.6009445100354192 0.25523012552301255 0.018890200708382526 0.04184100418410042
1 0.6092089728453365 0.20711297071129708 0.01652892561983471 0.04602510460251046
1 0.6611570247933884 0.20606694560669456 0.021251475796930343 0.043933054393305436
1 0.6676505312868949 0.1600418410041841 0.015348288075560802 0.03556485355648536
1 0.6812278630460449 0.18723849372384938 0.01652892561983471 0.03556485355648536
1 0.6959858323494688 0.21652719665271966 0.02243211334120425 0.043933054393305436
1 0.6995277449822904 0.14644351464435146 0.012987012987012988 0.02510460251046025
1 0.7272727272727273 0.12552301255230125 0.01652892561983471 0.029288702928870293
1 0.744391971664699 0.11401673640167365 0.015348288075560802 0.03138075313807531
1 0.7390791027154664 0.06694560669456066 0.014167650531286895 0.029288702928870293
1 0.7573789846517119 0.13284518828451883 0.012987012987012988 0.02301255230125523
1 0.7414403778040142 0.15271966527196654 0.01652892561983471 0.02510460251046025
1 0.731995277449823 0.16631799163179917 0.014167650531286895 0.027196652719665274
1 0.7432113341204251 0.19351464435146443 0.015348288075560802 0.03556485355648536
1 0.7030696576151122 0.2813807531380753 0.02715466351829988 0.05230125523012552
1 0.6517119244391971 0.26464435146443516 0.021251475796930343 0.043933054393305436
1 0.7626918536009445 0.3148535564853556 0.025974025974025976 0.05230125523012552
1 0.8606847697756789 0.22698744769874477 0.018890200708382526 0.043933054393305436
1 0.911452184179457 0.18514644351464435 0.01652892561983471 0.03138075313807531
1 0.9569067296340024 0.17677824267782427 0.020070838252656435 0.05230125523012552
1 0.8931523022432113 0.13389121338912133 0.010625737898465172 0.02510460251046025
1 0.8754427390791027 0.13284518828451883 0.012987012987012988 0.02301255230125523
1 0.8636363636363636 0.13389121338912133 0.015348288075560802 0.02510460251046025
1 0.8536009445100354 0.14330543933054393 0.009445100354191263 0.027196652719665274
1 0.846517119244392 0.15481171548117154 0.014167650531286895 0.02510460251046025
1 0.8364817001180638 0.17468619246861924 0.012987012987012988 0.027196652719665274
1 0.872491145218418 0.18200836820083682 0.014167650531286895 0.029288702928870293
1 0.8093270365997639 0.16422594142259414 0.010625737898465172 0.02301255230125523
1 0.8164108618654073 0.13598326359832635 0.015348288075560802 0.02510460251046025
1 0.8040141676505312 0.1297071129707113 0.011806375442739079 0.029288702928870293
1 0.7916174734356553 0.1412133891213389 0.012987012987012988 0.02301255230125523
1 0.7898465171192444 0.18410041841004185 0.021251475796930343 0.04184100418410042