1 0.193125 0.37388392857142855 0.09875 0.19419642857142858
1 0.39 0.36607142857142855 0.0825 0.14732142857142858
1 0.5475 0.3314732142857143 0.0825 0.15848214285714285
1 0.635 0.375 0.085 0.17410714285714285
1 0.743125 0.43191964285714285 0.10375 0.203125
1 0.53875 0.18638392857142858 0.03 0.05133928571428571
1 0.576875 0.16629464285714285 0.02875 0.06919642857142858
1 0.471875 0.1875 0.01125 0.03125
1 0.4575 0.19084821428571427 0.015 0.033482142857142856
1 0.433125 0.18080357142857142 0.01875 0.04017857142857143
1 0.39625 0.1640625 0.0275 0.05133928571428571
1 0.34625 0.2700892857142857 0.0325 0.05357142857142857
1 0.323125 0.18526785714285715 0.02375 0.044642857142857144
1 0.28875 0.19866071428571427 0.025 0.05357142857142857
1 0.223125 0.171875 0.05125 0.07589285714285714
1 0.155 0.15290178571428573 0.0375 0.07366071428571429
1 0.0975 0.17410714285714285 0.0525 0.07142857142857142
1 0.029375 0.20647321428571427 0.03125 0.05133928571428571