1 0.08765723270440251 0.8871915393654524 0.11713836477987422 0.1598119858989424
1 0.1360062893081761 0.7297297297297297 0.08647798742138364 0.12925969447708577
1 0.06721698113207547 0.654524089306698 0.07940251572327044 0.12220916568742655
1 0.2511792452830189 0.6792009400705052 0.07940251572327044 0.12220916568742655
1 0.3463050314465409 0.7497062279670975 0.08411949685534591 0.14571092831962398
1 0.389937106918239 0.6386603995299648 0.06918238993710692 0.1045828437132785
1 0.5086477987421384 0.6562867215041128 0.06918238993710692 0.11868390129259694
1 0.5664308176100629 0.6157461809635723 0.05267295597484277 0.09165687426556991
1 0.5224056603773585 0.3795534665099882 0.06525157232704402 0.0963572267920094
1 0.8199685534591195 0.9030552291421856 0.14779874213836477 0.1844888366627497
1 0.8856132075471698 0.8119858989424207 0.09198113207547169 0.1762632197414806
1 0.8895440251572327 0.6944770857814336 0.07940251572327044 0.14336075205640422
1 0.9084119496855346 0.6421856639247944 0.07940251572327044 0.12338425381903642