1 0.16435185185185186 0.2717569786535304 0.019444444444444445 0.047619047619047616
1 0.22268518518518518 0.2799671592775041 0.030555555555555555 0.047619047619047616
1 0.3907407407407407 0.2881773399014778 0.022222222222222223 0.03776683087027915
1 0.36018518518518516 0.3021346469622332 0.022222222222222223 0.0361247947454844
1 0.3541666666666667 0.25862068965517243 0.019444444444444445 0.03776683087027915
1 0.31342592592592594 0.2315270935960591 0.013888888888888888 0.026272577996715927
1 0.3277777777777778 0.22824302134646962 0.014814814814814815 0.029556650246305417
1 0.34629629629629627 0.23399014778325122 0.012962962962962963 0.034482758620689655
1 0.37777777777777777 0.23645320197044334 0.016666666666666666 0.03284072249589491
1 0.38055555555555554 0.1863711001642036 0.011111111111111112 0.024630541871921183
1 0.39537037037037037 0.18801313628899835 0.011111111111111112 0.027914614121510674
1 0.41435185185185186 0.19129720853858784 0.01574074074074074 0.034482758620689655
1 0.46435185185185185 0.23891625615763548 0.019444444444444445 0.04433497536945813
1 0.4546296296296296 0.19950738916256158 0.016666666666666666 0.027914614121510674
1 0.47175925925925927 0.2019704433497537 0.013888888888888888 0.03284072249589491
1 0.44583333333333336 0.18144499178981938 0.013888888888888888 0.027914614121510674
1 0.45694444444444443 0.23070607553366174 0.013888888888888888 0.027914614121510674
1 0.487962962962963 0.15599343185550082 0.012962962962962963 0.029556650246305417
1 0.5222222222222223 0.1748768472906404 0.018518518518518517 0.034482758620689655
1 0.5467592592592593 0.16174055829228243 0.013888888888888888 0.034482758620689655
1 0.587037037037037 0.16666666666666666 0.012962962962962963 0.031198686371100164
1 0.5736111111111111 0.1354679802955665 0.01574074074074074 0.027914614121510674
1 0.49166666666666664 0.30295566502463056 0.022222222222222223 0.047619047619047616
1 0.6175925925925926 0.25205254515599346 0.018518518518518517 0.04433497536945813
1 0.625 0.20853858784893267 0.014814814814814815 0.042692939244663386
1 0.6550925925925926 0.2019704433497537 0.013888888888888888 0.0361247947454844
1 0.6754629629629629 0.21921182266009853 0.017592592592592594 0.041050903119868636
1 0.6518518518518519 0.2717569786535304 0.020370370370370372 0.054187192118226604
1 0.6902777777777778 0.1625615763546798 0.013888888888888888 0.029556650246305417
1 0.7277777777777777 0.19950738916256158 0.018518518518518517 0.03776683087027915
1 0.763425925925926 0.16338259441707717 0.013888888888888888 0.034482758620689655
1 0.7055555555555556 0.2766830870279146 0.018518518518518517 0.041050903119868636
1 0.7513888888888889 0.24548440065681446 0.019444444444444445 0.04433497536945813
1 0.7555555555555555 0.31198686371100165 0.022222222222222223 0.052545155993431854
1 0.8319444444444445 0.3275862068965517 0.023148148148148147 0.060755336617405585
1 0.9162037037037037 0.2348111658456486 0.019444444444444445 0.04926108374384237