1 0.1630552546045504 0.4096958174904943 0.05742145178764897 0.09695817490494296
1 0.20368364030335862 0.2623574144486692 0.02600216684723727 0.049429657794676805
1 0.3039003250270856 0.21102661596958175 0.020585048754062838 0.04182509505703422
1 0.39761646803900325 0.2832699619771863 0.023835319609967497 0.045627376425855515
1 0.4182015167930661 0.22053231939163498 0.01733477789815818 0.034220532319391636
1 0.47291440953412783 0.2338403041825095 0.018418201516793065 0.03802281368821293
1 0.5151679306608884 0.14638783269961977 0.014084507042253521 0.030418250950570342
1 0.5839653304442037 0.2623574144486692 0.021668472372697724 0.04182509505703422
1 0.613759479956663 0.24429657794676807 0.020585048754062838 0.043726235741444866
1 0.6018418201516793 0.12072243346007605 0.011917659804983749 0.02091254752851711
1 0.6267605633802817 0.1188212927756654 0.009750812567713976 0.02091254752851711
1 0.6560130010834236 0.1188212927756654 0.007583965330444204 0.024714828897338403
1 0.6105092091007583 0.11311787072243346 0.009750812567713976 0.02091254752851711