1 0.19146608315098468 0.5377283558379666 0.11706783369803063 0.19062748212867356
1 0.1137855579868709 0.5782366957903098 0.061269146608315096 0.09690230341540905
1 0.2828227571115974 0.607625099285147 0.05689277899343545 0.0937251787132645
1 0.35120350109409193 0.5595710881652105 0.045951859956236324 0.07863383637807785
1 0.3925054704595186 0.5035742652899127 0.04212253829321663 0.06671961874503574
1 0.47155361050328226 0.5591739475774424 0.038293216630196934 0.0778395552025417
1 0.5169584245076586 0.5643367752184273 0.03938730853391685 0.06115965051628276
1 0.5913566739606126 0.5520254169976172 0.036105032822757115 0.06354249404289118
1 0.6632932166301969 0.5988880063542494 0.06291028446389496 0.10325655281969817
1 0.7718818380743983 0.5277998411437649 0.1061269146608315 0.18030182684670373
1 0.8796498905908097 0.5822081016679904 0.06673960612691467 0.11914217633042097
1 0.9567833698030634 0.6215250198570293 0.053610503282275714 0.09610802223987291