1 0.10470588235294118 0.5418994413407822 0.04470588235294118 0.10893854748603352
1 0.21176470588235294 0.3498603351955307 0.01568627450980392 0.03212290502793296
1 0.2796078431372549 0.30446927374301674 0.01647058823529412 0.03910614525139665
1 0.25607843137254904 0.3400837988826816 0.014901960784313726 0.03770949720670391
1 0.28784313725490196 0.3568435754189944 0.0203921568627451 0.040502793296089384
1 0.34980392156862744 0.28980446927374304 0.017254901960784313 0.029329608938547486
1 0.3862745098039216 0.2534916201117318 0.01647058823529412 0.03212290502793296
1 0.41137254901960785 0.2506983240223464 0.02431372549019608 0.034916201117318434
1 0.4403921568627451 0.2520949720670391 0.021176470588235293 0.03770949720670391
1 0.45647058823529413 0.23812849162011174 0.01568627450980392 0.02653631284916201
1 0.3298039215686275 0.35893854748603354 0.02431372549019608 0.04189944134078212
1 0.3466666666666667 0.3372905027932961 0.023529411764705882 0.034916201117318434
1 0.3803921568627451 0.3233240223463687 0.01568627450980392 0.03212290502793296
1 0.396078431372549 0.2981843575418994 0.012549019607843137 0.034916201117318434
1 0.4258823529411765 0.27932960893854747 0.025098039215686273 0.0335195530726257
1 0.46431372549019606 0.26885474860335196 0.018823529411764704 0.029329608938547486
1 0.40078431372549017 0.3400837988826816 0.01568627450980392 0.03212290502793296
1 0.4243137254901961 0.3442737430167598 0.017254901960784313 0.03212290502793296
1 0.4792156862745098 0.2674581005586592 0.017254901960784313 0.04329608938547486
1 0.49058823529411766 0.25488826815642457 0.021176470588235293 0.04329608938547486
1 0.5125490196078432 0.2723463687150838 0.014901960784313726 0.0335195530726257
1 0.5454901960784314 0.21927374301675978 0.013333333333333334 0.0223463687150838
1 0.5407843137254902 0.276536312849162 0.01803921568627451 0.0335195530726257
1 0.5603921568627451 0.2611731843575419 0.01803921568627451 0.036312849162011177
1 0.5862745098039216 0.2255586592178771 0.01019607843137255 0.02653631284916201
1 0.5925490196078431 0.20810055865921787 0.011764705882352941 0.030726256983240222
1 0.4505882352941176 0.31843575418994413 0.01803921568627451 0.036312849162011177
1 0.42745098039215684 0.3121508379888268 0.02666666666666667 0.040502793296089384
1 0.492156862745098 0.3226256983240223 0.022745098039215685 0.03910614525139665
1 0.6298039215686274 0.22835195530726257 0.0203921568627451 0.034916201117318434
1 0.6486274509803922 0.2297486033519553 0.018823529411764704 0.023743016759776536
1 0.6615686274509804 0.22486033519553073 0.0196078431372549 0.027932960893854747
1 0.6109803921568627 0.24650837988826815 0.01568627450980392 0.02653631284916201
1 0.6133333333333333 0.2988826815642458 0.017254901960784313 0.0335195530726257
1 0.576078431372549 0.32053072625698326 0.0196078431372549 0.034916201117318434
1 0.543921568627451 0.3477653631284916 0.022745098039215685 0.0446927374301676
1 0.4513725490196078 0.4085195530726257 0.02588235294117647 0.05446927374301676
1 0.5286274509803922 0.3987430167597765 0.02823529411764706 0.051675977653631286
1 0.5584313725490196 0.4308659217877095 0.02823529411764706 0.0712290502793296
1 0.6337254901960784 0.3268156424581006 0.0203921568627451 0.036312849162011177
1 0.6172549019607844 0.4594972067039106 0.02980392156862745 0.055865921787709494
1 0.6454901960784314 0.3659217877094972 0.02196078431372549 0.05027932960893855
1 0.6647058823529411 0.3435754189944134 0.022745098039215685 0.03910614525139665
1 0.6529411764705882 0.2674581005586592 0.013333333333333334 0.03212290502793296
1 0.6847058823529412 0.263268156424581 0.01568627450980392 0.034916201117318434
1 0.7262745098039216 0.23184357541899442 0.02196078431372549 0.036312849162011177
1 0.711764705882353 0.24930167597765363 0.021176470588235293 0.03770949720670391
1 0.7113725490196079 0.2702513966480447 0.02666666666666667 0.03770949720670391
1 0.6972549019607843 0.2918994413407821 0.017254901960784313 0.0335195530726257
1 0.7572549019607843 0.236731843575419 0.0196078431372549 0.029329608938547486
1 0.7482352941176471 0.26606145251396646 0.023529411764705882 0.03770949720670391
1 0.7333333333333333 0.29608938547486036 0.0203921568627451 0.04189944134078212
1 0.720392156862745 0.4022346368715084 0.03686274509803922 0.05865921787709497
1 0.6866666666666666 0.5020949720670391 0.03686274509803922 0.07402234636871509
1 0.7709803921568628 0.30726256983240224 0.01411764705882353 0.0446927374301676
1 0.7905882352941176 0.2702513966480447 0.017254901960784313 0.03770949720670391
1 0.8109803921568628 0.26256983240223464 0.017254901960784313 0.0335195530726257
1 0.8298039215686275 0.26466480446927376 0.01568627450980392 0.03212290502793296
1 0.8447058823529412 0.25977653631284914 0.01411764705882353 0.0335195530726257
1 0.8117647058823529 0.3100558659217877 0.0203921568627451 0.0446927374301676
1 0.7945098039215687 0.33798882681564246 0.0203921568627451 0.05027932960893855
1 0.7756862745098039 0.3708100558659218 0.02980392156862745 0.06005586592178771
1 0.7670588235294118 0.41620111731843573 0.02980392156862745 0.061452513966480445
1 0.7776470588235294 0.5384078212290503 0.03686274509803922 0.0824022346368715
1 0.816078431372549 0.43156424581005587 0.029019607843137254 0.05865921787709497
1 0.8329411764705882 0.375 0.018823529411764704 0.05726256983240224
1 0.8447058823529412 0.3477653631284916 0.023529411764705882 0.05307262569832402
1 0.8607843137254902 0.33100558659217877 0.01803921568627451 0.036312849162011177
1 0.863921568627451 0.2877094972067039 0.022745098039215685 0.03910614525139665
1 0.899607843137255 0.27583798882681565 0.01568627450980392 0.03212290502793296
1 0.8949019607843137 0.33170391061452514 0.012549019607843137 0.029329608938547486
1 0.8862745098039215 0.39175977653631283 0.017254901960784313 0.034916201117318434
1 0.8780392156862745 0.46717877094972066 0.03529411764705882 0.06843575418994413
1 0.5086274509803922 0.24231843575418993 0.013333333333333334 0.02094972067039106
1 0.5811764705882353 0.2569832402234637 0.023529411764705882 0.0335195530726257
1 0.6050980392156863 0.2185754189944134 0.013333333333333334 0.03212290502793296