1 0.1799043062200957 0.4748700173310225 0.04784688995215311 0.08665511265164645
1 0.34497607655502394 0.2296360485268631 0.02200956937799043 0.04679376083188908
1 0.3712918660287081 0.2365684575389948 0.021052631578947368 0.043327556325823226
1 0.423444976076555 0.1949740034662045 0.01818181818181818 0.03986135181975736
1 0.43014354066985644 0.2564991334488735 0.02583732057416268 0.05545927209705372
1 0.45167464114832534 0.2001733102253033 0.019138755980861243 0.036395147313691506
1 0.45311004784688996 0.16031195840554593 0.01818181818181818 0.036395147313691506
1 0.47129186602870815 0.17244367417677642 0.01818181818181818 0.03292894280762565
1 0.49234449760765553 0.16291161178509533 0.016267942583732056 0.02772963604852686
1 0.46842105263157896 0.12391681109185441 0.016267942583732056 0.022530329289428077
1 0.49138755980861243 0.11351819757365685 0.016267942583732056 0.029462738301559793
1 0.5349282296650718 0.10745233968804159 0.01722488038277512 0.03119584055459272
1 0.5698564593301435 0.10831889081455806 0.014354066985645933 0.03292894280762565
1 0.5818181818181818 0.12738301559792028 0.019138755980861243 0.03292894280762565
1 0.5330143540669856 0.2097053726169844 0.028708133971291867 0.06239168110918544
1 0.48660287081339715 0.30675909878682844 0.031578947368421054 0.06932409012131716
1 0.6708133971291866 0.23050259965337955 0.022966507177033493 0.05199306759098787
1 0.7363636363636363 0.2564991334488735 0.02583732057416268 0.05545927209705372
1 0.785645933014354 0.2634315424610052 0.024880382775119617 0.058925476603119586
1 0.8904306220095694 0.18890814558058924 0.01818181818181818 0.045060658578856154
1 0.8210526315789474 0.14818024263431542 0.019138755980861243 0.03986135181975736
1 0.8177033492822966 0.09965337954939342 0.014354066985645933 0.03292894280762565
1 0.7645933014354067 0.08578856152512998 0.01722488038277512 0.03986135181975736
1 0.7507177033492823 0.10311958405545928 0.014354066985645933 0.03292894280762565
1 0.7272727272727273 0.13258232235701906 0.01722488038277512 0.03292894280762565
1 0.7043062200956938 0.11525129982668977 0.021052631578947368 0.05025996533795494
1 0.7191387559808613 0.1169844020797227 0.01818181818181818 0.036395147313691506