1 0.13856907894736842 0.43667763157894735 0.05016447368421053 0.08552631578947369
1 0.08470394736842106 0.6905838815789473 0.08223684210526316 0.14268092105263158
1 0.19010416666666666 0.634046052631579 0.06387061403508772 0.08305921052631579
1 0.2383497807017544 0.5970394736842105 0.05071271929824561 0.07894736842105263
1 0.36609100877192985 0.6792763157894737 0.07483552631578948 0.10773026315789473
1 0.3958333333333333 0.6097861842105263 0.046600877192982455 0.08634868421052631
1 0.42680921052631576 0.6422697368421053 0.049342105263157895 0.08717105263157894
1 0.5058936403508771 0.6642680921052632 0.07319078947368421 0.12952302631578946
1 0.5799067982456141 0.6726973684210527 0.06661184210526316 0.11101973684210527
1 0.5719572368421053 0.609375 0.05345394736842105 0.07730263157894737
1 0.6228070175438597 0.6453536184210527 0.052083333333333336 0.09333881578947369
1 0.5755208333333334 0.7652138157894737 0.08086622807017543 0.1069078947368421
1 0.6333607456140351 0.8963815789473685 0.18832236842105263 0.20723684210526316