1 0.16071428571428573 0.46825396825396826 0.10267857142857142 0.2222222222222222
1 0.2265625 0.40674603174603174 0.05580357142857143 0.13095238095238096
1 0.2700892857142857 0.41865079365079366 0.049107142857142856 0.12301587301587301
1 0.2924107142857143 0.3968253968253968 0.044642857142857144 0.11904761904761904
1 0.3236607142857143 0.4166666666666667 0.03571428571428571 0.10317460317460317
1 0.3515625 0.4146825396825397 0.033482142857142856 0.09126984126984126
1 0.3872767857142857 0.4126984126984127 0.024553571428571428 0.07142857142857142
1 0.40513392857142855 0.4087301587301587 0.024553571428571428 0.07142857142857142
1 0.4341517857142857 0.4126984126984127 0.033482142857142856 0.07142857142857142
1 0.45535714285714285 0.39285714285714285 0.026785714285714284 0.06349206349206349
1 0.4888392857142857 0.41865079365079366 0.04017857142857143 0.07539682539682539
1 0.5357142857142857 0.4126984126984127 0.03125 0.07142857142857142
1 0.5323660714285714 0.34325396825396826 0.033482142857142856 0.05952380952380952
1 0.6026785714285714 0.3531746031746032 0.03571428571428571 0.07936507936507936
1 0.7075892857142857 0.3253968253968254 0.03125 0.06349206349206349
1 0.7299107142857143 0.35912698412698413 0.03571428571428571 0.07539682539682539
1 0.8325892857142857 0.08928571428571429 0.08482142857142858 0.1388888888888889
1 0.052455357142857144 0.3551587301587302 0.060267857142857144 0.11507936507936507
1 0.04352678571428571 0.2718253968253968 0.029017857142857144 0.05952380952380952
1 0.03571428571428571 0.11904761904761904 0.03571428571428571 0.07142857142857142
1 0.21205357142857142 0.29365079365079366 0.026785714285714284 0.03968253968253968
1 0.3236607142857143 0.3115079365079365 0.03125 0.06746031746031746
1 0.40401785714285715 0.3273809523809524 0.03125 0.05952380952380952