1 0.08210180623973727 0.34610630407911 0.09688013136288999 0.18541409147095178
1 0.02832512315270936 0.38442521631644005 0.046798029556650245 0.09394313967861558
1 0.1481937602627258 0.40234857849196537 0.03694581280788178 0.07787391841779975
1 0.1781609195402299 0.4110012360939431 0.03940886699507389 0.07787391841779975
1 0.22085385878489328 0.3936959208899876 0.0361247947454844 0.07292954264524104
1 0.2742200328407225 0.40173053152039556 0.03940886699507389 0.08405438813349815
1 0.2532840722495895 0.3967861557478368 0.030377668308702793 0.04697156983930779
1 0.2959770114942529 0.39184177997527814 0.023809523809523808 0.049443757725587144
1 0.3390804597701149 0.4196538936959209 0.031198686371100164 0.05315203955500618
1 0.3279967159277504 0.4011124845488257 0.023809523809523808 0.04326328800988875
1 0.3682266009852217 0.41409147095179233 0.027093596059113302 0.0519159456118665
1 0.3944991789819376 0.4110012360939431 0.027093596059113302 0.05067985166872682
1 0.41420361247947457 0.39184177997527814 0.020525451559934318 0.042027194066749075
1 0.4343185550082102 0.39245982694684795 0.026272577996715927 0.0580964153275649
1 0.4618226600985222 0.40234857849196537 0.028735632183908046 0.05315203955500618
1 0.4819376026272578 0.3714462299134734 0.027914614121510674 0.048207663782447466
1 0.4942528735632184 0.4054388133498146 0.026272577996715927 0.049443757725587144
1 0.5119047619047619 0.41718170580964153 0.027093596059113302 0.05315203955500618
1 0.4905582922824302 0.45673671199011123 0.03858784893267652 0.06798516687268233
1 0.5328407224958949 0.40914709517923364 0.024630541871921183 0.0519159456118665
1 0.5488505747126436 0.4221260815822003 0.020525451559934318 0.04326328800988875
1 0.5648604269293924 0.3899876390605686 0.034482758620689655 0.0580964153275649
1 0.541871921182266 0.3825710754017305 0.021346469622331693 0.038318912237330034
1 0.569376026272578 0.45673671199011123 0.040229885057471264 0.06798516687268233
1 0.6009852216748769 0.41285537700865266 0.03284072249589491 0.06180469715698393
1 0.6428571428571429 0.4511742892459827 0.041050903119868636 0.07169344870210136
1 0.6174055829228243 0.3862793572311496 0.022988505747126436 0.04573547589616811
1 0.638752052545156 0.38875154511742893 0.022988505747126436 0.05067985166872682
1 0.6617405582922824 0.3794808405438813 0.029556650246305417 0.06674907292954264
1 0.6822660098522167 0.40296662546353523 0.022988505747126436 0.04449938195302843
1 0.7114121510673235 0.4085290482076638 0.03201970443349754 0.0630407911001236
1 0.7011494252873564 0.36711990111248455 0.027914614121510674 0.04449938195302843
1 0.7504105090311987 0.44561186650185414 0.03940886699507389 0.08034610630407911
1 0.7483579638752053 0.39060568603213847 0.035303776683087026 0.06180469715698393
1 0.7697044334975369 0.3831891223733004 0.023809523809523808 0.069221260815822
1 0.8325123152709359 0.3516687268232386 0.05090311986863711 0.10012360939431397
1 0.9154351395730707 0.37391841779975277 0.05747126436781609 0.10259579728059333
1 0.8587848932676518 0.3862793572311496 0.026272577996715927 0.0580964153275649
1 0.8160919540229885 0.3936959208899876 0.026272577996715927 0.05562422744128554
1 0.4051724137931034 0.5525339925834364 0.0451559934318555 0.07911001236093942
1 0.8226600985221675 0.7441285537700866 0.07060755336617405 0.1211372064276885
1 0.9392446633825944 0.7787391841779975 0.08538587848932677 0.14585908529048208