1 0.03828125 0.6637010676156584 0.0265625 0.08185053380782918
1 0.08828125 0.6850533807829181 0.0359375 0.09608540925266904
1 0.121875 0.802491103202847 0.059375 0.1601423487544484
1 0.17890625 0.7419928825622776 0.0421875 0.09608540925266904
1 0.3640625 0.902135231316726 0.075 0.16725978647686832
1 0.765625 0.9377224199288257 0.053125 0.10320284697508897
1 0.11015625 0.5106761565836299 0.0203125 0.03914590747330961
1 0.08359375 0.505338078291815 0.0140625 0.03558718861209965
1 0.20546875 0.5266903914590747 0.0140625 0.042704626334519574
1 0.23125 0.5088967971530249 0.0125 0.028469750889679714
1 0.27265625 0.5640569395017794 0.0171875 0.046263345195729534
1 0.23515625 0.5658362989323843 0.0140625 0.03558718861209965
1 0.25234375 0.5213523131672598 0.0109375 0.02491103202846975
1 0.3328125 0.5444839857651246 0.01875 0.03558718861209965
1 0.4 0.6281138790035588 0.034375 0.06761565836298933
1 0.4421875 0.6583629893238434 0.021875 0.06405693950177936
1 0.5046875 0.6779359430604982 0.025 0.06761565836298933
1 0.55 0.6370106761565836 0.01875 0.042704626334519574
1 0.5703125 0.5871886120996441 0.01875 0.042704626334519574
1 0.5890625 0.693950177935943 0.021875 0.0498220640569395
1 0.625 0.6512455516014235 0.025 0.07829181494661921
1 0.66875 0.6832740213523132 0.034375 0.09252669039145907
1 0.7140625 0.708185053380783 0.028125 0.07829181494661921
1 0.69765625 0.6423487544483986 0.0234375 0.05338078291814947
1 0.67421875 0.5818505338078291 0.0203125 0.05338078291814947
1 0.63203125 0.5658362989323843 0.0140625 0.0498220640569395
1 0.590625 0.5498220640569395 0.01875 0.03914590747330961
1 0.77890625 0.6174377224199288 0.0234375 0.060498220640569395
1 0.73828125 0.6672597864768683 0.0265625 0.07473309608540925
1 0.803125 0.7224199288256228 0.034375 0.08540925266903915
1 0.76328125 0.5818505338078291 0.0203125 0.046263345195729534
1 0.7921875 0.5462633451957295 0.015625 0.03914590747330961
1 0.809375 0.604982206405694 0.015625 0.03558718861209965
1 0.12734375 0.42526690391459077 0.0171875 0.03202846975088968
1 0.15625 0.41637010676156583 0.009375 0.03558718861209965