1 0.16041979010494753 0.617 0.07796101949025487 0.056
1 0.2391304347826087 0.5985 0.05547226386806597 0.047
1 0.36806596701649175 0.6325 0.08545727136431784 0.053
1 0.36881559220389803 0.5795 0.06296851574212893 0.041
1 0.3523238380809595 0.6915 0.13493253373313344 0.089
1 0.6821589205397302 0.5945 0.050974512743628186 0.039
1 0.7758620689655172 0.6275 0.06746626686656672 0.049
1 0.8335832083958021 0.5915 0.07796101949025487 0.041
1 0.9407796101949025 0.683 0.11544227886056972 0.092
1 0.9490254872563718 0.6305 0.08995502248875563 0.059
1 0.5742128935532234 0.492 0.050974512743628186 0.032