1 0.02 0.40168539325842695 0.0256 0.05337078651685393
1 0.2352 0.3279494382022472 0.0192 0.037921348314606744
1 0.262 0.33707865168539325 0.0216 0.0449438202247191
1 0.2856 0.35252808988764045 0.0208 0.047752808988764044
1 0.282 0.29985955056179775 0.0184 0.037921348314606744
1 0.336 0.3497191011235955 0.0224 0.047752808988764044
1 0.3744 0.33918539325842695 0.0192 0.037921348314606744
1 0.3696 0.31179775280898875 0.0176 0.033707865168539325
1 0.3536 0.28370786516853935 0.0176 0.03651685393258427
1 0.402 0.3300561797752809 0.0216 0.03651685393258427
1 0.4432 0.33286516853932585 0.0224 0.03932584269662921
1 0.406 0.2907303370786517 0.0168 0.03089887640449438
1 0.3972 0.2731741573033708 0.0152 0.026685393258426966
1 0.394 0.24648876404494383 0.0136 0.026685393258426966
1 0.4252 0.2731741573033708 0.0168 0.032303370786516857
1 0.422 0.2542134831460674 0.012 0.025280898876404494
1 0.4512 0.238061797752809 0.0128 0.026685393258426966
1 0.464 0.23384831460674158 0.0128 0.026685393258426966
1 0.4668 0.26474719101123595 0.0184 0.032303370786516857
1 0.4648 0.3012640449438202 0.0176 0.02949438202247191
1 0.4412 0.2991573033707865 0.02 0.033707865168539325
1 0.4948 0.2577247191011236 0.0168 0.02949438202247191
1 0.5136 0.30547752808988765 0.0192 0.0351123595505618
1 0.5412 0.27808988764044945 0.02 0.042134831460674156
1 0.5108 0.23946629213483145 0.0152 0.02949438202247191
1 0.5428 0.21839887640449437 0.0136 0.023876404494382022
1 0.5272 0.25912921348314605 0.016 0.02949438202247191
1 0.562 0.23525280898876405 0.0152 0.026685393258426966
1 0.5504 0.25070224719101125 0.0176 0.02949438202247191
1 0.5624 0.21558988764044945 0.0144 0.023876404494382022
1 0.5844 0.22401685393258428 0.0152 0.026685393258426966
1 0.5884 0.2422752808988764 0.0136 0.026685393258426966
1 0.6 0.199438202247191 0.0128 0.03089887640449438
1 0.616 0.20856741573033707 0.0128 0.026685393258426966
1 0.6284 0.21910112359550563 0.0152 0.028089887640449437
1 0.628 0.25 0.0144 0.03089887640449438
1 0.642 0.20786516853932585 0.012 0.019662921348314606
1 0.662 0.22401685393258428 0.0168 0.032303370786516857
1 0.6736 0.22120786516853932 0.0112 0.02949438202247191
1 0.6876 0.2478932584269663 0.0152 0.0351123595505618
1 0.6692 0.2577247191011236 0.0168 0.032303370786516857
1 0.626 0.28792134831460675 0.02 0.03932584269662921
1 0.5828 0.3223314606741573 0.0184 0.04353932584269663
1 0.5344 0.3946629213483146 0.0272 0.05337078651685393
1 0.5316 0.35252808988764045 0.0248 0.05056179775280899
1 0.4932 0.386938202247191 0.0264 0.06320224719101124
1 0.6032 0.42134831460674155 0.032 0.0702247191011236
1 0.5992 0.36657303370786515 0.0256 0.05337078651685393
1 0.6376 0.3258426966292135 0.0208 0.047752808988764044
1 0.6812 0.34480337078651685 0.0232 0.05196629213483146
1 0.6532 0.375 0.0264 0.06179775280898876
1 0.6528 0.43679775280898875 0.0352 0.0702247191011236
1 0.7012 0.4978932584269663 0.0408 0.08567415730337079
1 0.7092 0.28370786516853935 0.0152 0.03932584269662921
1 0.7332 0.2612359550561798 0.0152 0.033707865168539325
1 0.7276 0.2148876404494382 0.0152 0.03089887640449438
1 0.744 0.24297752808988765 0.0144 0.025280898876404494
1 0.7676 0.22542134831460675 0.0152 0.037921348314606744
1 0.7476 0.27457865168539325 0.0184 0.0351123595505618
1 0.7948 0.2907303370786517 0.0152 0.03932584269662921
1 0.7932 0.23525280898876405 0.0136 0.026685393258426966
1 0.7588 0.2556179775280899 0.0136 0.033707865168539325
1 0.7224 0.386938202247191 0.0256 0.054775280898876406
1 0.7556 0.4002808988764045 0.0264 0.056179775280898875
1 0.7932 0.35814606741573035 0.0232 0.05056179775280899
1 0.8264 0.4473314606741573 0.0352 0.06882022471910113
1 0.8164 0.5168539325842697 0.0392 0.0702247191011236
1 0.8916 0.4592696629213483 0.0328 0.0702247191011236
1 0.8992 0.39115168539325845 0.0272 0.05196629213483146
1 0.9084 0.34620786516853935 0.0184 0.037921348314606744
1 0.8544 0.35884831460674155 0.024 0.046348314606741575
1 0.8368 0.4023876404494382 0.024 0.04353932584269663
1 0.8304 0.2984550561797753 0.0176 0.037921348314606744
1 0.8392 0.27457865168539325 0.0144 0.02949438202247191
1 0.828 0.2478932584269663 0.016 0.032303370786516857
1 0.8588 0.24929775280898878 0.0136 0.032303370786516857
1 0.8748 0.2773876404494382 0.0168 0.037921348314606744
1 0.8532 0.3125 0.0168 0.037921348314606744
1 0.906 0.3103932584269663 0.0136 0.033707865168539325
1 0.9144 0.28651685393258425 0.0112 0.025280898876404494
1 0.9144 0.26896067415730335 0.016 0.032303370786516857