1 0.16887755102040816 0.24 0.1826530612244898 0.47333333333333333
1 0.24948979591836734 0.4066666666666667 0.05408163265306123 0.22666666666666666
1 0.3173469387755102 0.36666666666666664 0.05918367346938776 0.21333333333333335
1 0.3423469387755102 0.3 0.027551020408163266 0.1
1 0.4204081632653061 0.36 0.04693877551020408 0.16
1 0.49489795918367346 0.35 0.026530612244897958 0.10666666666666667
1 0.5551020408163265 0.32 0.026530612244897958 0.09333333333333334
1 0.5806122448979592 0.3 0.022448979591836733 0.09333333333333334
1 0.65 0.27 0.024489795918367346 0.09333333333333334
1 0.5903061224489796 0.5133333333333333 0.04795918367346939 0.20666666666666667
1 0.6188775510204082 0.46166666666666667 0.05 0.18333333333333332
1 0.5586734693877551 0.44166666666666665 0.0336734693877551 0.14333333333333334
1 0.7173469387755103 0.41833333333333333 0.11020408163265306 0.4033333333333333
1 0.6602040816326531 0.38666666666666666 0.0326530612244898 0.12666666666666668
1 0.8183673469387756 0.30833333333333335 0.024489795918367346 0.08333333333333333
1 0.8168367346938775 0.21333333333333335 0.019387755102040816 0.08
1 0.8948979591836734 0.27 0.0326530612244898 0.10666666666666667
1 0.9188775510204081 0.16666666666666666 0.02142857142857143 0.08
1 0.9581632653061225 0.25 0.03469387755102041 0.12666666666666668
1 0.9903061224489796 0.14666666666666667 0.019387755102040816 0.1
1 0.8948979591836734 0.5333333333333333 0.12448979591836734 0.4066666666666667