1 0.0375 0.4088888888888889 0.056666666666666664 0.12444444444444444
1 0.07833333333333334 0.5170370370370371 0.06166666666666667 0.1451851851851852
1 0.13083333333333333 0.5592592592592592 0.07666666666666666 0.16148148148148148
1 0.19791666666666666 0.654074074074074 0.11916666666666667 0.22666666666666666
1 0.22541666666666665 0.7340740740740741 0.12416666666666666 0.19111111111111112
1 0.2633333333333333 0.41703703703703704 0.06666666666666667 0.0962962962962963
1 0.31875 0.49703703703703705 0.07916666666666666 0.1348148148148148
1 0.3858333333333333 0.5148148148148148 0.06833333333333333 0.11407407407407408
1 0.43291666666666667 0.16444444444444445 0.0675 0.16
1 0.56125 0.4318518518518519 0.05583333333333333 0.11703703703703704
1 0.6570833333333334 0.7251851851851852 0.1275 0.25333333333333335
1 0.66 0.48814814814814816 0.1 0.18814814814814815
1 0.69 0.4192592592592593 0.058333333333333334 0.12148148148148148
1 0.7395833333333334 0.3888888888888889 0.0575 0.12
1 0.79125 0.4066666666666667 0.050833333333333335 0.09925925925925926
1 0.7895833333333333 0.5148148148148148 0.0825 0.1348148148148148
1 0.9308333333333333 0.43037037037037035 0.08166666666666667 0.15851851851851853
1 0.96375 0.38296296296296295 0.0625 0.1111111111111111