1 0.06968085106382979 0.36133768352365414 0.13297872340425532 0.44208809135399674
1 0.15 0.5350734094616639 0.04042553191489362 0.06199021207177814
1 0.20425531914893616 0.534257748776509 0.0425531914893617 0.0701468189233279
1 0.3468085106382979 0.5522022838499184 0.04042553191489362 0.0766721044045677
1 0.34627659574468084 0.5008156606851549 0.030851063829787233 0.048939641109298535
1 0.4015957446808511 0.5163132137030995 0.026595744680851064 0.05057096247960848
1 0.4271276595744681 0.5522022838499184 0.039361702127659576 0.0766721044045677
1 0.4420212765957447 0.5130505709624796 0.02872340425531915 0.057096247960848286
1 0.425531914893617 0.4926590538336052 0.023404255319148935 0.04567699836867863
1 0.47712765957446807 0.499184339314845 0.022340425531914895 0.03915171288743882
1 0.48829787234042554 0.5244698205546493 0.03404255319148936 0.0636215334420881
1 0.44148936170212766 0.4282218597063622 0.02127659574468085 0.040783034257748776
1 0.47712765957446807 0.4159869494290375 0.026595744680851064 0.04241435562805873
1 0.5090425531914894 0.43230016313213704 0.02446808510638298 0.04241435562805873
1 0.5452127659574468 0.4934747145187602 0.022340425531914895 0.04404567699836868
1 0.5542553191489362 0.4282218597063622 0.02127659574468085 0.040783034257748776
1 0.5691489361702128 0.5057096247960848 0.023404255319148935 0.052202283849918436
1 0.5723404255319149 0.566884176182708 0.03404255319148936 0.06688417618270799
1 0.6473404255319148 0.5799347471451876 0.03297872340425532 0.0701468189233279
1 0.5872340425531914 0.4265905383360522 0.023404255319148935 0.04404567699836868
1 0.6101063829787234 0.4396411092985318 0.02021276595744681 0.04730831973898858
1 0.6287234042553191 0.4176182707993475 0.019148936170212766 0.03588907014681892
1 0.6478723404255319 0.43882544861337686 0.023404255319148935 0.04567699836867863
1 0.6531914893617021 0.4110929853181077 0.02127659574468085 0.03915171288743882
1 0.674468085106383 0.4967373572593801 0.019148936170212766 0.037520391517128875
1 0.6808510638297872 0.43066884176182707 0.019148936170212766 0.03915171288743882
1 0.7143617021276596 0.5040783034257749 0.02872340425531915 0.06199021207177814
1 0.7271276595744681 0.6068515497553018 0.05851063829787234 0.10114192495921696
1 0.7531914893617021 0.5277324632952691 0.03404255319148936 0.057096247960848286
1 0.7579787234042553 0.4265905383360522 0.026595744680851064 0.04404567699836868
1 0.7946808510638298 0.5032626427406199 0.029787234042553193 0.04404567699836868
1 0.850531914893617 0.5391517128874388 0.039361702127659576 0.06688417618270799
1 0.8914893617021277 0.6729200652528549 0.06170212765957447 0.11582381729200653
1 0.975531914893617 0.5791190864600326 0.04893617021276596 0.09461663947797716
1 0.9117021276595745 0.5407830342577488 0.04468085106382979 0.0766721044045677
1 0.9521276595744681 0.5 0.04042553191489362 0.0701468189233279
1 0.8882978723404256 0.5146818923327896 0.031914893617021274 0.0636215334420881