1 0.264519535374868 0.2795497185741088 0.024287222808870117 0.0450281425891182
1 0.4582893347412883 0.21857410881801126 0.023231256599788808 0.03564727954971857
1 0.3474128827877508 0.23827392120075047 0.01689545934530095 0.0375234521575985
1 0.4910242872228089 0.12288930581613508 0.012671594508975714 0.020637898686679174
1 0.5401267159450898 0.13133208255159476 0.011615628299894404 0.02626641651031895
1 0.5464625131995776 0.13602251407129456 0.011615628299894404 0.020637898686679174
1 0.6267159450897571 0.19699812382739212 0.024287222808870117 0.04878048780487805
1 0.6034846884899683 0.25328330206378985 0.026399155227032733 0.0525328330206379
1 0.5406546990496304 0.3198874296435272 0.03167898627243928 0.06191369606003752
1 0.4799366420274551 0.2973733583489681 0.026399155227032733 0.054409005628517824
1 0.5850052798310454 0.38649155722326456 0.03167898627243928 0.05628517823639775
1 0.7761351636747624 0.2701688555347092 0.027455121436114043 0.0600375234521576
1 0.834741288278775 0.29080675422138835 0.026399155227032733 0.0600375234521576
1 0.8954593453009504 0.14634146341463414 0.012671594508975714 0.0225140712945591
1 0.9091869060190074 0.14634146341463414 0.014783526927138331 0.03377110694183865