1 0.06300133689839572 0.8035 0.09057486631016043 0.155
1 0.04979946524064171 0.688 0.06684491978609626 0.103
1 0.11831550802139038 0.6475 0.05213903743315508 0.07
1 0.09324866310160428 0.63425 0.03676470588235294 0.0665
1 0.20120320855614973 0.69425 0.08155080213903744 0.1325
1 0.2159090909090909 0.64175 0.04679144385026738 0.0815
1 0.2322860962566845 0.628 0.047459893048128345 0.075
1 0.28592914438502676 0.62225 0.043114973262032084 0.0675
1 0.3155080213903743 0.68375 0.0661764705882353 0.0825
1 0.3046457219251337 0.639 0.048462566844919786 0.07
1 0.3355614973262032 0.6005 0.03542780748663102 0.064
1 0.37266042780748665 0.624 0.04946524064171123 0.073
1 0.4264705882352941 0.66525 0.04946524064171123 0.0865
1 0.42062165775401067 0.599 0.04378342245989305 0.077
1 0.3557820855614973 0.4635 0.029745989304812835 0.056
1 0.3084893048128342 0.878 0.28342245989304815 0.244
1 0.5484625668449198 0.84175 0.1824866310160428 0.3165
1 0.5529745989304813 0.627 0.056483957219251334 0.098
1 0.6442179144385026 0.86625 0.08990641711229946 0.1655
1 0.7294451871657754 0.79525 0.08656417112299465 0.1365
1 0.7082219251336899 0.688 0.08155080213903744 0.122
1 0.7479946524064172 0.6475 0.06751336898395723 0.099
1 0.7819184491978609 0.60525 0.041109625668449196 0.0645
1 0.9149398395721925 0.84375 0.11196524064171123 0.2025
1 0.9039104278074866 0.709 0.09258021390374331 0.147
1 0.8676470588235294 0.6255 0.05213903743315508 0.107
1 0.883355614973262 0.59625 0.06684491978609626 0.0885
1 0.9744318181818182 0.66225 0.05113636363636364 0.1035
1 0.9690842245989305 0.78025 0.061831550802139035 0.1335