1 0.303125 0.235 0.1125 0.195
1 0.19140625 0.155 0.0546875 0.1
1 0.16796875 0.08125 0.0421875 0.0575
1 0.0453125 0.10625 0.040625 0.0625
1 0.24921875 0.0875 0.0609375 0.085
1 0.34296875 0.06125 0.0421875 0.0775
1 0.334375 0.02875 0.034375 0.0475
1 0.4359375 0.0725 0.05 0.07
1 0.58359375 0.245 0.1734375 0.365
1 0.49296875 0.215 0.1359375 0.265
1 0.82734375 0.3025 0.2796875 0.43
1 0.82890625 0.0425 0.0515625 0.08
1 0.8890625 0.03875 0.046875 0.0725
1 0.678125 0.04625 0.053125 0.0875
1 0.61171875 0.04625 0.0640625 0.0875
1 0.49765625 0.04 0.0359375 0.055
1 0.47109375 0.03 0.0296875 0.055
1 0.27265625 0.11625 0.0546875 0.0875
1 0.1375 0.07 0.025 0.05