0 0.6405135520684736 0.327970297029703 0.05991440798858773 0.12128712871287128
0 0.47574893009985736 0.2561881188118812 0.05563480741797432 0.10643564356435643
0 0.43009985734664763 0.19925742574257427 0.04992867332382311 0.09653465346534654
0 0.5470756062767475 0.15594059405940594 0.029957203994293864 0.08415841584158416
0 0.5656205420827389 0.21658415841584158 0.03566333808844508 0.07673267326732673
0 0.5805991440798859 0.13613861386138615 0.037089871611982884 0.07425742574257425
0 0.6640513552068473 0.21782178217821782 0.04992867332382311 0.07425742574257425
0 0.7068473609129815 0.1745049504950495 0.03851640513552068 0.09158415841584158
0 0.7275320970042796 0.1608910891089109 0.025677603423680456 0.06435643564356436
0 0.7860199714693296 0.1448019801980198 0.06276747503566334 0.11138613861386139
0 0.9215406562054208 0.1670792079207921 0.04850213980028531 0.10148514851485149
0 0.9764621968616263 0.08292079207920793 0.047075606276747506 0.09653465346534654
1 0.9700427960057061 0.26732673267326734 0.05991440798858773 0.19801980198019803