1 0.30666666666666664 0.63 0.10666666666666667 0.17
1 0.39 0.54 0.07 0.115
1 0.46416666666666667 0.35375 0.045 0.0875
1 0.5883333333333334 0.5075 0.07666666666666666 0.11
1 0.625 0.7075 0.13333333333333333 0.225
1 0.58 0.44 0.06 0.085
1 0.7108333333333333 0.45375 0.045 0.0825
1 0.74 0.49375 0.056666666666666664 0.0975
1 0.7858333333333334 0.42125 0.028333333333333332 0.0625
1 0.8533333333333334 0.43625 0.03666666666666667 0.0675
1 0.8541666666666666 0.53375 0.07833333333333334 0.1225
1 0.9366666666666666 0.49375 0.06 0.1025
1 0.9066666666666666 0.46 0.04 0.06
1 0.9783333333333334 0.47 0.04 0.07
1 0.9441666666666667 0.44 0.025 0.05
1 0.0675 0.57125 0.08166666666666667 0.1325
1 0.08416666666666667 0.87625 0.15833333333333333 0.2475