0 0.685 0.63125 0.07333333333333333 0.1025
0 0.71 0.40875 0.04 0.0775
0 0.42833333333333334 0.565 0.05 0.085
0 0.45916666666666667 0.44625 0.041666666666666664 0.0625
0 0.4816666666666667 0.43375 0.03 0.0625
0 0.545 0.425 0.03 0.06
0 0.8025 0.4075 0.035 0.065
0 0.8425 0.4 0.03833333333333333 0.065
0 0.9633333333333334 0.4075 0.03333333333333333 0.07
0 0.3125 0.39375 0.06166666666666667 0.1075
0 0.6016666666666667 0.34625 0.056666666666666664 0.1125
0 0.35583333333333333 0.465 0.03166666666666667 0.065
0 0.39416666666666667 0.435 0.035 0.07
0 0.22333333333333333 0.31 0.07333333333333333 0.125
0 0.12083333333333333 0.385 0.04833333333333333 0.075
0 0.015 0.4675 0.02666666666666667 0.06
0 0.011666666666666667 0.37 0.02 0.075