1 0.017333333333333333 0.367 0.032 0.07
1 0.078 0.44 0.07866666666666666 0.116
1 0.11666666666666667 0.451 0.04666666666666667 0.098
1 0.10866666666666666 0.368 0.06 0.088
1 0.19133333333333333 0.4 0.04666666666666667 0.088
1 0.09866666666666667 0.552 0.09333333333333334 0.148
1 0.07666666666666666 0.842 0.14533333333333334 0.264
1 0.2673333333333333 0.49 0.068 0.104
1 0.29933333333333334 0.55 0.08933333333333333 0.156
1 0.3466666666666667 0.41 0.05333333333333334 0.092
1 0.36666666666666664 0.374 0.042666666666666665 0.076
1 0.48733333333333334 0.332 0.036 0.076
1 0.5446666666666666 0.36 0.044 0.084
1 0.588 0.346 0.04 0.076
1 0.6766666666666666 0.371 0.05466666666666667 0.102
1 0.5253333333333333 0.678 0.10933333333333334 0.176
1 0.7333333333333333 0.626 0.104 0.156
1 0.842 0.428 0.06533333333333333 0.112
1 0.894 0.431 0.084 0.154