1 0.02662037037037037 0.4122942386831276 0.05246913580246913 0.073559670781893
1 0.10146604938271606 0.48996913580246915 0.06558641975308642 0.08590534979423868
1 0.09625771604938271 0.5833333333333334 0.08834876543209877 0.11522633744855967
1 0.14911265432098766 0.43184156378600824 0.047453703703703706 0.0684156378600823
1 0.1558641975308642 0.3904320987654321 0.040123456790123455 0.05246913580246913
1 0.27353395061728397 0.5509259259259259 0.07098765432098765 0.10082304526748971
1 0.314429012345679 0.4323559670781893 0.0470679012345679 0.06738683127572016
1 0.28125 0.4102366255144033 0.04243827160493827 0.06532921810699588
1 0.3279320987654321 0.29835390946502055 0.031635802469135804 0.04938271604938271
1 0.4675925925925926 0.4642489711934156 0.06095679012345679 0.0889917695473251
1 0.4533179012345679 0.4400720164609053 0.047839506172839504 0.07047325102880658
1 0.4542824074074074 0.6584362139917695 0.09837962962962964 0.1419753086419753
1 0.5532407407407407 0.6059670781893004 0.07330246913580248 0.1183127572016461
1 0.8524305555555556 0.73559670781893 0.13773148148148148 0.1697530864197531
1 0.9681712962962963 0.6100823045267489 0.06365740740740741 0.12037037037037036
1 0.8483796296296297 0.3433641975308642 0.04552469135802469 0.07047325102880658