1 0.11303298471440064 0.4892086330935252 0.04746580852775543 0.11510791366906475
1 0.1999195494770716 0.31384892086330934 0.02011263073209976 0.052158273381294966
1 0.22646822204344327 0.3057553956834532 0.02172164119066774 0.06115107913669065
1 0.26629123089300083 0.25089928057553956 0.02252614641995173 0.052158273381294966
1 0.3061142397425583 0.25449640287769787 0.01850362027353178 0.048561151079136694
1 0.3254223652453741 0.24730215827338128 0.02011263073209976 0.05935251798561151
1 0.31134352373290425 0.22482014388489208 0.02091713596138375 0.046762589928057555
1 0.3471440064360418 0.2221223021582734 0.016894609814963796 0.052158273381294966
1 0.3700724054706356 0.2805755395683453 0.02413515687851971 0.06115107913669065
1 0.36283185840707965 0.2077338129496403 0.017699115044247787 0.044964028776978415
1 0.38817377312952533 0.19964028776978418 0.01850362027353178 0.050359712230215826
1 0.39662107803700725 0.25539568345323743 0.019308125502815767 0.0539568345323741
1 0.42880128720836685 0.20503597122302158 0.016090104585679808 0.04316546762589928
1 0.4259855189058729 0.16996402877697842 0.016894609814963796 0.03776978417266187
1 0.4460981496379727 0.16366906474820145 0.016894609814963796 0.046762589928057555
1 0.4678197908286404 0.256294964028777 0.02333065164923572 0.05935251798561151
1 0.4364440868865648 0.329136690647482 0.02333065164923572 0.06115107913669065
1 0.49396621078037006 0.21492805755395683 0.019308125502815767 0.05575539568345324
1 0.48551890587288815 0.1681654676258993 0.01850362027353178 0.044964028776978415
1 0.49356395816572807 0.1564748201438849 0.013676588897827836 0.03597122302158273
1 0.5164923572003218 0.17086330935251798 0.02091713596138375 0.050359712230215826
1 0.5305711987127917 0.2392086330935252 0.0249396621078037 0.05755395683453238
1 0.5530973451327433 0.14118705035971224 0.016894609814963796 0.048561151079136694
1 0.5619469026548672 0.1735611510791367 0.016894609814963796 0.04136690647482014
1 0.5724054706355591 0.210431654676259 0.02172164119066774 0.0539568345323741
1 0.581255028157683 0.1789568345323741 0.01850362027353178 0.048561151079136694
1 0.580048270313757 0.13758992805755396 0.017699115044247787 0.04136690647482014
1 0.5961383748994369 0.11870503597122302 0.016090104585679808 0.046762589928057555
1 0.6033789219629928 0.1960431654676259 0.016090104585679808 0.050359712230215826
1 0.6061946902654868 0.1618705035971223 0.015285599356395816 0.03597122302158273
1 0.6218825422365245 0.20413669064748202 0.017699115044247787 0.044964028776978415
1 0.6319388576025744 0.1303956834532374 0.015285599356395816 0.04136690647482014
1 0.6520514883346742 0.1528776978417266 0.013676588897827836 0.046762589928057555
1 0.6592920353982301 0.19244604316546762 0.016894609814963796 0.04316546762589928
1 0.665728077232502 0.14028776978417265 0.015285599356395816 0.046762589928057555
1 0.6878519710378117 0.13848920863309352 0.012872083668543845 0.039568345323741004
1 0.7139983909895414 0.15827338129496402 0.015285599356395816 0.04316546762589928
1 0.6878519710378117 0.17985611510791366 0.016090104585679808 0.039568345323741004
1 0.5724054706355591 0.35611510791366907 0.02333065164923572 0.07913669064748201
1 0.6037811745776348 0.3902877697841727 0.02815768302493966 0.07553956834532374
1 0.6186645213193885 0.31115107913669066 0.02574416733708769 0.0683453237410072
1 0.6552695092518102 0.2670863309352518 0.0249396621078037 0.06294964028776978
1 0.6613032984714401 0.42176258992805754 0.028962188254223652 0.07014388489208633
1 0.7095736122284795 0.2185251798561151 0.016090104585679808 0.044964028776978415
1 0.7240547063555913 0.2715827338129496 0.02091713596138375 0.0539568345323741
1 0.7481898632341111 0.30755395683453235 0.02091713596138375 0.05755395683453238
1 0.7405470635559132 0.2446043165467626 0.02172164119066774 0.05755395683453238
1 0.7554304102976669 0.210431654676259 0.016090104585679808 0.046762589928057555
1 0.7755430410297667 0.21492805755395683 0.017699115044247787 0.044964028776978415
1 0.8073209975864843 0.19694244604316546 0.02011263073209976 0.044964028776978415
1 0.7928399034593725 0.27068345323741005 0.02011263073209976 0.06294964028776978
1 0.8137570394207563 0.3129496402877698 0.02333065164923572 0.06115107913669065
1 0.8161705551086083 0.2329136690647482 0.016894609814963796 0.044964028776978415
1 0.831858407079646 0.2239208633093525 0.014481094127111826 0.044964028776978415
1 0.8672566371681416 0.23741007194244604 0.012872083668543845 0.04316546762589928
1 0.7280772325020113 0.4199640287769784 0.032180209171359615 0.0737410071942446
1 0.7936444086886565 0.4829136690647482 0.039420756234915526 0.10611510791366907
1 0.8656476267095736 0.5233812949640287 0.038616251005631534 0.09352517985611511
1 0.8781174577634755 0.4631294964028777 0.029766693483507644 0.07733812949640288
1 0.8572003218020917 0.35251798561151076 0.01850362027353178 0.05755395683453238
1 0.8704746580852776 0.335431654676259 0.019308125502815767 0.05935251798561151
1 0.8857602574416734 0.28327338129496404 0.02252614641995173 0.05575539568345324
1 0.9006436041834271 0.26798561151079137 0.015285599356395816 0.039568345323741004
1 0.9074818986323411 0.23741007194244604 0.019308125502815767 0.046762589928057555
1 0.9360418342719228 0.2805755395683453 0.015285599356395816 0.04316546762589928
1 0.9485116653258246 0.25719424460431656 0.012872083668543845 0.039568345323741004
1 0.9300080450522928 0.34802158273381295 0.019308125502815767 0.05575539568345324
1 0.9485116653258246 0.4028776978417266 0.019308125502815767 0.06115107913669065
1 0.9525341914722446 0.46492805755395683 0.02413515687851971 0.07733812949640288
1 0.9746580852775543 0.38758992805755393 0.016894609814963796 0.052158273381294966
1 0.9637972646822205 0.33992805755395683 0.016090104585679808 0.046762589928057555
1 0.9754625905068383 0.32194244604316546 0.013676588897827836 0.04316546762589928
1 0.9859211584875301 0.2949640287769784 0.01850362027353178 0.046762589928057555