1 0.21730950141110067 0.3579638752052545 0.045155221072436504 0.09852216748768473
1 0.29303857008466605 0.2545155993431856 0.017873941674506115 0.03284072249589491
1 0.3532455315145814 0.22413793103448276 0.01599247412982126 0.031198686371100164
1 0.43603010348071497 0.2791461412151067 0.021636876763875823 0.03940886699507389
1 0.35230479774223894 0.270935960591133 0.023518344308560677 0.042692939244663386
1 0.3913452492944497 0.22085385878489328 0.016933207902163686 0.027914614121510674
1 0.3927563499529633 0.1962233169129721 0.01975540921919097 0.027914614121510674
1 0.42850423330197557 0.2200328407224959 0.01599247412982126 0.0361247947454844
1 0.4487300094073377 0.22988505747126436 0.016933207902163686 0.0361247947454844
1 0.431796801505174 0.17405582922824303 0.01317027281279398 0.0361247947454844
1 0.45625587958607716 0.15188834154351397 0.01317027281279398 0.027914614121510674
1 0.47318908748824084 0.20032840722495895 0.016933207902163686 0.029556650246305417
1 0.4506114769520226 0.1962233169129721 0.015051740357478834 0.027914614121510674
1 0.4891815616180621 0.16584564860426929 0.01317027281279398 0.022988505747126436
1 0.5084666039510819 0.17077175697865354 0.012229539040451553 0.026272577996715927
1 0.5230479774223895 0.1469622331691297 0.01317027281279398 0.027914614121510674
1 0.49200376293508935 0.13628899835796388 0.00940733772342427 0.022988505747126436
1 0.5047036688617121 0.2044334975369458 0.014111006585136407 0.027914614121510674
1 0.5399811853245532 0.2044334975369458 0.016933207902163686 0.027914614121510674
1 0.5545625587958608 0.16748768472906403 0.014111006585136407 0.0361247947454844
1 0.5729068673565381 0.16502463054187191 0.01317027281279398 0.031198686371100164
1 0.544214487300094 0.13218390804597702 0.010348071495766699 0.021346469622331693
1 0.5649106302916275 0.12479474548440066 0.010348071495766699 0.026272577996715927
1 0.5856067732831609 0.15517241379310345 0.017873941674506115 0.03776683087027915
1 0.5936030103480715 0.06157635467980296 0.011288805268109126 0.021346469622331693
1 0.6444026340545626 0.060755336617405585 0.00940733772342427 0.019704433497536946
1 0.6923800564440263 0.05829228243021346 0.01317027281279398 0.027914614121510674
1 0.6222953904045155 0.11904761904761904 0.010348071495766699 0.021346469622331693
1 0.6157102539981185 0.13628899835796388 0.010348071495766699 0.022988505747126436
1 0.48777046095954846 0.3243021346469622 0.023518344308560677 0.03776683087027915
1 0.559266227657573 0.29310344827586204 0.021636876763875823 0.05090311986863711
1 0.5738476011288806 0.2602627257799672 0.016933207902163686 0.034482758620689655
1 0.616650987770461 0.2561576354679803 0.017873941674506115 0.04597701149425287
1 0.6218250235183443 0.2134646962233169 0.01881467544684854 0.03940886699507389
1 0.6208842897460018 0.3243021346469622 0.030103480714957668 0.060755336617405585
1 0.6843838193791157 0.3275862068965517 0.023518344308560677 0.054187192118226604
1 0.6716839134524929 0.2676518883415435 0.020696142991533398 0.04926108374384237
1 0.7210724365004704 0.2881773399014778 0.023518344308560677 0.047619047619047616
1 0.7845719661335842 0.3160919540229885 0.02634054562558796 0.047619047619047616
1 0.6801505174035748 0.21674876847290642 0.020696142991533398 0.03284072249589491
1 0.7220131702728128 0.21839080459770116 0.01975540921919097 0.0361247947454844
1 0.706961429915334 0.18801313628899835 0.014111006585136407 0.031198686371100164
1 0.6890874882408279 0.16420361247947454 0.014111006585136407 0.03284072249589491
1 0.6984948259642522 0.11247947454844007 0.010348071495766699 0.031198686371100164
1 0.715898400752587 0.14614121510673234 0.015051740357478834 0.03284072249589491
1 0.7412982126058325 0.17077175697865354 0.016933207902163686 0.029556650246305417
1 0.7441204139228599 0.13218390804597702 0.01317027281279398 0.027914614121510674
1 0.7624647224835371 0.15188834154351397 0.012229539040451553 0.031198686371100164
1 0.7638758231420508 0.11822660098522167 0.011288805268109126 0.022988505747126436
1 0.770931326434619 0.06732348111658457 0.012229539040451553 0.026272577996715927
1 0.8400752587017873 0.07307060755336617 0.015051740357478834 0.031198686371100164
1 0.8080903104421449 0.13382594417077176 0.011288805268109126 0.031198686371100164
1 0.7845719661335842 0.1272577996715928 0.011288805268109126 0.024630541871921183
1 0.7568203198494826 0.1896551724137931 0.023518344308560677 0.041050903119868636
1 0.8099717779868297 0.18801313628899835 0.015051740357478834 0.03776683087027915
1 0.8278457196613358 0.17159277504105092 0.01317027281279398 0.034482758620689655
1 0.8584195672624647 0.1921182266009852 0.01599247412982126 0.03940886699507389
1 0.883349012229539 0.22660098522167488 0.020696142991533398 0.04926108374384237
1 0.894167450611477 0.1986863711001642 0.014111006585136407 0.0361247947454844
1 0.9303857008466604 0.1863711001642036 0.015051740357478834 0.03776683087027915
1 0.9181561618062088 0.13464696223316913 0.011288805268109126 0.03284072249589491
1 0.8791157102539982 0.12889983579638753 0.014111006585136407 0.027914614121510674
1 0.4656632173095014 0.16420361247947454 0.015051740357478834 0.03284072249589491