1 0.11645021645021646 0.5553129548762736 0.03896103896103896 0.08005822416302766
1 0.22034632034632035 0.34643377001455605 0.019913419913419914 0.034934497816593885
1 0.258008658008658 0.35152838427947597 0.01904761904761905 0.039301310043668124
1 0.27705627705627706 0.38064046579330424 0.02077922077922078 0.04512372634643377
1 0.27965367965367965 0.3129548762736536 0.01904761904761905 0.034934497816593885
1 0.33116883116883117 0.363901018922853 0.023376623376623377 0.05240174672489083
1 0.35194805194805195 0.33406113537117904 0.019913419913419914 0.036390101892285295
1 0.3497835497835498 0.29985443959243085 0.017316017316017316 0.03202328966521106
1 0.38051948051948054 0.3500727802037846 0.023376623376623377 0.04512372634643377
1 0.41385281385281386 0.33551673944687044 0.024242424242424242 0.042212518195050945
1 0.4458874458874459 0.3384279475982533 0.022510822510822513 0.039301310043668124
1 0.4051948051948052 0.29839883551673946 0.01904761904761905 0.03202328966521106
1 0.3904761904761905 0.26419213973799127 0.017316017316017316 0.03056768558951965
1 0.42727272727272725 0.259825327510917 0.01471861471861472 0.03056768558951965
1 0.4484848484848485 0.26346433770014555 0.017316017316017316 0.034934497816593885
1 0.47056277056277057 0.2700145560407569 0.01645021645021645 0.03056768558951965
1 0.48008658008658006 0.31513828238719066 0.021645021645021644 0.036390101892285295
1 0.5095238095238095 0.32751091703056767 0.021645021645021644 0.040756914119359534
1 0.4627705627705628 0.24818049490538574 0.012987012987012988 0.03056768558951965
1 0.4714285714285714 0.23871906841339155 0.01471861471861472 0.023289665211062592
1 0.512987012987013 0.2663755458515284 0.01818181818181818 0.02911208151382824
1 0.5277056277056277 0.27729257641921395 0.01818181818181818 0.033478893740902474
1 0.5606060606060606 0.2889374090247453 0.023376623376623377 0.04512372634643377
1 0.5393939393939394 0.24963609898107714 0.02077922077922078 0.033478893740902474
1 0.564069264069264 0.2321688500727802 0.01645021645021645 0.033478893740902474
1 0.5796536796536796 0.22561863173216884 0.012987012987012988 0.026200873362445413
1 0.5852813852813853 0.2292576419213974 0.012121212121212121 0.027656477438136828
1 0.5952380952380952 0.23871906841339155 0.01471861471861472 0.026200873362445413
1 0.5909090909090909 0.2685589519650655 0.01818181818181818 0.033478893740902474
1 0.6138528138528139 0.25836972343522563 0.017316017316017316 0.033478893740902474
1 0.6108225108225108 0.22416302765647744 0.01645021645021645 0.02911208151382824
1 0.6168831168831169 0.21033478893740903 0.012987012987012988 0.03056768558951965
1 0.6398268398268399 0.21688500727802038 0.013852813852813853 0.02911208151382824
1 0.6519480519480519 0.22561863173216884 0.015584415584415584 0.03202328966521106
1 0.658008658008658 0.24818049490538574 0.015584415584415584 0.027656477438136828
1 0.6883116883116883 0.23071324599708878 0.015584415584415584 0.03056768558951965
1 0.6865800865800866 0.21179039301310043 0.013852813852813853 0.024745269286754003
1 0.6995670995670996 0.2292576419213974 0.013852813852813853 0.03056768558951965
1 0.6857142857142857 0.2816593886462882 0.01904761904761905 0.036390101892285295
1 0.6493506493506493 0.3034934497816594 0.01904761904761905 0.042212518195050945
1 0.6125541125541125 0.3304221251819505 0.02683982683982684 0.05240174672489083
1 0.5450216450216451 0.36171761280931586 0.02683982683982684 0.053857350800582245
1 0.48398268398268396 0.4126637554585153 0.0329004329004329 0.06841339155749636
1 0.554978354978355 0.4090247452692867 0.03636363636363636 0.055312954876273655
1 0.6155844155844156 0.38573508005822416 0.025974025974025976 0.055312954876273655
1 0.606926406926407 0.45924308588064044 0.0329004329004329 0.06841339155749636
1 0.6489177489177489 0.4781659388646288 0.03896103896103896 0.07423580786026202
1 0.6688311688311688 0.3697234352256186 0.02683982683982684 0.0611353711790393
1 0.7051948051948052 0.3682678311499272 0.023376623376623377 0.05240174672489083
1 0.6987012987012987 0.32096069868995636 0.01904761904761905 0.039301310043668124
1 0.7194805194805195 0.302037845705968 0.017316017316017316 0.039301310043668124
1 0.7216450216450216 0.2561863173216885 0.01471861471861472 0.02911208151382824
1 0.7506493506493507 0.2554585152838428 0.01904761904761905 0.033478893740902474
1 0.7623376623376623 0.24163027656477437 0.01471861471861472 0.02911208151382824
1 0.7935064935064935 0.264919941775837 0.01471861471861472 0.026200873362445413
1 0.8021645021645022 0.23944687045123728 0.01645021645021645 0.033478893740902474
1 0.8025974025974026 0.2889374090247453 0.017316017316017316 0.033478893740902474
1 0.8333333333333334 0.24890829694323144 0.01645021645021645 0.03784570596797671
1 0.8307359307359308 0.29912663755458513 0.01818181818181818 0.039301310043668124
1 0.8372294372294372 0.3660844250363901 0.025974025974025976 0.048034934497816595
1 0.8064935064935065 0.43522561863173215 0.02683982683982684 0.0611353711790393
1 0.7372294372294372 0.4104803493449782 0.032034632034632034 0.05822416302765648
1 0.7194805194805195 0.5407569141193596 0.03982683982683983 0.07714701601164484
1 0.8406926406926407 0.5189228529839883 0.0329004329004329 0.07423580786026202
1 0.8653679653679653 0.4796215429403202 0.030303030303030304 0.06550218340611354
1 0.8844155844155844 0.4017467248908297 0.025108225108225107 0.05822416302765648
1 0.8974025974025974 0.3406113537117904 0.019913419913419914 0.043668122270742356
1 0.8688311688311688 0.3296943231441048 0.021645021645021644 0.039301310043668124
1 0.8705627705627705 0.27510917030567683 0.01471861471861472 0.03202328966521106
1 0.8653679653679653 0.25836972343522563 0.01471861471861472 0.027656477438136828
1 0.8848484848484849 0.2794759825327511 0.013852813852813853 0.03202328966521106
1 0.9056277056277057 0.259825327510917 0.013852813852813853 0.03056768558951965
1 0.9242424242424242 0.2940320232896652 0.01471861471861472 0.034934497816593885
1 0.9134199134199135 0.32532751091703055 0.015584415584415584 0.039301310043668124
1 0.9415584415584416 0.3318777292576419 0.01645021645021645 0.034934497816593885
1 0.9406926406926407 0.30858806404657935 0.012987012987012988 0.03202328966521106
1 0.9636363636363636 0.31077147016011647 0.013852813852813853 0.033478893740902474
1 0.9679653679653679 0.28093158660844253 0.015584415584415584 0.03202328966521106
1 0.9593073593073593 0.35880640465793306 0.01904761904761905 0.04512372634643377
1 0.9502164502164502 0.4723435225618632 0.032034632034632034 0.07423580786026202