1 0.27217391304347827 0.43213457076566125 0.10434782608695652 0.17749419953596288
1 0.42043478260869566 0.4280742459396752 0.08956521739130435 0.1368909512761021
1 0.5408695652173913 0.3561484918793503 0.04869565217391304 0.07888631090487239
1 0.6460869565217391 0.5301624129930395 0.1391304347826087 0.21345707656612528
1 0.7147826086956521 0.40835266821345706 0.08521739130434783 0.1554524361948956
1 0.7339130434782609 0.33584686774941996 0.04695652173913043 0.07540603248259861
1 0.768695652173913 0.3694895591647332 0.05217391304347826 0.09164733178654293
1 0.8165217391304348 0.34106728538283065 0.04869565217391304 0.08352668213457076
1 0.85 0.3068445475638051 0.0391304347826087 0.0568445475638051
1 0.8317391304347826 0.2848027842227378 0.028695652173913042 0.042923433874709975
1 0.898695652173913 0.29466357308584684 0.021739130434782608 0.04640371229698376
1 0.9234782608695652 0.3213457076566125 0.04 0.060324825986078884
1 0.9408695652173913 0.2877030162412993 0.03130434782608696 0.048723897911832945
1 0.9856521739130435 0.2952436194895592 0.028695652173913042 0.054524361948955914