1 0.10738168724279835 0.9104938271604939 0.19470164609053497 0.17901234567901234
1 0.23508230452674897 0.8485725308641975 0.1383744855967078 0.24729938271604937
1 0.399048353909465 0.7046682098765432 0.09799382716049383 0.2056327160493827
1 0.4949845679012346 0.6734182098765432 0.07587448559670781 0.1385030864197531
1 0.5655864197530864 0.6234567901234568 0.061213991769547324 0.12191358024691358
1 0.6256430041152263 0.5378086419753086 0.048096707818930044 0.08256172839506173
1 0.8560956790123457 0.3777006172839506 0.0779320987654321 0.125
1 0.707690329218107 0.5368441358024691 0.03009259259259259 0.055169753086419755
1 0.7563014403292181 0.4888117283950617 0.017232510288065845 0.04089506172839506
1 0.6340020576131687 0.4851466049382716 0.023148148148148147 0.03973765432098766
1 0.6468621399176955 0.47434413580246915 0.01954732510288066 0.03665123456790124
1 0.6579218106995884 0.46122685185185186 0.023662551440329218 0.03356481481481482
1 0.6131687242798354 0.48726851851851855 0.021604938271604937 0.041666666666666664
1 0.5902777777777778 0.49517746913580246 0.0257201646090535 0.048996913580246916
1 0.5600565843621399 0.5169753086419753 0.030606995884773662 0.05941358024691358
1 0.5133744855967078 0.5623070987654321 0.05298353909465021 0.09375
1 0.4441872427983539 0.5383873456790124 0.04372427983539095 0.08757716049382716
1 0.3722993827160494 0.5466820987654321 0.052726337448559674 0.08950617283950617
1 0.2620884773662551 0.5852623456790124 0.05915637860082305 0.09182098765432099
1 0.14248971193415638 0.6516203703703703 0.07716049382716049 0.12191358024691358
1 0.16859567901234568 0.578125 0.06095679012345679 0.10841049382716049
1 0.45781893004115226 0.47627314814814814 0.027777777777777776 0.061342592592592594
1 0.48315329218106995 0.4826388888888889 0.017232510288065845 0.036265432098765434
1 0.5171039094650206 0.4847608024691358 0.022890946502057613 0.04050925925925926
1 0.5370370370370371 0.4670138888888889 0.022119341563786008 0.04050925925925926
1 0.5599279835390947 0.45601851851851855 0.022119341563786008 0.041666666666666664
1 0.5874485596707819 0.44502314814814814 0.020061728395061727 0.03665123456790124
1 0.5032150205761317 0.45023148148148145 0.018775720164609055 0.032407407407407406
1 0.4094650205761317 0.45717592592592593 0.02417695473251029 0.041666666666666664
1 0.4386574074074074 0.43036265432098764 0.016203703703703703 0.02816358024691358
1 0.380272633744856 0.4564043209876543 0.021347736625514403 0.0470679012345679
1 0.3361625514403292 0.46161265432098764 0.022119341563786008 0.04282407407407408
1 0.2943672839506173 0.44502314814814814 0.024948559670781894 0.04513888888888889
1 0.27739197530864196 0.5108024691358025 0.04089506172839506 0.06172839506172839
1 0.31430041152263377 0.4268904320987654 0.020061728395061727 0.03973765432098766
1 0.22042181069958847 0.5086805555555556 0.04938271604938271 0.0783179012345679
1 0.12770061728395063 0.5378086419753086 0.04449588477366255 0.07175925925925926
1 0.1396604938271605 0.4722222222222222 0.04526748971193416 0.06172839506172839
1 0.0577417695473251 0.4695216049382716 0.048096707818930044 0.07484567901234568
1 0.02147633744855967 0.5362654320987654 0.03832304526748971 0.10648148148148148
1 0.06674382716049383 0.4029706790123457 0.022890946502057613 0.045910493827160496
1 0.047196502057613166 0.3726851851851852 0.014660493827160493 0.02700617283950617
1 0.018132716049382717 0.36323302469135804 0.017232510288065845 0.02507716049382716
1 0.08616255144032922 0.38040123456790126 0.01594650205761317 0.026234567901234566
1 0.1087962962962963 0.4012345679012346 0.01954732510288066 0.034722222222222224
1 0.1293724279835391 0.38290895061728397 0.01594650205761317 0.02507716049382716
1 0.15329218106995884 0.38136574074074076 0.013888888888888888 0.025848765432098766
1 0.14776234567901234 0.4089506172839506 0.019290123456790122 0.035493827160493825
1 0.16345164609053497 0.373070987654321 0.014660493827160493 0.023919753086419752
1 0.1926440329218107 0.3883101851851852 0.020061728395061727 0.03356481481481482
1 0.23083847736625515 0.4012345679012346 0.018775720164609055 0.032407407407407406
1 0.25372942386831276 0.4122299382716049 0.017232510288065845 0.03125
1 0.22003600823045266 0.39969135802469136 0.015174897119341564 0.018518518518518517