1 0.21216617210682492 0.36695652173913046 0.04648862512363996 0.08
1 0.31701285855588524 0.23304347826086957 0.01483679525222552 0.03130434782608696
1 0.3323442136498516 0.18869565217391304 0.01582591493570722 0.029565217391304348
1 0.36053412462908013 0.19478260869565217 0.01483679525222552 0.03130434782608696
1 0.42037586547972305 0.2008695652173913 0.01582591493570722 0.03304347826086956
1 0.4208704253214639 0.17391304347826086 0.016815034619188922 0.02434782608695652
1 0.4277942631058358 0.15217391304347827 0.012858555885262116 0.022608695652173914
1 0.4540059347181009 0.20869565217391303 0.017804154302670624 0.03130434782608696
1 0.48911968348170126 0.21739130434782608 0.020771513353115726 0.03130434782608696
1 0.4812067260138477 0.18869565217391304 0.016815034619188922 0.029565217391304348
1 0.46834817012858554 0.17652173913043478 0.01483679525222552 0.02608695652173913
1 0.45845697329376855 0.17391304347826086 0.012858555885262116 0.02782608695652174
1 0.45252225519287836 0.1582608695652174 0.012858555885262116 0.020869565217391306
1 0.4638971315529179 0.14347826086956522 0.011869436201780416 0.019130434782608695
1 0.49851632047477745 0.1408695652173913 0.011869436201780416 0.017391304347826087
1 0.503461918892186 0.12434782608695652 0.009891196834817012 0.019130434782608695
1 0.5178041543026706 0.14782608695652175 0.010880316518298714 0.02434782608695652
1 0.5079129574678536 0.1608695652173913 0.012858555885262116 0.02608695652173913
1 0.5286844708209694 0.13391304347826086 0.010880316518298714 0.02434782608695652
1 0.5346191889218596 0.14956521739130435 0.012858555885262116 0.02782608695652174
1 0.5514342235410484 0.16521739130434782 0.01483679525222552 0.02782608695652174
1 0.5415430267062314 0.18347826086956523 0.016815034619188922 0.029565217391304348
1 0.5504451038575667 0.12521739130434784 0.010880316518298714 0.020869565217391306
1 0.5712166172106825 0.15304347826086956 0.012858555885262116 0.02434782608695652
1 0.5633036597428289 0.1608695652173913 0.010880316518298714 0.02608695652173913
1 0.5890207715133531 0.12 0.012858555885262116 0.02782608695652174
1 0.612759643916914 0.10434782608695652 0.012858555885262116 0.020869565217391306
1 0.6097922848664689 0.13652173913043478 0.012858555885262116 0.029565217391304348
1 0.5974282888229476 0.1565217391304348 0.01582591493570722 0.02782608695652174
1 0.5870425321463897 0.17652173913043478 0.016815034619188922 0.029565217391304348
1 0.5751730959446093 0.24782608695652175 0.018793273986152326 0.036521739130434785
1 0.5128585558852621 0.2991304347826087 0.020771513353115726 0.03826086956521739
1 0.5999010880316519 0.30695652173913046 0.028684470820969338 0.057391304347826085
1 0.6280909990108803 0.1582608695652174 0.013847675568743818 0.03130434782608696
1 0.6439169139465876 0.11739130434782609 0.009891196834817012 0.022608695652173914
1 0.6503461918892186 0.10782608695652174 0.010880316518298714 0.020869565217391306
1 0.6701285855588526 0.11478260869565217 0.010880316518298714 0.02782608695652174
1 0.6735905044510386 0.11217391304347826 0.009891196834817012 0.019130434782608695
1 0.7022749752720079 0.11739130434782609 0.011869436201780416 0.022608695652173914
1 0.6562809099901088 0.14347826086956522 0.012858555885262116 0.02608695652173913
1 0.6735905044510386 0.18 0.01582591493570722 0.036521739130434785
1 0.6785361028684471 0.21043478260869566 0.017804154302670624 0.034782608695652174
1 0.6335311572700296 0.2165217391304348 0.018793273986152326 0.04
1 0.6295746785361028 0.26521739130434785 0.018793273986152326 0.036521739130434785
1 0.679030662710188 0.27391304347826084 0.020771513353115726 0.036521739130434785
1 0.6770524233432246 0.3191304347826087 0.028684470820969338 0.06086956521739131
1 0.718595450049456 0.3826086956521739 0.03066271018793274 0.06260869565217392
1 0.8343224530168151 0.40956521739130436 0.03461918892185954 0.06434782608695652
1 0.7942631058358062 0.29391304347826086 0.02373887240356083 0.05565217391304348
1 0.7334322453016815 0.21739130434782608 0.018793273986152326 0.04521739130434783
1 0.7091988130563798 0.2 0.01582591493570722 0.034782608695652174
1 0.7116716122650841 0.1634782608695652 0.01483679525222552 0.034782608695652174
1 0.7477744807121661 0.17217391304347826 0.01582591493570722 0.03826086956521739
1 0.7700296735905044 0.14347826086956522 0.012858555885262116 0.029565217391304348
1 0.7660731948565777 0.12782608695652173 0.01483679525222552 0.029565217391304348
1 0.7903066271018794 0.13826086956521738 0.013847675568743818 0.029565217391304348
1 0.7838773491592482 0.1817391304347826 0.012858555885262116 0.03304347826086956
1 0.8006923837784372 0.17478260869565218 0.012858555885262116 0.03304347826086956
1 0.794757665677547 0.21304347826086956 0.012858555885262116 0.03304347826086956
1 0.8170128585558852 0.2026086956521739 0.013847675568743818 0.03304347826086956
1 0.8372898120672602 0.1808695652173913 0.012858555885262116 0.034782608695652174
1 0.8521266073194856 0.15565217391304348 0.012858555885262116 0.029565217391304348
1 0.8140454995054401 0.27304347826086955 0.019782393669634024 0.03826086956521739
1 0.8550939663699307 0.2991304347826087 0.018793273986152326 0.04869565217391304
1 0.8753709198813057 0.27652173913043476 0.021760633036597428 0.04521739130434783
1 0.9322453016815034 0.2826086956521739 0.018793273986152326 0.03304347826086956
1 0.9070227497527201 0.38869565217391305 0.027695351137487636 0.050434782608695654
1 0.9015825914935707 0.43043478260869567 0.03066271018793274 0.07478260869565218
1 0.890702274975272 0.23043478260869565 0.018793273986152326 0.04
1 0.8491592482690405 0.2182608695652174 0.016815034619188922 0.04
1 0.8615232443125618 0.1991304347826087 0.01582591493570722 0.036521739130434785
1 0.8758654797230465 0.18608695652173912 0.012858555885262116 0.02782608695652174
1 0.890702274975272 0.1608695652173913 0.012858555885262116 0.02608695652173913
1 0.907517309594461 0.19391304347826088 0.012858555885262116 0.04
1 0.9159248269040554 0.1808695652173913 0.013847675568743818 0.02434782608695652
1 0.9268051434223541 0.17652173913043478 0.013847675568743818 0.02608695652173913
1 0.9426310583580614 0.23217391304347826 0.01582591493570722 0.036521739130434785
1 0.947082096933729 0.21304347826086956 0.01483679525222552 0.02608695652173913
1 0.9495548961424333 0.19652173913043477 0.013847675568743818 0.03130434782608696