1 0.11509785647716682 0.4708333333333333 0.045666356011183594 0.09833333333333333
1 0.25582479030754895 0.29083333333333333 0.013979496738117428 0.025
1 0.2712022367194781 0.2791666666666667 0.014911463187325256 0.028333333333333332
1 0.30335507921714816 0.26166666666666666 0.015843429636533086 0.03333333333333333
1 0.3145386766076421 0.2841666666666667 0.015843429636533086 0.028333333333333332
1 0.35181733457595527 0.25666666666666665 0.015843429636533086 0.03
1 0.3173345759552656 0.22583333333333333 0.013979496738117428 0.03166666666666667
1 0.34109972041006525 0.22083333333333333 0.0130475302889096 0.025
1 0.353215284249767 0.2275 0.0130475302889096 0.028333333333333332
1 0.369524697110904 0.24083333333333334 0.017707362534948742 0.03166666666666667
1 0.4119291705498602 0.2325 0.016775396085740912 0.03833333333333333
1 0.4319664492078285 0.2758333333333333 0.021435228331780055 0.041666666666666664
1 0.38676607642124883 0.20166666666666666 0.014911463187325256 0.02666666666666667
1 0.4044734389561976 0.17833333333333334 0.014911463187325256 0.023333333333333334
1 0.42264678471575023 0.19083333333333333 0.015843429636533086 0.021666666666666667
1 0.4426840633737186 0.205 0.016775396085740912 0.03
1 0.46458527493010254 0.25083333333333335 0.023299161230195712 0.03833333333333333
1 0.467381174277726 0.20416666666666666 0.0195712954333644 0.035
1 0.44920782851817337 0.17333333333333334 0.0130475302889096 0.03
1 0.4515377446411929 0.14333333333333334 0.013979496738117428 0.02666666666666667
1 0.4790307548928239 0.16833333333333333 0.0130475302889096 0.02666666666666667
1 0.4706430568499534 0.15166666666666667 0.0130475302889096 0.023333333333333334
1 0.4869524697110904 0.13666666666666666 0.013979496738117428 0.03
1 0.4869524697110904 0.2 0.015843429636533086 0.03
1 0.5400745573159367 0.20583333333333334 0.015843429636533086 0.028333333333333332
1 0.5419384902143523 0.1625 0.013979496738117428 0.03166666666666667
1 0.5563839701770736 0.14833333333333334 0.0130475302889096 0.03
1 0.5773532152842498 0.1675 0.015843429636533086 0.035
1 0.5172413793103449 0.14333333333333334 0.0130475302889096 0.023333333333333334
1 0.5288909599254427 0.13666666666666666 0.012115563839701771 0.023333333333333334
1 0.5065237651444549 0.17083333333333334 0.013979496738117428 0.028333333333333332
1 0.5587138863000932 0.11333333333333333 0.012115563839701771 0.023333333333333334
1 0.5834109972041006 0.135 0.011183597390493943 0.023333333333333334
1 0.5904007455731594 0.12416666666666666 0.010251630941286114 0.021666666666666667
1 0.5936626281453867 0.1025 0.0130475302889096 0.028333333333333332
1 0.6104380242311277 0.11416666666666667 0.011183597390493943 0.025
1 0.619291705498602 0.13916666666666666 0.013979496738117428 0.025
1 0.6225535880708295 0.1025 0.011183597390493943 0.025
1 0.6356011183597391 0.11 0.0130475302889096 0.03
1 0.6491146318732526 0.11416666666666667 0.013979496738117428 0.025
1 0.6626281453867661 0.1275 0.0130475302889096 0.028333333333333332
1 0.6938490214352283 0.1 0.010251630941286114 0.03
1 0.48415657036346693 0.305 0.021435228331780055 0.056666666666666664
1 0.5428704566635602 0.2975 0.02702702702702703 0.055
1 0.5610438024231128 0.24916666666666668 0.02050326188257223 0.045
1 0.6081081081081081 0.25666666666666665 0.021435228331780055 0.05
1 0.6230195712954334 0.21166666666666667 0.017707362534948742 0.043333333333333335
1 0.6593662628145387 0.21083333333333334 0.0195712954333644 0.03833333333333333
1 0.6472506989748369 0.18166666666666667 0.015843429636533086 0.03333333333333333
1 0.679403541472507 0.15333333333333332 0.014911463187325256 0.04
1 0.7148182665424044 0.13916666666666666 0.011183597390493943 0.028333333333333332
1 0.6589002795899348 0.255 0.02050326188257223 0.043333333333333335
1 0.6775396085740913 0.355 0.0260950605778192 0.056666666666666664
1 0.5820130475302889 0.37583333333333335 0.03075489282385834 0.055
1 0.7148182665424044 0.29 0.0260950605778192 0.04666666666666667
1 0.7749301025163094 0.2916666666666667 0.02516309412861137 0.05333333333333334
1 0.7576887232059646 0.24 0.024231127679403542 0.043333333333333335
1 0.7311276794035415 0.2125 0.017707362534948742 0.035
1 0.6985088536812675 0.225 0.0195712954333644 0.043333333333333335
1 0.6905871388630009 0.18583333333333332 0.014911463187325256 0.035
1 0.727865796831314 0.16916666666666666 0.0130475302889096 0.03166666666666667
1 0.7465051258154707 0.14333333333333334 0.014911463187325256 0.03333333333333333
1 0.7362534948741846 0.12 0.0130475302889096 0.03
1 0.7469711090400746 0.11666666666666667 0.012115563839701771 0.03
1 0.7590866728797764 0.1275 0.015843429636533086 0.03166666666666667
1 0.7665424044734389 0.1625 0.015843429636533086 0.035
1 0.7777260018639329 0.1275 0.012115563839701771 0.03166666666666667
1 0.7945013979496738 0.17833333333333334 0.021435228331780055 0.03333333333333333
1 0.793569431500466 0.14 0.013979496738117428 0.03
1 0.8075489282385834 0.13333333333333333 0.013979496738117428 0.03
1 0.8294501397949674 0.13916666666666666 0.014911463187325256 0.035
1 0.8289841565703635 0.175 0.013979496738117428 0.03
1 0.8429636533084809 0.1875 0.015843429636533086 0.03166666666666667
1 0.8499534016775396 0.15583333333333332 0.0130475302889096 0.035
1 0.8620689655172413 0.13333333333333333 0.0130475302889096 0.02666666666666667
1 0.8797763280521901 0.18916666666666668 0.014911463187325256 0.03166666666666667
1 0.8634669151910531 0.23166666666666666 0.015843429636533086 0.04
1 0.9221808014911463 0.2925 0.02516309412861137 0.04833333333333333
1 0.9193849021435229 0.20916666666666667 0.015843429636533086 0.041666666666666664
1 0.891425908667288 0.17083333333333334 0.013979496738117428 0.028333333333333332
1 0.9016775396085741 0.1375 0.010251630941286114 0.025
1 0.9245107176141659 0.16083333333333333 0.014911463187325256 0.03166666666666667