1 0.29740518962075846 0.21352313167259787 0.01996007984031936 0.03558718861209965
1 0.34181636726546905 0.2099644128113879 0.018962075848303395 0.03558718861209965
1 0.35728542914171657 0.24377224199288255 0.015968063872255488 0.042704626334519574
1 0.3722554890219561 0.19750889679715303 0.013972055888223553 0.03558718861209965
1 0.4161676646706587 0.23754448398576514 0.031936127744510975 0.05516014234875445
1 0.3872255489021956 0.17437722419928825 0.017964071856287425 0.03558718861209965
1 0.4296407185628742 0.15480427046263345 0.018962075848303395 0.03202846975088968
1 0.4481037924151697 0.2188612099644128 0.029940119760479042 0.0498220640569395
1 0.44560878243512975 0.1797153024911032 0.012974051896207584 0.03558718861209965
1 0.45858283433133734 0.1512455516014235 0.016966067864271458 0.02491103202846975
1 0.4780439121756487 0.15569395017793594 0.015968063872255488 0.030249110320284697
1 0.4875249500998004 0.22864768683274023 0.028942115768463075 0.05516014234875445
1 0.4930139720558882 0.1797153024911032 0.013972055888223553 0.03558718861209965
1 0.5064870259481038 0.18683274021352314 0.020958083832335328 0.03558718861209965
1 0.5179640718562875 0.13701067615658363 0.017964071856287425 0.028469750889679714
1 0.5379241516966068 0.20640569395017794 0.023952095808383235 0.042704626334519574
1 0.5349301397205589 0.14145907473309607 0.015968063872255488 0.030249110320284697
1 0.5573852295409182 0.2526690391459075 0.028942115768463075 0.0498220640569395
1 0.5718562874251497 0.2891459074733096 0.02594810379241517 0.051601423487544484
1 0.5499001996007984 0.14590747330960854 0.011976047904191617 0.03558718861209965
1 0.5558882235528942 0.14501779359430605 0.01996007984031936 0.033807829181494664
1 0.5853293413173652 0.1307829181494662 0.016966067864271458 0.037366548042704624
1 0.5873253493013972 0.17615658362989323 0.016966067864271458 0.03558718861209965
1 0.6187624750499002 0.16814946619217083 0.015968063872255488 0.033807829181494664
1 0.6167664670658682 0.1387900355871886 0.013972055888223553 0.028469750889679714
1 0.6312375249500998 0.12277580071174377 0.014970059880239521 0.028469750889679714
1 0.6377245508982036 0.10320284697508897 0.013972055888223553 0.028469750889679714
1 0.656686626746507 0.10854092526690391 0.015968063872255488 0.03202846975088968
1 0.6342315369261478 0.20462633451957296 0.020958083832335328 0.03914590747330961
1 0.626746506986028 0.251779359430605 0.02594810379241517 0.05871886120996441
1 0.6776447105788423 0.10854092526690391 0.011976047904191617 0.028469750889679714
1 0.6906187624750499 0.12366548042704627 0.011976047904191617 0.026690391459074734
1 0.7105788423153693 0.12277580071174377 0.013972055888223553 0.028469750889679714
1 0.6611776447105788 0.25889679715302494 0.0249500998003992 0.04804270462633452
1 0.6686626746506986 0.22241992882562278 0.021956087824351298 0.042704626334519574
1 0.6986027944111777 0.17170818505338079 0.01996007984031936 0.04092526690391459
1 0.7005988023952096 0.19395017793594305 0.01996007984031936 0.042704626334519574
1 0.7095808383233533 0.23398576512455516 0.01996007984031936 0.04448398576512456
1 0.7619760479041916 0.12633451957295375 0.018962075848303395 0.028469750889679714
1 0.7375249500998003 0.16637010676156583 0.017964071856287425 0.033807829181494664
1 0.7255489021956087 0.2891459074733096 0.02594810379241517 0.05871886120996441
1 0.749001996007984 0.19483985765124556 0.022954091816367265 0.037366548042704624
1 0.7604790419161677 0.16281138790035588 0.015968063872255488 0.033807829181494664
1 0.7704590818363274 0.2597864768683274 0.02594810379241517 0.05693950177935943
1 0.7819361277445109 0.1512455516014235 0.018962075848303395 0.042704626334519574
1 0.7924151696606786 0.29804270462633453 0.031936127744510975 0.06227758007117438
1 0.8363273453093812 0.31316725978647686 0.02594810379241517 0.06761565836298933
1 0.8063872255489022 0.2206405693950178 0.017964071856287425 0.042704626334519574
1 0.7959081836327345 0.15480427046263345 0.012974051896207584 0.03202846975088968
1 0.8088822355289421 0.15302491103202848 0.012974051896207584 0.046263345195729534
1 0.8378243512974052 0.23220640569395018 0.022954091816367265 0.051601423487544484
1 0.8248502994011976 0.17882562277580072 0.014970059880239521 0.037366548042704624
1 0.8223552894211577 0.14323843416370108 0.013972055888223553 0.033807829181494664
1 0.840818363273453 0.1494661921708185 0.014970059880239521 0.042704626334519574
1 0.842814371257485 0.1903914590747331 0.012974051896207584 0.028469750889679714
1 0.8687624750499002 0.20106761565836298 0.018962075848303395 0.03914590747330961
1 0.8847305389221557 0.1583629893238434 0.022954091816367265 0.042704626334519574
1 0.9126746506986028 0.1610320284697509 0.018962075848303395 0.030249110320284697
1 0.8942115768463074 0.21085409252669038 0.015968063872255488 0.026690391459074734
1 0.8827345309381237 0.2624555160142349 0.0249500998003992 0.05516014234875445
1 0.8982035928143712 0.34519572953736655 0.033932135728542916 0.060498220640569395
1 0.9176646706586826 0.298932384341637 0.0249500998003992 0.05338078291814947
1 0.9256487025948104 0.21530249110320285 0.014970059880239521 0.03558718861209965
1 0.937624750499002 0.18149466192170818 0.016966067864271458 0.03558718861209965
1 0.716566866267465 0.15302491103202848 0.023952095808383235 0.03914590747330961
1 0.657185628742515 0.15035587188612098 0.02694610778443114 0.04448398576512456
1 0.5004990019960079 0.1387900355871886 0.020958083832335328 0.03558718861209965
1 0.4441117764471058 0.25622775800711745 0.03592814371257485 0.046263345195729534
1 0.39820359281437123 0.23665480427046262 0.013972055888223553 0.042704626334519574
1 0.9456087824351297 0.2215302491103203 0.014970059880239521 0.037366548042704624
1 0.39570858283433136 0.19306049822064056 0.014970059880239521 0.033807829181494664