1 0.046218487394957986 0.3712624584717608 0.025210084033613446 0.054817275747508304
1 0.24836601307189543 0.2666112956810631 0.018674136321195144 0.03820598006644518
1 0.3029878618113912 0.24169435215946844 0.017740429505135387 0.03820598006644518
1 0.31932773109243695 0.26993355481727577 0.01680672268907563 0.03156146179401993
1 0.30438842203548083 0.27408637873754155 0.014939309056956116 0.03322259136212625
1 0.3239962651727358 0.20681063122923588 0.014939309056956116 0.03156146179401993
1 0.33286647992530344 0.21843853820598005 0.015873015873015872 0.03156146179401993
1 0.3506069094304388 0.24335548172757476 0.015873015873015872 0.04152823920265781
1 0.36321195144724555 0.2632890365448505 0.022408963585434174 0.044850498338870434
1 0.3907563025210084 0.2865448504983389 0.025210084033613446 0.05149501661129568
1 0.3585434173669468 0.20930232558139536 0.018674136321195144 0.03986710963455149
1 0.36554621848739494 0.18853820598006646 0.017740429505135387 0.03488372093023256
1 0.3842203548085901 0.17857142857142858 0.014005602240896359 0.03820598006644518
1 0.3795518207282913 0.22259136212624583 0.0196078431372549 0.03986710963455149
1 0.4024276377217554 0.18853820598006646 0.018674136321195144 0.03820598006644518
1 0.42623716153127916 0.2350498338870432 0.021475256769374416 0.04152823920265781
1 0.438375350140056 0.18438538205980065 0.015873015873015872 0.036544850498338874
1 0.4444444444444444 0.1669435215946844 0.014939309056956116 0.024916943521594685
1 0.46078431372549017 0.19435215946843853 0.0196078431372549 0.03986710963455149
1 0.4715219421101774 0.22840531561461794 0.02427637721755369 0.044850498338870434
1 0.4579831932773109 0.13538205980066445 0.014005602240896359 0.03156146179401993
1 0.49253034547152197 0.19352159468438537 0.017740429505135387 0.04152823920265781
1 0.5014005602240896 0.16279069767441862 0.014939309056956116 0.036544850498338874
1 0.4850606909430439 0.1212624584717608 0.012138188608776844 0.026578073089700997
1 0.48366013071895425 0.15780730897009967 0.014939309056956116 0.029900332225913623
1 0.5228758169934641 0.19933554817275748 0.022408963585434174 0.046511627906976744
1 0.5266106442577031 0.16777408637873753 0.02054154995331466 0.036544850498338874
1 0.5448179271708683 0.14950166112956811 0.0196078431372549 0.03322259136212625
1 0.5648926237161531 0.17275747508305647 0.018674136321195144 0.03986710963455149
1 0.5676937441643324 0.21926910299003322 0.026143790849673203 0.04983388704318937
1 0.4850606909430439 0.30481727574750833 0.028944911297852476 0.061461794019933555
1 0.5760971055088702 0.2973421926910299 0.029878618113912233 0.06312292358803986
1 0.5639589169000934 0.11378737541528239 0.014939309056956116 0.03488372093023256
1 0.5784313725490197 0.13953488372093023 0.014005602240896359 0.029900332225913623
1 0.5919701213818861 0.12790697674418605 0.014939309056956116 0.023255813953488372
1 0.6143790849673203 0.10963455149501661 0.011204481792717087 0.023255813953488372
1 0.6157796451914099 0.1362126245847176 0.015873015873015872 0.029900332225913623
1 0.6311858076563959 0.12790697674418605 0.011204481792717087 0.029900332225913623
1 0.6335200746965453 0.11046511627906977 0.01027077497665733 0.024916943521594685
1 0.6727357609710551 0.11295681063122924 0.014005602240896359 0.03322259136212625
1 0.661531279178338 0.2059800664451827 0.0196078431372549 0.046511627906976744
1 0.6437908496732027 0.19601328903654486 0.015873015873015872 0.04318936877076412
1 0.6316526610644257 0.19352159468438537 0.015873015873015872 0.04152823920265781
1 0.6255835667600373 0.24003322259136212 0.02427637721755369 0.054817275747508304
1 0.6274509803921569 0.31146179401993357 0.031746031746031744 0.06478405315614617
1 0.6559290382819795 0.26993355481727577 0.025210084033613446 0.061461794019933555
1 0.7058823529411765 0.2691029900332226 0.02427637721755369 0.059800664451827246
1 0.6993464052287581 0.2101328903654485 0.018674136321195144 0.03820598006644518
1 0.6872082166199813 0.19269102990033224 0.018674136321195144 0.04318936877076412
1 0.6834733893557423 0.15033222591362128 0.018674136321195144 0.03156146179401993
1 0.7086834733893558 0.14119601328903655 0.018674136321195144 0.036544850498338874
1 0.7315592903828197 0.10548172757475083 0.015873015873015872 0.03156146179401993
1 0.7521008403361344 0.1362126245847176 0.017740429505135387 0.036544850498338874
1 0.7698412698412699 0.11877076411960133 0.017740429505135387 0.03156146179401993
1 0.7184873949579832 0.18106312292358803 0.015873015873015872 0.03986710963455149
1 0.7324929971988795 0.19435215946843853 0.017740429505135387 0.04983388704318937
1 0.7553688141923436 0.20182724252491693 0.02054154995331466 0.05149501661129568
1 0.7623716153127917 0.1644518272425249 0.017740429505135387 0.03322259136212625
1 0.7726423902894491 0.2084717607973422 0.015873015873015872 0.03488372093023256
1 0.765639589169001 0.2865448504983389 0.028011204481792718 0.0681063122923588
1 0.8361344537815126 0.30481727574750833 0.028944911297852476 0.0681063122923588
1 0.8510737628384687 0.25830564784053156 0.02334267040149393 0.05813953488372093
1 0.9140989729225023 0.27408637873754155 0.02427637721755369 0.05647840531561462
1 0.9140989729225023 0.24086378737541528 0.022408963585434174 0.03986710963455149
1 0.8814192343604108 0.18687707641196014 0.018674136321195144 0.03820598006644518
1 0.8837535014005602 0.16279069767441862 0.017740429505135387 0.03986710963455149
1 0.8902894491129785 0.14285714285714285 0.012138188608776844 0.029900332225913623
1 0.8594771241830066 0.14119601328903655 0.014005602240896359 0.036544850498338874
1 0.8375350140056023 0.16279069767441862 0.01680672268907563 0.036544850498338874
1 0.8272642390289449 0.2026578073089701 0.018674136321195144 0.046511627906976744
1 0.8071895424836601 0.15780730897009967 0.017740429505135387 0.03986710963455149
1 0.7880485527544351 0.14285714285714285 0.014939309056956116 0.036544850498338874
1 0.8090569561157797 0.11794019933554817 0.015873015873015872 0.029900332225913623
1 0.8323996265172736 0.12956810631229235 0.014005602240896359 0.036544850498338874