1 0.126628664495114 0.6303939962476548 0.02687296416938111 0.07129455909943715
1 0.07532573289902281 0.5393996247654784 0.021986970684039087 0.058161350844277676
1 0.0749185667752443 0.44840525328330205 0.017915309446254073 0.05628517823639775
1 0.19421824104234528 0.4634146341463415 0.018729641693811076 0.0675422138836773
1 0.23534201954397393 0.3893058161350844 0.016286644951140065 0.05065666041275797
1 0.24226384364820847 0.3142589118198874 0.018729641693811076 0.039399624765478425
1 0.17100977198697068 0.275797373358349 0.014657980456026058 0.0375234521575985
1 0.17956026058631921 0.18761726078799248 0.013843648208469055 0.03377110694183865
1 0.16327361563517914 0.1894934333958724 0.012214983713355049 0.0300187617260788
1 0.11278501628664495 0.21200750469043153 0.015472312703583062 0.0375234521575985
1 0.03705211726384365 0.19606003752345216 0.013843648208469055 0.028142589118198873
1 0.04234527687296417 0.2589118198874296 0.014657980456026058 0.04127579737335835
1 0.1974755700325733 0.1303939962476548 0.010586319218241042 0.03189493433395872
1 0.22394136807817588 0.14352720450281425 0.011400651465798045 0.028142589118198873
1 0.24592833876221498 0.11819887429643527 0.011400651465798045 0.0375234521575985
1 0.2992671009771987 0.14540337711069418 0.010586319218241042 0.028142589118198873
1 0.3000814332247557 0.17166979362101314 0.015472312703583062 0.039399624765478425
1 0.2890879478827362 0.20637898686679174 0.013029315960912053 0.04127579737335835
1 0.31636807817589574 0.24577861163227016 0.015472312703583062 0.0375234521575985
1 0.3583061889250814 0.21669793621013134 0.014657980456026058 0.043151969981238276
1 0.3762214983713355 0.18105065666041276 0.014657980456026058 0.039399624765478425
1 0.4149022801302932 0.17166979362101314 0.013843648208469055 0.039399624765478425
1 0.36074918566775244 0.08724202626641651 0.009771986970684038 0.03189493433395872
1 0.40431596091205213 0.09287054409005628 0.010586319218241042 0.028142589118198873
1 0.43485342019543977 0.09662288930581614 0.011400651465798045 0.024390243902439025
1 0.4584690553745928 0.14352720450281425 0.013029315960912053 0.028142589118198873
1 0.46783387622149836 0.13414634146341464 0.012214983713355049 0.028142589118198873
1 0.4824918566775244 0.07692307692307693 0.010586319218241042 0.0300187617260788
1 0.502442996742671 0.043151969981238276 0.013029315960912053 0.0300187617260788
1 0.5268729641693811 0.08067542213883677 0.009771986970684038 0.0225140712945591
1 0.503257328990228 0.1801125703564728 0.013029315960912053 0.0375234521575985
1 0.494299674267101 0.23076923076923078 0.013029315960912053 0.04127579737335835
1 0.4808631921824104 0.3048780487804878 0.018729641693811076 0.039399624765478425
1 0.5488599348534202 0.17917448405253283 0.013029315960912053 0.028142589118198873
1 0.5736970684039088 0.20637898686679174 0.015472312703583062 0.03377110694183865
1 0.5627035830618893 0.3227016885553471 0.017915309446254073 0.04878048780487805
1 0.5272801302931596 0.4849906191369606 0.02687296416938111 0.054409005628517824
1 0.6889250814332247 0.35365853658536583 0.019543973941368076 0.04690431519699812
1 0.7149837133550488 0.2851782363977486 0.014657980456026058 0.0375234521575985
1 0.6335504885993485 0.2551594746716698 0.014657980456026058 0.0300187617260788
1 0.6502442996742671 0.15103189493433397 0.010586319218241042 0.028142589118198873
1 0.5806188925081434 0.15103189493433397 0.011400651465798045 0.024390243902439025
1 0.5993485342019544 0.14634146341463414 0.011400651465798045 0.02626641651031895
1 0.6237785016286646 0.11538461538461539 0.011400651465798045 0.028142589118198873
1 0.5912052117263844 0.0975609756097561 0.009771986970684038 0.0225140712945591
1 0.7056188925081434 0.23076923076923078 0.012214983713355049 0.03377110694183865
1 0.7153908794788274 0.21857410881801126 0.010586319218241042 0.03189493433395872
1 0.7333061889250815 0.2176360225140713 0.012214983713355049 0.0300187617260788
1 0.7780944625407166 0.21482176360225141 0.013843648208469055 0.03189493433395872
1 0.8184039087947883 0.24202626641651032 0.014657980456026058 0.0375234521575985
1 0.7776872964169381 0.3724202626641651 0.021172638436482084 0.058161350844277676
1 0.8595276872964169 0.2851782363977486 0.013843648208469055 0.03377110694183865
1 0.9303745928338762 0.38367729831144465 0.015472312703583062 0.039399624765478425