1 0.12008547008547009 0.5517730496453901 0.0452991452991453 0.07943262411347518
1 0.21752136752136753 0.33404255319148934 0.021367521367521368 0.03546099290780142
1 0.24786324786324787 0.3397163120567376 0.020512820512820513 0.04397163120567376
1 0.27008547008547007 0.3780141843971631 0.023931623931623933 0.03829787234042553
1 0.32222222222222224 0.3680851063829787 0.02905982905982906 0.04964539007092199
1 0.27863247863247864 0.3099290780141844 0.020512820512820513 0.03829787234042553
1 0.34487179487179487 0.324822695035461 0.019658119658119658 0.031205673758865248
1 0.3474358974358974 0.2950354609929078 0.021367521367521368 0.028368794326241134
1 0.38504273504273506 0.26099290780141843 0.01623931623931624 0.03404255319148936
1 0.4012820512820513 0.29645390070921984 0.021367521367521368 0.03687943262411347
1 0.4025641025641026 0.32907801418439714 0.018803418803418803 0.03971631205673759
1 0.37435897435897436 0.33687943262411346 0.017094017094017096 0.032624113475177303
1 0.4478632478632479 0.33191489361702126 0.020512820512820513 0.03971631205673759
1 0.4307692307692308 0.3070921985815603 0.018803418803418803 0.032624113475177303
1 0.41965811965811967 0.25957446808510637 0.015384615384615385 0.028368794326241134
1 0.4264957264957265 0.29148936170212764 0.017094017094017096 0.032624113475177303
1 0.461965811965812 0.2425531914893617 0.019658119658119658 0.031205673758865248
1 0.4683760683760684 0.26595744680851063 0.017094017094017096 0.03546099290780142
1 0.4683760683760684 0.3049645390070922 0.017094017094017096 0.03687943262411347
1 0.4965811965811966 0.32695035460992905 0.022222222222222223 0.03829787234042553
1 0.5025641025641026 0.2560283687943262 0.020512820512820513 0.029787234042553193
1 0.5205128205128206 0.274468085106383 0.018803418803418803 0.032624113475177303
1 0.517948717948718 0.2475177304964539 0.013675213675213675 0.029787234042553193
1 0.5401709401709401 0.251063829787234 0.015384615384615385 0.03687943262411347
1 0.5521367521367522 0.2276595744680851 0.015384615384615385 0.02695035460992908
1 0.5551282051282052 0.27801418439716313 0.017948717948717947 0.03687943262411347
1 0.5670940170940171 0.225531914893617 0.01282051282051282 0.02269503546099291
1 0.5824786324786325 0.2326241134751773 0.01452991452991453 0.02553191489361702
1 0.5794871794871795 0.25886524822695034 0.017094017094017096 0.032624113475177303
1 0.6055555555555555 0.22340425531914893 0.01282051282051282 0.02695035460992908
1 0.6072649572649572 0.20638297872340425 0.017948717948717947 0.02695035460992908
1 0.629059829059829 0.2127659574468085 0.013675213675213675 0.02553191489361702
1 0.6418803418803419 0.2226950354609929 0.015384615384615385 0.028368794326241134
1 0.6452991452991453 0.24326241134751772 0.015384615384615385 0.029787234042553193
1 0.676923076923077 0.22836879432624113 0.013675213675213675 0.028368794326241134
1 0.6756410256410257 0.20709219858156028 0.01282051282051282 0.02269503546099291
1 0.688034188034188 0.22340425531914893 0.011965811965811967 0.029787234042553193
1 0.6004273504273504 0.25673758865248225 0.017948717948717947 0.031205673758865248
1 0.47692307692307695 0.3971631205673759 0.03076923076923077 0.059574468085106386
1 0.544017094017094 0.40425531914893614 0.03333333333333333 0.05673758865248227
1 0.5448717948717948 0.3567375886524823 0.026495726495726495 0.04397163120567376
1 0.6055555555555555 0.3283687943262411 0.028205128205128206 0.03829787234042553
1 0.5897435897435898 0.3943262411347518 0.03418803418803419 0.04822695035460993
1 0.5918803418803419 0.4574468085106383 0.03504273504273504 0.06950354609929078
1 0.6388888888888888 0.45673758865248226 0.03675213675213675 0.059574468085106386
1 0.6675213675213675 0.36524822695035464 0.02735042735042735 0.04680851063829787
1 0.6517094017094017 0.3453900709219858 0.024786324786324785 0.04680851063829787
1 0.6376068376068376 0.300709219858156 0.023931623931623933 0.04539007092198582
1 0.676923076923077 0.27872340425531916 0.018803418803418803 0.03546099290780142
1 0.7111111111111111 0.2475177304964539 0.017094017094017096 0.032624113475177303
1 0.7017094017094017 0.29645390070921984 0.023931623931623933 0.04822695035460993
1 0.7141025641025641 0.300709219858156 0.019658119658119658 0.03971631205673759
1 0.6931623931623931 0.36312056737588655 0.02735042735042735 0.05673758865248227
1 0.7269230769230769 0.399290780141844 0.03333333333333333 0.0524822695035461
1 0.7042735042735043 0.5411347517730496 0.044444444444444446 0.08085106382978724
1 0.8452991452991453 0.5035460992907801 0.039316239316239315 0.07375886524822695
1 0.7935897435897435 0.4156028368794326 0.029914529914529916 0.062411347517730496
1 0.8235042735042735 0.36028368794326243 0.026495726495726495 0.04539007092198582
1 0.8581196581196581 0.3872340425531915 0.02905982905982906 0.05673758865248227
1 0.9346153846153846 0.46170212765957447 0.03333333333333333 0.05815602836879433
1 0.8581196581196581 0.45177304964539006 0.037606837606837605 0.06382978723404255
1 0.9294871794871795 0.3872340425531915 0.028205128205128206 0.05106382978723404
1 0.9457264957264957 0.3517730496453901 0.019658119658119658 0.04539007092198582
1 0.9521367521367521 0.32340425531914896 0.020512820512820513 0.03687943262411347
1 0.9538461538461539 0.27588652482269505 0.017094017094017096 0.03546099290780142
1 0.9260683760683761 0.3070921985815603 0.017948717948717947 0.03829787234042553
1 0.9179487179487179 0.2773049645390071 0.023931623931623933 0.03829787234042553
1 0.9004273504273504 0.3170212765957447 0.021367521367521368 0.04113475177304964
1 0.908974358974359 0.3567375886524823 0.019658119658119658 0.04113475177304964
1 0.8794871794871795 0.33191489361702126 0.018803418803418803 0.0425531914893617
1 0.8551282051282051 0.3099290780141844 0.01623931623931624 0.03829787234042553
1 0.8247863247863247 0.3028368794326241 0.018803418803418803 0.03546099290780142
1 0.8209401709401709 0.28581560283687946 0.01623931623931624 0.03829787234042553
1 0.782051282051282 0.27872340425531916 0.017094017094017096 0.032624113475177303
1 0.7961538461538461 0.2631205673758865 0.01623931623931624 0.032624113475177303
1 0.7888888888888889 0.23546099290780143 0.017094017094017096 0.031205673758865248
1 0.7705128205128206 0.2624113475177305 0.01623931623931624 0.03404255319148936
1 0.7371794871794872 0.2553191489361702 0.017948717948717947 0.03687943262411347
1 0.7435897435897436 0.23829787234042554 0.015384615384615385 0.031205673758865248
1 0.7594017094017094 0.23120567375886525 0.01623931623931624 0.031205673758865248
1 0.8200854700854701 0.24397163120567375 0.019658119658119658 0.03687943262411347
1 0.852991452991453 0.2574468085106383 0.015384615384615385 0.032624113475177303
1 0.8666666666666667 0.27092198581560284 0.013675213675213675 0.03971631205673759
1 0.8841880341880342 0.2631205673758865 0.01623931623931624 0.032624113475177303