1 0.045112781954887216 0.3685524126455907 0.022556390977443608 0.04159733777038269
1 0.046992481203007516 0.35524126455906824 0.015037593984962405 0.028286189683860232
1 0.21804511278195488 0.3519134775374376 0.04887218045112782 0.09151414309484193
1 0.26221804511278196 0.281198003327787 0.020676691729323307 0.03993344425956739
1 0.30216165413533835 0.25540765391014975 0.021616541353383457 0.04159733777038269
1 0.3218984962406015 0.2762063227953411 0.021616541353383457 0.04326123128119801
1 0.35291353383458646 0.2853577371048253 0.023496240601503758 0.04159733777038269
1 0.33599624060150374 0.240432612312812 0.019736842105263157 0.03826955074875208
1 0.32894736842105265 0.2129783693843594 0.015037593984962405 0.026622296173044926
1 0.3524436090225564 0.20881863560732114 0.016917293233082706 0.03494176372712146
1 0.3815789473684211 0.21797004991680533 0.016917293233082706 0.03993344425956739
1 0.3923872180451128 0.19633943427620631 0.019736842105263157 0.03993344425956739
1 0.4281015037593985 0.2628951747088186 0.02537593984962406 0.05324459234608985
1 0.4299812030075188 0.22129783693843594 0.02537593984962406 0.036605657237936774
1 0.41541353383458646 0.16971713810316139 0.016917293233082706 0.036605657237936774
1 0.44783834586466165 0.1913477537437604 0.014097744360902255 0.036605657237936774
1 0.4633458646616541 0.2096505823627288 0.016917293233082706 0.04326123128119801
1 0.4581766917293233 0.16805324459234608 0.021616541353383457 0.033277870216306155
1 0.4816729323308271 0.24126455906821964 0.02913533834586466 0.04658901830282862
1 0.48026315789473684 0.08402662229617304 0.013157894736842105 0.03161397670549085
1 0.48449248120300753 0.16555740432612312 0.015977443609022556 0.03161397670549085
1 0.5075187969924813 0.14725457570715475 0.015037593984962405 0.028286189683860232
1 0.5234962406015038 0.1480865224625624 0.015037593984962405 0.036605657237936774
1 0.5408834586466166 0.1281198003327787 0.015977443609022556 0.033277870216306155
1 0.5422932330827067 0.16722129783693843 0.016917293233082706 0.03494176372712146
1 0.5446428571428571 0.20133111480865223 0.023496240601503758 0.036605657237936774
1 0.5747180451127819 0.17637271214642264 0.017857142857142856 0.03993344425956739
1 0.5625 0.14226289517470883 0.015977443609022556 0.03494176372712146
1 0.5850563909774437 0.1389351081530782 0.015977443609022556 0.03161397670549085
1 0.6029135338345865 0.11896838602329451 0.023496240601503758 0.03161397670549085
1 0.6043233082706767 0.15058236272878536 0.018796992481203006 0.03826955074875208
1 0.6203007518796992 0.10232945091514144 0.013157894736842105 0.028286189683860232
1 0.6475563909774437 0.1064891846921797 0.013157894736842105 0.029950083194675542
1 0.6776315789473685 0.11896838602329451 0.013157894736842105 0.03161397670549085
1 0.6851503759398496 0.09234608985024959 0.013157894736842105 0.024958402662229616
1 0.6555451127819549 0.16555740432612312 0.023496240601503758 0.04492512479201331
1 0.6174812030075187 0.21048252911813645 0.02819548872180451 0.05490848585690516
1 0.5742481203007519 0.2454242928452579 0.02443609022556391 0.05490848585690516
1 0.5 0.30948419301164726 0.03195488721804511 0.06655574043261231
1 0.6151315789473685 0.3286189683860233 0.03101503759398496 0.07154742096505824
1 0.6127819548872181 0.26788685524126454 0.03007518796992481 0.059900166389351084
1 0.6672932330827067 0.2928452579034942 0.03007518796992481 0.0632279534109817
1 0.6828007518796992 0.3386023294509151 0.02913533834586466 0.06156405990016639
1 0.668703007518797 0.2113144758735441 0.02537593984962406 0.056572379367720464
1 0.7053571428571429 0.20632279534109818 0.02537593984962406 0.04658901830282862
1 0.7147556390977443 0.18136439267886856 0.019736842105263157 0.04326123128119801
1 0.7011278195488722 0.1572379367720466 0.016917293233082706 0.03826955074875208
1 0.7156954887218046 0.13976705490848584 0.015977443609022556 0.04326123128119801
1 0.7368421052631579 0.16139767054908485 0.020676691729323307 0.036605657237936774
1 0.7495300751879699 0.1913477537437604 0.017857142857142856 0.036605657237936774
1 0.7603383458646616 0.1622296173044925 0.018796992481203006 0.04492512479201331
1 0.7659774436090225 0.129783693843594 0.015037593984962405 0.033277870216306155
1 0.7453007518796992 0.12063227953410982 0.013157894736842105 0.03161397670549085
1 0.7481203007518797 0.09816971713810316 0.011278195488721804 0.026622296173044926
1 0.7810150375939849 0.1264559068219634 0.013157894736842105 0.029950083194675542
1 0.7894736842105263 0.11231281198003328 0.011278195488721804 0.028286189683860232
1 0.8096804511278195 0.1281198003327787 0.015977443609022556 0.036605657237936774
1 0.8007518796992481 0.1805324459234609 0.020676691729323307 0.04492512479201331
1 0.7575187969924813 0.2512479201331115 0.03007518796992481 0.04991680532445923
1 0.7532894736842105 0.28036605657237934 0.02537593984962406 0.051580698835274545
1 0.7894736842105263 0.30282861896838603 0.03195488721804511 0.0632279534109817
1 0.8768796992481203 0.23544093178036607 0.02443609022556391 0.048252911813643926
1 0.9337406015037594 0.27287853577371046 0.021616541353383457 0.04991680532445923
1 0.9370300751879699 0.19717138103161397 0.020676691729323307 0.048252911813643926
1 0.9365601503759399 0.1497504159733777 0.015977443609022556 0.036605657237936774
1 0.9088345864661654 0.19051580698835274 0.018796992481203006 0.04492512479201331
1 0.9013157894736842 0.1281198003327787 0.011278195488721804 0.029950083194675542
1 0.8721804511278195 0.1447587354409318 0.015037593984962405 0.036605657237936774
1 0.8515037593984962 0.19717138103161397 0.018796992481203006 0.03494176372712146
1 0.8284774436090225 0.1622296173044925 0.015977443609022556 0.03161397670549085
1 0.8392857142857143 0.1314475873544093 0.016917293233082706 0.04326123128119801