1 0.0680379746835443 0.4092827004219409 0.08544303797468354 0.12236286919831224
1 0.06645569620253164 0.35548523206751054 0.05379746835443038 0.06540084388185655
1 0.06566455696202532 0.31856540084388185 0.04588607594936709 0.05907172995780591
1 0.24525316455696203 0.2879746835443038 0.03481012658227848 0.04852320675105485
1 0.25158227848101267 0.3808016877637131 0.060126582278481014 0.06962025316455696
1 0.34414556962025317 0.30063291139240506 0.030063291139240507 0.04430379746835443
1 0.40901898734177217 0.29852320675105487 0.03955696202531646 0.04852320675105485
1 0.44936708860759494 0.3143459915611814 0.04113924050632911 0.05907172995780591
1 0.5007911392405063 0.31962025316455694 0.03955696202531646 0.06118143459915612
1 0.5253164556962026 0.2742616033755274 0.028481012658227847 0.04219409282700422
1 0.5814873417721519 0.270042194092827 0.023734177215189875 0.04219409282700422
1 0.5949367088607594 0.33122362869198313 0.04746835443037975 0.05907172995780591
1 0.5981012658227848 0.4208860759493671 0.06645569620253164 0.10759493670886076
1 0.6408227848101266 0.2795358649789029 0.03164556962025317 0.052742616033755275
1 0.7096518987341772 0.28270042194092826 0.030063291139240507 0.046413502109704644
1 0.7080696202531646 0.34282700421940926 0.03955696202531646 0.056962025316455694
1 0.7650316455696202 0.3818565400843882 0.055379746835443035 0.08860759493670886
1 0.7460443037974683 0.23417721518987342 0.030063291139240507 0.05063291139240506
1 0.759493670886076 0.29852320675105487 0.03164556962025317 0.052742616033755275
1 0.8069620253164557 0.2921940928270042 0.03164556962025317 0.04852320675105485
1 0.944620253164557 0.3143459915611814 0.03481012658227848 0.05907172995780591