1 0.067 0.4503424657534247 0.13 0.2842465753424658
1 0.116 0.375 0.032 0.06506849315068493
1 0.153 0.4006849315068493 0.046 0.08904109589041095
1 0.208 0.4349315068493151 0.068 0.1232876712328767
1 0.25 0.4914383561643836 0.044 0.11986301369863013
1 0.231 0.6472602739726028 0.078 0.15753424657534246
1 0.289 0.4366438356164384 0.042 0.07876712328767123
1 0.291 0.386986301369863 0.026 0.04794520547945205
1 0.318 0.4160958904109589 0.028 0.06506849315068493
1 0.346 0.4417808219178082 0.04 0.08904109589041095
1 0.367 0.3886986301369863 0.026 0.05136986301369863
1 0.405 0.4246575342465753 0.034 0.06164383561643835
1 0.46 0.4263698630136986 0.036 0.07191780821917808
1 0.493 0.4366438356164384 0.03 0.05821917808219178
1 0.535 0.4469178082191781 0.038 0.06506849315068493
1 0.532 0.4948630136986301 0.044 0.08561643835616438
1 0.587 0.4486301369863014 0.034 0.07534246575342465
1 0.644 0.464041095890411 0.032 0.05821917808219178
1 0.656 0.5034246575342466 0.04 0.0684931506849315
1 0.681 0.4400684931506849 0.03 0.05821917808219178
1 0.682 0.375 0.032 0.06506849315068493
1 0.774 0.2688356164383562 0.044 0.11301369863013698
1 0.881 0.3458904109589041 0.03 0.06164383561643835
1 0.237 0.4041095890410959 0.026 0.0547945205479452
1 0.21 0.3681506849315068 0.032 0.04452054794520548