1 0.0475 0.8192592592592592 0.058333333333333334 0.08296296296296296
1 0.11791666666666667 0.5718518518518518 0.030833333333333334 0.047407407407407405
1 0.22583333333333333 0.6444444444444445 0.03833333333333333 0.05925925925925926
1 0.23791666666666667 0.5903703703703703 0.034166666666666665 0.06074074074074074
1 0.3875 0.6874074074074074 0.041666666666666664 0.06814814814814815
1 0.2808333333333333 0.4918518518518519 0.021666666666666667 0.035555555555555556
1 0.29833333333333334 0.5007407407407407 0.02 0.035555555555555556
1 0.34 0.522962962962963 0.021666666666666667 0.044444444444444446
1 0.33125 0.5044444444444445 0.015833333333333335 0.025185185185185185
1 0.35625 0.4837037037037037 0.014166666666666666 0.028148148148148148
1 0.3770833333333333 0.4748148148148148 0.015833333333333335 0.034074074074074076
1 0.38916666666666666 0.4874074074074074 0.02 0.02962962962962963
1 0.39166666666666666 0.5281481481481481 0.025 0.04296296296296296
1 0.42625 0.4666666666666667 0.019166666666666665 0.03851851851851852
1 0.3925 0.3977777777777778 0.015 0.028148148148148148
1 0.44416666666666665 0.45925925925925926 0.02 0.03851851851851852
1 0.4633333333333333 0.4874074074074074 0.016666666666666666 0.03259259259259259
1 0.47583333333333333 0.5155555555555555 0.021666666666666667 0.044444444444444446
1 0.48583333333333334 0.4985185185185185 0.021666666666666667 0.034074074074074076
1 0.47583333333333333 0.45555555555555555 0.015 0.03111111111111111
1 0.49041666666666667 0.4659259259259259 0.019166666666666665 0.025185185185185185
1 0.5108333333333334 0.4474074074074074 0.013333333333333334 0.03259259259259259
1 0.5258333333333334 0.4792592592592593 0.016666666666666666 0.04296296296296296
1 0.50625 0.5518518518518518 0.0225 0.037037037037037035
1 0.55 0.5607407407407408 0.028333333333333332 0.054814814814814816
1 0.6158333333333333 0.56 0.03333333333333333 0.05925925925925926
1 0.5929166666666666 0.5325925925925926 0.019166666666666665 0.045925925925925926
1 0.5604166666666667 0.47555555555555556 0.020833333333333332 0.035555555555555556
1 0.5354166666666667 0.43037037037037035 0.0125 0.028148148148148148
1 0.58125 0.4437037037037037 0.014166666666666666 0.028148148148148148
1 0.59 0.4237037037037037 0.016666666666666666 0.02666666666666667
1 0.6004166666666667 0.45555555555555555 0.019166666666666665 0.034074074074074076
1 0.6079166666666667 0.4837037037037037 0.019166666666666665 0.034074074074074076
1 0.6179166666666667 0.4651851851851852 0.015833333333333335 0.03259259259259259
1 0.6179166666666667 0.4274074074074074 0.015833333333333335 0.03111111111111111
1 0.6416666666666667 0.4237037037037037 0.018333333333333333 0.02962962962962963
1 0.64625 0.4688888888888889 0.015833333333333335 0.034074074074074076
1 0.6683333333333333 0.4911111111111111 0.02666666666666667 0.037037037037037035
1 0.6408333333333334 0.522962962962963 0.021666666666666667 0.056296296296296296
1 0.6666666666666666 0.5496296296296296 0.03 0.044444444444444446
1 0.7154166666666667 0.48814814814814816 0.020833333333333332 0.04
1 0.6904166666666667 0.4474074074074074 0.0175 0.035555555555555556
1 0.6720833333333334 0.4414814814814815 0.014166666666666666 0.03259259259259259
1 0.7225 0.43037037037037035 0.02 0.04
1 0.755 0.4266666666666667 0.018333333333333333 0.03851851851851852
1 0.7645833333333333 0.45185185185185184 0.015833333333333335 0.02962962962962963
1 0.7916666666666666 0.4948148148148148 0.025 0.03851851851851852
1 0.825 0.4955555555555556 0.023333333333333334 0.045925925925925926
1 0.7925 0.4748148148148148 0.016666666666666666 0.037037037037037035
1 0.74 0.4762962962962963 0.02 0.04
1 0.68125 0.6185185185185185 0.03916666666666667 0.0725925925925926
1 0.6516666666666666 0.7918518518518518 0.06333333333333334 0.10814814814814815
1 0.8458333333333333 0.8414814814814815 0.07 0.1362962962962963
1 0.8558333333333333 0.6674074074074074 0.05 0.09037037037037036
1 0.9475 0.5748148148148148 0.03833333333333333 0.06222222222222222
1 0.9854166666666667 0.6933333333333334 0.029166666666666667 0.08592592592592592