1 0.2125 0.4986111111111111 0.041666666666666664 0.06388888888888888
1 0.2375 0.5097222222222222 0.03333333333333333 0.05277777777777778
1 0.20729166666666668 0.41388888888888886 0.03125 0.044444444444444446
1 0.30625 0.49444444444444446 0.0375 0.06111111111111111
1 0.3645833333333333 0.49583333333333335 0.03333333333333333 0.058333333333333334
1 0.41770833333333335 0.5055555555555555 0.035416666666666666 0.05555555555555555
1 0.49895833333333334 0.5180555555555556 0.03125 0.041666666666666664
1 0.5572916666666666 0.5166666666666667 0.027083333333333334 0.044444444444444446
1 0.6572916666666667 0.4583333333333333 0.035416666666666666 0.05
1 0.6822916666666666 0.4986111111111111 0.035416666666666666 0.05277777777777778
1 0.728125 0.4888888888888889 0.04375 0.06111111111111111