1 0.057308096740273394 0.27476635514018694 0.026288117770767613 0.048598130841121495
1 0.2823343848580442 0.20747663551401868 0.017875920084121977 0.03364485981308411
1 0.3070452155625657 0.2102803738317757 0.014721345951629864 0.03177570093457944
1 0.31808622502628814 0.2130841121495327 0.015772870662460567 0.044859813084112146
1 0.343322818086225 0.21588785046728973 0.015772870662460567 0.04299065420560748
1 0.34437434279705575 0.16635514018691588 0.013669821240799159 0.041121495327102804
1 0.3590956887486856 0.18598130841121496 0.017875920084121977 0.03925233644859813
1 0.37486855941114616 0.16542056074766356 0.015772870662460567 0.03551401869158879
1 0.39274447949526814 0.19906542056074766 0.017875920084121977 0.03925233644859813
1 0.3753943217665615 0.22336448598130842 0.01892744479495268 0.05046728971962617
1 0.4011566771819138 0.2261682242990654 0.017875920084121977 0.044859813084112146
1 0.42323869610935855 0.23457943925233646 0.015772870662460567 0.04672897196261682
1 0.41798107255520506 0.17383177570093458 0.015772870662460567 0.03364485981308411
1 0.41219768664563616 0.15233644859813084 0.012618296529968454 0.03177570093457944
1 0.42323869610935855 0.14579439252336449 0.011566771819137749 0.026168224299065422
1 0.43690851735015773 0.15514018691588785 0.013669821240799159 0.029906542056074768
1 0.4442691903259727 0.21214953271028036 0.019978969505783387 0.05046728971962617
1 0.4516298633017876 0.18037383177570093 0.013669821240799159 0.03925233644859813
1 0.4747634069400631 0.18411214953271027 0.019978969505783387 0.03551401869158879
1 0.4889589905362776 0.1560747663551402 0.016824395373291272 0.03177570093457944
1 0.4831756046267087 0.14018691588785046 0.011566771819137749 0.029906542056074768
1 0.4968454258675079 0.11401869158878504 0.00946372239747634 0.026168224299065422
1 0.5141955835962145 0.13644859813084112 0.012618296529968454 0.03364485981308411
1 0.5120925341745531 0.17196261682242991 0.016824395373291272 0.037383177570093455
1 0.5310199789695058 0.15981308411214953 0.01892744479495268 0.028037383177570093
1 0.5236593059936908 0.11869158878504672 0.012618296529968454 0.024299065420560748
1 0.5499474237644585 0.11682242990654206 0.016824395373291272 0.024299065420560748
1 0.5499474237644585 0.15514018691588785 0.01892744479495268 0.03364485981308411
1 0.5725552050473186 0.13925233644859814 0.017875920084121977 0.028037383177570093
1 0.5573080967402734 0.1766355140186916 0.02103049421661409 0.03925233644859813
1 0.5951629863301787 0.15233644859813084 0.016824395373291272 0.03551401869158879
1 0.594111461619348 0.10093457943925234 0.014721345951629864 0.022429906542056073
1 0.6182965299684543 0.09719626168224299 0.008412197686645636 0.022429906542056073
1 0.6230283911671924 0.12990654205607477 0.013669821240799159 0.03177570093457944
1 0.6414300736067298 0.14299065420560747 0.014721345951629864 0.03177570093457944
1 0.64931650893796 0.13644859813084112 0.013669821240799159 0.029906542056074768
1 0.656677181913775 0.10373831775700934 0.013669821240799159 0.028037383177570093
1 0.6808622502628812 0.10934579439252337 0.011566771819137749 0.03177570093457944
1 0.692429022082019 0.10186915887850467 0.011566771819137749 0.028037383177570093
1 0.7129337539432177 0.10186915887850467 0.012618296529968454 0.028037383177570093
1 0.6393270241850684 0.18317757009345795 0.014721345951629864 0.037383177570093455
1 0.5878023133543638 0.21869158878504674 0.02103049421661409 0.052336448598130844
1 0.6161934805467929 0.23925233644859814 0.025236593059936908 0.056074766355140186
1 0.6598317560462671 0.1897196261682243 0.017875920084121977 0.04299065420560748
1 0.7181913774973712 0.17102803738317757 0.016824395373291272 0.03925233644859813
1 0.7344900105152471 0.13644859813084112 0.013669821240799159 0.029906542056074768
1 0.6903259726603576 0.21682242990654205 0.019978969505783387 0.037383177570093455
1 0.6987381703470031 0.25327102803738316 0.019978969505783387 0.05046728971962617
1 0.713459516298633 0.33738317757009345 0.03259726603575184 0.0616822429906542
1 0.7602523659305994 0.3710280373831776 0.029442691903259727 0.0691588785046729
1 0.7386961093585699 0.22149532710280373 0.015772870662460567 0.04672897196261682
1 0.7355415352260778 0.1766355140186916 0.015772870662460567 0.03551401869158879
1 0.7576235541535226 0.18785046728971963 0.017875920084121977 0.03925233644859813
1 0.7539432176656151 0.12897196261682242 0.012618296529968454 0.03364485981308411
1 0.7691903259726603 0.12242990654205607 0.013669821240799159 0.03551401869158879
1 0.7628811777076762 0.2336448598130841 0.019978969505783387 0.044859813084112146
1 0.8007360672975815 0.29158878504672897 0.019978969505783387 0.056074766355140186
1 0.8286014721345951 0.2467289719626168 0.02103049421661409 0.048598130841121495
1 0.7933753943217665 0.197196261682243 0.019978969505783387 0.03925233644859813
1 0.8033648790746583 0.15700934579439252 0.012618296529968454 0.029906542056074768
1 0.788117770767613 0.13177570093457944 0.013669821240799159 0.03177570093457944
1 0.8017875920084122 0.12897196261682242 0.011566771819137749 0.026168224299065422
1 0.8370136698212408 0.13177570093457944 0.010515247108307046 0.028037383177570093
1 0.8569926393270242 0.13925233644859814 0.010515247108307046 0.028037383177570093
1 0.8475289169295478 0.14485981308411214 0.014721345951629864 0.028037383177570093
1 0.8280757097791798 0.17102803738317757 0.017875920084121977 0.03551401869158879
1 0.8427970557308097 0.21401869158878506 0.015772870662460567 0.03925233644859813
1 0.8564668769716088 0.2046728971962617 0.015772870662460567 0.03925233644859813
1 0.8664563617245006 0.16728971962616823 0.012618296529968454 0.03925233644859813
1 0.8911671924290221 0.23271028037383176 0.017875920084121977 0.04299065420560748
1 0.8995793901156677 0.2130841121495327 0.011566771819137749 0.03364485981308411
1 0.905888538380652 0.17570093457943925 0.013669821240799159 0.03364485981308411
1 0.9121976866456362 0.15046728971962617 0.015772870662460567 0.03925233644859813
1 0.9458464773922187 0.17850467289719626 0.015772870662460567 0.03177570093457944
1 0.9363827549947423 0.19626168224299065 0.015772870662460567 0.037383177570093455
1 0.9348054679284963 0.2177570093457944 0.016824395373291272 0.03551401869158879
1 0.9342797055730809 0.2607476635514019 0.017875920084121977 0.03925233644859813
1 0.9095688748685594 0.33084112149532713 0.023133543638275498 0.06355140186915888