1 0.0175 0.45666666666666667 0.03 0.06666666666666667
1 0.02625 0.4033333333333333 0.0225 0.04666666666666667
1 0.07625 0.41 0.0275 0.04666666666666667
1 0.16375 0.4166666666666667 0.0275 0.04666666666666667
1 0.17375 0.39666666666666667 0.0225 0.03333333333333333
1 0.20875 0.4066666666666667 0.0275 0.04666666666666667
1 0.2 0.49166666666666664 0.055 0.07666666666666666
1 0.2775 0.38666666666666666 0.025 0.04
1 0.31125 0.39666666666666667 0.0225 0.03333333333333333
1 0.3525 0.39166666666666666 0.02 0.03666666666666667
1 0.33625 0.515 0.0575 0.07
1 0.41125 0.435 0.0375 0.056666666666666664
1 0.41625 0.3883333333333333 0.0225 0.043333333333333335
1 0.46375 0.42 0.0275 0.05333333333333334
1 0.505 0.44333333333333336 0.035 0.05333333333333334
1 0.525 0.41333333333333333 0.025 0.04666666666666667
1 0.59 0.385 0.02 0.03666666666666667
1 0.59 0.43666666666666665 0.035 0.05333333333333334
1 0.64375 0.4083333333333333 0.0275 0.05
1 0.6725 0.3933333333333333 0.025 0.04
1 0.73375 0.46 0.0375 0.07333333333333333
1 0.74375 0.5783333333333334 0.0725 0.10333333333333333
1 0.75 0.40166666666666667 0.03 0.043333333333333335
1 0.815 0.295 0.045 0.07
1 0.88625 0.29 0.0725 0.08666666666666667