1 0.0739171374764595 0.4103852596314908 0.0423728813559322 0.08375209380234507
1 0.3295668549905838 0.25795644891122277 0.018832391713747645 0.03685092127303183
1 0.314030131826742 0.23366834170854273 0.0160075329566855 0.02512562814070352
1 0.3305084745762712 0.22780569514237856 0.015065913370998116 0.02680067001675042
1 0.3526365348399247 0.23115577889447236 0.017890772128060263 0.04020100502512563
1 0.3667608286252354 0.24371859296482412 0.017890772128060263 0.04522613065326633
1 0.3870056497175141 0.26214405360134 0.022598870056497175 0.051926298157453935
1 0.3662900188323917 0.19597989949748743 0.01694915254237288 0.03350083752093802
1 0.3987758945386064 0.22110552763819097 0.01977401129943503 0.04020100502512563
1 0.3865348399246704 0.1934673366834171 0.017890772128060263 0.038525963149078725
1 0.4091337099811676 0.19011725293132328 0.017890772128060263 0.038525963149078725
1 0.4524482109227872 0.18927973199329984 0.017890772128060263 0.03685092127303183
1 0.4708097928436911 0.23283082077051925 0.018832391713747645 0.04020100502512563
1 0.4576271186440678 0.23031825795644892 0.01694915254237288 0.035175879396984924
1 0.4726930320150659 0.20603015075376885 0.015065913370998116 0.02680067001675042
1 0.4755178907721281 0.17755443886097153 0.013182674199623353 0.03350083752093802
1 0.4910546139359699 0.20016750418760468 0.01977401129943503 0.04187604690117253
1 0.5324858757062146 0.20603015075376885 0.01977401129943503 0.04355108877721943
1 0.5230696798493408 0.17169179229480738 0.01977401129943503 0.04522613065326633
1 0.544256120527307 0.15577889447236182 0.015065913370998116 0.04020100502512563
1 0.5607344632768362 0.06448911222780569 0.0160075329566855 0.02847571189279732
1 0.582391713747646 0.06365159128978225 0.014124293785310734 0.02680067001675042
1 0.623352165725047 0.06700167504187604 0.015065913370998116 0.03015075376884422
1 0.666195856873823 0.048576214405360134 0.0160075329566855 0.02680067001675042
1 0.696798493408663 0.05360134003350084 0.015065913370998116 0.03685092127303183
1 0.7283427495291902 0.0661641541038526 0.014124293785310734 0.031825795644891124
1 0.620527306967985 0.14991624790619765 0.02071563088512241 0.035175879396984924
1 0.617231638418079 0.12395309882747069 0.0160075329566855 0.023450586264656615
1 0.5805084745762712 0.1440536013400335 0.01224105461393597 0.02680067001675042
1 0.5649717514124294 0.12311557788944724 0.015065913370998116 0.031825795644891124
1 0.5729755178907722 0.1708542713567839 0.017890772128060263 0.03350083752093802
1 0.5955743879472694 0.13400335008375208 0.01224105461393597 0.02680067001675042
1 0.5009416195856874 0.3324958123953099 0.026365348399246705 0.05862646566164154
1 0.5663841807909604 0.3082077051926298 0.02919020715630885 0.06365159128978225
1 0.6073446327683616 0.32914572864321606 0.03389830508474576 0.06867671691792294
1 0.6139359698681732 0.2403685092127303 0.02824858757062147 0.05862646566164154
1 0.634180790960452 0.20603015075376885 0.01977401129943503 0.04355108877721943
1 0.653954802259887 0.20016750418760468 0.021657250470809793 0.051926298157453935
1 0.6732580037664784 0.2102177554438861 0.022598870056497175 0.051926298157453935
1 0.678436911487759 0.25711892797319935 0.023540489642184557 0.051926298157453935
1 0.7161016949152542 0.22110552763819097 0.027306967984934087 0.05360134003350084
1 0.7048022598870056 0.1884422110552764 0.017890772128060263 0.031825795644891124
1 0.704331450094162 0.14489112227805695 0.02071563088512241 0.04187604690117253
1 0.7170433145009416 0.14824120603015076 0.017890772128060263 0.035175879396984924
1 0.7612994350282486 0.13400335008375208 0.017890772128060263 0.04020100502512563
1 0.769774011299435 0.1624790619765494 0.017890772128060263 0.03685092127303183
1 0.7401129943502824 0.20016750418760468 0.022598870056497175 0.051926298157453935
1 0.722693032015066 0.2797319932998325 0.027306967984934087 0.06365159128978225
1 0.7702448210922788 0.2269681742043551 0.02824858757062147 0.05862646566164154
1 0.7843691148775894 0.2989949748743719 0.02824858757062147 0.05862646566164154
1 0.7890772128060264 0.1407035175879397 0.018832391713747645 0.04020100502512563
1 0.8074387947269304 0.1574539363484087 0.01977401129943503 0.04355108877721943
1 0.847457627118644 0.17755443886097153 0.022598870056497175 0.04690117252931323
1 0.8611111111111112 0.16164154103852596 0.01977401129943503 0.038525963149078725
1 0.89030131826742 0.1968174204355109 0.01977401129943503 0.04522613065326633
1 0.8973634651600754 0.16415410385259632 0.022598870056497175 0.04355108877721943
1 0.8691148775894538 0.2537688442211055 0.026365348399246705 0.05527638190954774
1 0.8436911487758946 0.3232830820770519 0.035781544256120526 0.07370184254606366
1 0.9157250470809792 0.2529313232830821 0.025423728813559324 0.05695142378559464
1 0.9745762711864406 0.3408710217755444 0.03954802259887006 0.08542713567839195