1 0.11166666666666666 0.4334170854271357 0.04666666666666667 0.0728643216080402
1 0.14333333333333334 0.40954773869346733 0.03 0.07537688442211055
1 0.1675 0.4748743718592965 0.045 0.08542713567839195
1 0.21333333333333335 0.5163316582914573 0.05 0.0829145728643216
1 0.20416666666666666 0.4296482412060301 0.041666666666666664 0.07035175879396985
1 0.23666666666666666 0.4296482412060301 0.03333333333333333 0.06030150753768844
1 0.2783333333333333 0.42462311557788945 0.03333333333333333 0.06030150753768844
1 0.3075 0.4057788944723618 0.03166666666666667 0.0728643216080402
1 0.29 0.5025125628140703 0.04666666666666667 0.07537688442211055
1 0.33916666666666667 0.4949748743718593 0.03833333333333333 0.07035175879396985
1 0.35 0.41331658291457285 0.03 0.06281407035175879
1 0.3858333333333333 0.4296482412060301 0.03833333333333333 0.06532663316582915
1 0.41083333333333333 0.592964824120603 0.055 0.09045226130653267
1 0.45416666666666666 0.4648241206030151 0.035 0.07035175879396985
1 0.44 0.3844221105527638 0.03666666666666667 0.07035175879396985
1 0.4866666666666667 0.4120603015075377 0.03333333333333333 0.07035175879396985
1 0.5116666666666667 0.4434673366834171 0.03333333333333333 0.0728643216080402
1 0.5483333333333333 0.44221105527638194 0.03333333333333333 0.07035175879396985
1 0.5908333333333333 0.5288944723618091 0.03833333333333333 0.07788944723618091
1 0.5808333333333333 0.44472361809045224 0.03166666666666667 0.07537688442211055
1 0.6166666666666667 0.41331658291457285 0.03666666666666667 0.06281407035175879
1 0.655 0.4886934673366834 0.03666666666666667 0.0728643216080402
1 0.665 0.43844221105527637 0.03333333333333333 0.06281407035175879
1 0.6941666666666667 0.43090452261306533 0.028333333333333332 0.05778894472361809
1 0.695 0.49246231155778897 0.03 0.07035175879396985
1 0.7258333333333333 0.5050251256281407 0.03166666666666667 0.07035175879396985
1 0.7658333333333334 0.4886934673366834 0.03833333333333333 0.07788944723618091
1 0.75 0.42839195979899497 0.03333333333333333 0.06281407035175879
1 0.7691666666666667 0.4120603015075377 0.025 0.06030150753768844
1 0.815 0.42085427135678394 0.03333333333333333 0.06281407035175879
1 0.8233333333333334 0.5201005025125628 0.04 0.08542713567839195
1 0.87 0.4849246231155779 0.04 0.07035175879396985
1 0.8541666666666666 0.4120603015075377 0.03166666666666667 0.06030150753768844
1 0.9 0.44472361809045224 0.03333333333333333 0.07537688442211055
1 0.925 0.4472361809045226 0.03 0.07035175879396985
1 0.95 0.4685929648241206 0.04 0.05778894472361809