1 0.09750566893424037 0.7014388489208633 0.07709750566893424 0.1223021582733813
1 0.047619047619047616 0.6564748201438849 0.05895691609977324 0.10431654676258993
1 0.017006802721088437 0.591726618705036 0.02947845804988662 0.0683453237410072
1 0.13038548752834467 0.5701438848920863 0.034013605442176874 0.06115107913669065
1 0.20294784580498867 0.5593525179856115 0.02947845804988662 0.06115107913669065
1 0.21768707482993196 0.6924460431654677 0.08616780045351474 0.1474820143884892
1 0.41043083900226757 0.7482014388489209 0.11337868480725624 0.1510791366906475
1 0.34467120181405897 0.579136690647482 0.049886621315192746 0.08633093525179857
1 0.35714285714285715 0.4550359712230216 0.02947845804988662 0.0539568345323741
1 0.47845804988662133 0.6133093525179856 0.05895691609977324 0.11151079136690648
1 0.6122448979591837 0.6097122302158273 0.05895691609977324 0.11870503597122302