1 0.042067307692307696 0.6012414383561644 0.0798076923076923 0.2521404109589041
1 0.12896634615384617 0.5211900684931506 0.06658653846153846 0.1014554794520548
1 0.12752403846153845 0.4488441780821918 0.042067307692307696 0.062071917808219176
1 0.1969951923076923 0.4030393835616438 0.04735576923076923 0.07320205479452055
1 0.23461538461538461 0.4696061643835616 0.05144230769230769 0.09417808219178082
1 0.29471153846153847 0.4066780821917808 0.03701923076923077 0.07363013698630137
1 0.3466346153846154 0.4270119863013699 0.05 0.10402397260273973
1 0.36622596153846154 0.3827054794520548 0.034375 0.05736301369863014
1 0.39891826923076923 0.3570205479452055 0.028125 0.059931506849315065
1 0.6247596153846153 0.3741438356164384 0.03365384615384615 0.0625
1 0.6457932692307692 0.3931934931506849 0.03581730769230769 0.0586472602739726
1 0.6918269230769231 0.3878424657534247 0.03990384615384615 0.09417808219178082
1 0.7147836538461538 0.3657962328767123 0.02956730769230769 0.06720890410958905
1 0.7669471153846154 0.3717893835616438 0.042067307692307696 0.06720890410958905
1 0.7955528846153846 0.4574058219178082 0.05216346153846154 0.08946917808219178
1 0.6990384615384615 0.4946489726027397 0.061057692307692306 0.1271404109589041
1 0.8902644230769231 0.4300085616438356 0.06610576923076923 0.1271404109589041
1 0.8338942307692307 0.3921232876712329 0.041346153846153845 0.0684931506849315
1 0.8087740384615385 0.3668664383561644 0.02956730769230769 0.05736301369863014
1 0.9554086538461538 0.5404537671232876 0.08918269230769231 0.24101027397260275