1 0.05408163265306123 0.5885558583106267 0.07142857142857142 0.09809264305177112
1 0.1846938775510204 0.5231607629427792 0.0673469387755102 0.09264305177111716
1 0.2755102040816326 0.49727520435967304 0.05714285714285714 0.07901907356948229
1 0.3357142857142857 0.4904632152588556 0.05102040816326531 0.07084468664850137
1 0.4163265306122449 0.46321525885558584 0.04081632653061224 0.07084468664850137
1 0.44693877551020406 0.4536784741144414 0.036734693877551024 0.0681198910081744
1 0.5 0.4373297002724796 0.036734693877551024 0.06267029972752043
1 0.5428571428571428 0.4373297002724796 0.036734693877551024 0.051771117166212535
1 0.5938775510204082 0.4264305177111717 0.02857142857142857 0.051771117166212535
1 0.6183673469387755 0.4114441416893733 0.02857142857142857 0.043596730245231606
1 0.6775510204081633 0.4032697547683924 0.02857142857142857 0.04904632152588556
1 0.7806122448979592 0.4536784741144414 0.07551020408163266 0.08991825613079019