1 0.34106280193236715 0.20862068965517241 0.01932367149758454 0.034482758620689655
1 0.40869565217391307 0.23017241379310344 0.021256038647342997 0.039655172413793106
1 0.42028985507246375 0.21810344827586206 0.015458937198067632 0.032758620689655175
1 0.43816425120772945 0.2189655172413793 0.018357487922705314 0.04482758620689655
1 0.48695652173913045 0.2120689655172414 0.021256038647342997 0.04827586206896552
1 0.4990338164251208 0.1870689655172414 0.020289855072463767 0.039655172413793106
1 0.5024154589371981 0.13448275862068965 0.01352657004830918 0.034482758620689655
1 0.5323671497584541 0.19482758620689655 0.02318840579710145 0.04482758620689655
1 0.5821256038647343 0.1724137931034483 0.018357487922705314 0.041379310344827586
1 0.6198067632850242 0.13448275862068965 0.018357487922705314 0.03793103448275862
1 0.6376811594202898 0.2543103448275862 0.025120772946859903 0.056896551724137934
1 0.6613526570048309 0.19224137931034482 0.020289855072463767 0.04655172413793104
1 0.6990338164251207 0.30689655172413793 0.028019323671497585 0.06206896551724138
1 0.7198067632850241 0.18448275862068966 0.021256038647342997 0.03793103448275862
1 0.7608695652173914 0.25689655172413794 0.022222222222222223 0.04482758620689655
1 0.8439613526570048 0.3353448275862069 0.024154589371980676 0.0603448275862069
1 0.8657004830917875 0.28879310344827586 0.025120772946859903 0.0603448275862069
1 0.8304347826086956 0.22844827586206898 0.022222222222222223 0.05
1 0.840096618357488 0.19913793103448277 0.018357487922705314 0.04310344827586207
1 0.8884057971014493 0.22413793103448276 0.018357487922705314 0.041379310344827586
1 0.9241545893719807 0.20862068965517241 0.01642512077294686 0.04482758620689655
1 0.9289855072463769 0.28793103448275864 0.022222222222222223 0.04482758620689655