1 0.8873456790123457 0.15335753176043557 0.01131687242798354 0.030852994555353903
1 0.918724279835391 0.16878402903811252 0.012345679012345678 0.029038112522686024
1 0.9459876543209876 0.1969147005444646 0.013374485596707819 0.034482758620689655
1 0.9053497942386831 0.17604355716878403 0.01440329218106996 0.036297640653357534
1 0.8888888888888888 0.22232304900181488 0.01646090534979424 0.041742286751361164
1 0.9295267489711934 0.26497277676951 0.01748971193415638 0.047186932849364795
1 0.9212962962962963 0.3221415607985481 0.01954732510288066 0.056261343012704176
1 0.8775720164609053 0.3003629764065336 0.018518518518518517 0.04900181488203267
1 0.8497942386831275 0.14972776769509982 0.012345679012345678 0.030852994555353903
1 0.8564814814814815 0.18421052631578946 0.015432098765432098 0.038112522686025406
1 0.8693415637860082 0.1724137931034483 0.01440329218106996 0.036297640653357534
1 0.934156378600823 0.2395644283121597 0.01646090534979424 0.043557168784029036
1 0.8333333333333334 0.16787658802177857 0.01440329218106996 0.034482758620689655
1 0.8467078189300411 0.20871143375680581 0.01646090534979424 0.039927404718693285
1 0.8389917695473251 0.35390199637023595 0.027777777777777776 0.06896551724137931
1 0.8564814814814815 0.32304900181488205 0.021604938271604937 0.06170598911070781
1 0.7613168724279835 0.12613430127041741 0.012345679012345678 0.02722323049001815
1 0.7890946502057613 0.13520871143375682 0.012345679012345678 0.02722323049001815
1 0.7536008230452675 0.17150635208711434 0.013374485596707819 0.030852994555353903
1 0.7705761316872428 0.14972776769509982 0.0102880658436214 0.030852994555353903
1 0.7896090534979424 0.17876588021778583 0.013374485596707819 0.038112522686025406
1 0.7988683127572016 0.1969147005444646 0.015432098765432098 0.045372050816696916
1 0.8081275720164609 0.1569872958257713 0.01131687242798354 0.030852994555353903
1 0.8173868312757202 0.18784029038112524 0.015432098765432098 0.045372050816696916
1 0.7973251028806584 0.26497277676951 0.018518518518518517 0.0544464609800363
1 0.8137860082304527 0.2531760435571688 0.018518518518518517 0.05263157894736842
1 0.757201646090535 0.3312159709618875 0.026748971193415638 0.07078039927404718
1 0.727366255144033 0.23502722323049002 0.018518518518518517 0.04900181488203267
1 0.7052469135802469 0.20871143375680581 0.01748971193415638 0.032667876588021776
1 0.7103909465020576 0.16606170598911071 0.013374485596707819 0.038112522686025406
1 0.7242798353909465 0.14065335753176045 0.012345679012345678 0.034482758620689655
1 0.6944444444444444 0.1206896551724138 0.012345679012345678 0.02722323049001815
1 0.6754115226337448 0.1161524500907441 0.009259259259259259 0.025408348457350273
1 0.6496913580246914 0.0998185117967332 0.009259259259259259 0.021778584392014518
1 0.6198559670781894 0.09618874773139746 0.009259259259259259 0.021778584392014518
1 0.6352880658436214 0.11978221415607986 0.01131687242798354 0.025408348457350273
1 0.6610082304526749 0.13157894736842105 0.009259259259259259 0.023593466424682397
1 0.6630658436213992 0.18421052631578946 0.013374485596707819 0.034482758620689655
1 0.676954732510288 0.21143375680580762 0.01646090534979424 0.041742286751361164
1 0.6759259259259259 0.2595281306715064 0.0205761316872428 0.043557168784029036
1 0.6831275720164609 0.3312159709618875 0.02880658436213992 0.07078039927404718
1 0.6383744855967078 0.2912885662431942 0.027777777777777776 0.06352087114337568
1 0.5606995884773662 0.1206896551724138 0.00823045267489712 0.023593466424682397
1 0.581275720164609 0.13611615245009073 0.0102880658436214 0.032667876588021776
1 0.6003086419753086 0.13430127041742287 0.015432098765432098 0.029038112522686024
1 0.6121399176954733 0.11978221415607986 0.0102880658436214 0.029038112522686024
1 0.625 0.1515426497277677 0.013374485596707819 0.030852994555353903
1 0.6121399176954733 0.16424682395644283 0.012345679012345678 0.034482758620689655
1 0.6378600823045267 0.1969147005444646 0.01646090534979424 0.041742286751361164
1 0.6424897119341564 0.2441016333938294 0.01954732510288066 0.04900181488203267
1 0.5982510288065843 0.23502722323049002 0.01954732510288066 0.041742286751361164
1 0.5879629629629629 0.2813067150635209 0.023662551440329218 0.0544464609800363
1 0.5324074074074074 0.26497277676951 0.021604938271604937 0.050816696914700546
1 0.5092592592592593 0.20871143375680581 0.018518518518518517 0.043557168784029036
1 0.5246913580246914 0.12704174228675136 0.0102880658436214 0.025408348457350273
1 0.5421810699588477 0.147005444646098 0.01440329218106996 0.036297640653357534
1 0.5529835390946503 0.16696914700544466 0.015432098765432098 0.036297640653357534
1 0.5385802469135802 0.17695099818511797 0.01748971193415638 0.038112522686025406
1 0.4228395061728395 0.14972776769509982 0.0102880658436214 0.023593466424682397
1 0.44495884773662553 0.16878402903811252 0.013374485596707819 0.029038112522686024
1 0.46296296296296297 0.17785843920145192 0.01440329218106996 0.029038112522686024
1 0.48148148148148145 0.1851179673321234 0.01440329218106996 0.039927404718693285
1 0.4794238683127572 0.12704174228675136 0.00823045267489712 0.021778584392014518
1 0.5041152263374485 0.13430127041742287 0.0102880658436214 0.025408348457350273
1 0.5025720164609053 0.15063520871143377 0.013374485596707819 0.029038112522686024
1 0.45164609053497945 0.20689655172413793 0.01646090534979424 0.043557168784029036
1 0.41100823045267487 0.2159709618874773 0.015432098765432098 0.039927404718693285
1 0.3230452674897119 0.1896551724137931 0.012345679012345678 0.030852994555353903
1 0.31790123456790126 0.2295825771324864 0.01440329218106996 0.030852994555353903
1 0.3544238683127572 0.1969147005444646 0.013374485596707819 0.030852994555353903
1 0.1867283950617284 0.37477313974591653 0.040123456790123455 0.08892921960072596
1 0.7083333333333334 0.11796733212341198 0.009259259259259259 0.018148820326678767