1 0.15 0.27666666666666667 0.12 0.2866666666666667
1 0.085 0.25833333333333336 0.09 0.22333333333333333
1 0.136 0.115 0.088 0.16333333333333333
1 0.293 0.4583333333333333 0.15 0.31666666666666665
1 0.495 0.08333333333333333 0.078 0.16
1 0.635 0.34833333333333333 0.13 0.29
1 0.621 0.185 0.122 0.21
1 0.568 0.21833333333333332 0.092 0.25
1 0.813 0.08166666666666667 0.078 0.15666666666666668
1 0.853 0.17 0.086 0.18666666666666668
1 0.901 0.13166666666666665 0.106 0.25666666666666665
1 0.917 0.4583333333333333 0.146 0.35
1 0.96 0.31166666666666665 0.076 0.27666666666666667
1 0.926 0.23666666666666666 0.088 0.22