1 0.21732673267326733 0.36780575539568344 0.04455445544554455 0.08812949640287769
1 0.31732673267326733 0.23741007194244604 0.024752475247524754 0.046762589928057555
1 0.3316831683168317 0.19874100719424462 0.023762376237623763 0.044964028776978415
1 0.3559405940594059 0.20953237410071943 0.01485148514851485 0.044964028776978415
1 0.41039603960396037 0.20593525179856115 0.01485148514851485 0.04136690647482014
1 0.42475247524752474 0.14838129496402877 0.015841584158415842 0.0341726618705036
1 0.4212871287128713 0.17805755395683454 0.02277227722772277 0.04316546762589928
1 0.44653465346534654 0.20863309352517986 0.02178217821782178 0.046762589928057555
1 0.44801980198019803 0.16276978417266186 0.01485148514851485 0.0341726618705036
1 0.4603960396039604 0.1420863309352518 0.013861386138613862 0.025179856115107913
1 0.46732673267326735 0.16097122302158273 0.019801980198019802 0.03776978417266187
1 0.4797029702970297 0.18345323741007194 0.020792079207920793 0.03597122302158273
1 0.47079207920792077 0.2185251798561151 0.028712871287128714 0.05575539568345324
1 0.4975247524752475 0.15017985611510792 0.01881188118811881 0.03776978417266187
1 0.5064356435643564 0.2823741007194245 0.028712871287128714 0.0539568345323741
1 0.5336633663366337 0.1843525179856115 0.019801980198019802 0.04136690647482014
1 0.5326732673267327 0.1447841726618705 0.01782178217821782 0.03776978417266187
1 0.5158415841584159 0.125 0.013861386138613862 0.030575539568345324
1 0.555940594059406 0.18525179856115107 0.016831683168316833 0.03597122302158273
1 0.557920792079208 0.14928057553956833 0.01287128712871287 0.03237410071942446
1 0.5707920792079207 0.1393884892086331 0.016831683168316833 0.030575539568345324
1 0.5841584158415841 0.11061151079136691 0.015841584158415842 0.023381294964028777
1 0.5816831683168316 0.17715827338129497 0.026732673267326732 0.03776978417266187
1 0.5910891089108911 0.15557553956834533 0.015841584158415842 0.04136690647482014
1 0.6039603960396039 0.13219424460431656 0.015841584158415842 0.044964028776978415
1 0.6153465346534653 0.10701438848920863 0.01287128712871287 0.0341726618705036
1 0.6287128712871287 0.11241007194244604 0.009900990099009901 0.0341726618705036
1 0.6326732673267327 0.15377697841726617 0.023762376237623763 0.0341726618705036
1 0.6415841584158416 0.1196043165467626 0.013861386138613862 0.0341726618705036
1 0.6544554455445545 0.13219424460431656 0.013861386138613862 0.03776978417266187
1 0.6628712871287129 0.11510791366906475 0.00891089108910891 0.02877697841726619
1 0.6831683168316832 0.14658273381294964 0.015841584158415842 0.0341726618705036
1 0.6975247524752475 0.1393884892086331 0.01287128712871287 0.03776978417266187
1 0.6267326732673267 0.19244604316546762 0.019801980198019802 0.03597122302158273
1 0.5688118811881188 0.2383093525179856 0.026732673267326732 0.044964028776978415
1 0.5821782178217821 0.2931654676258993 0.027722772277227723 0.05755395683453238
1 0.6257425742574257 0.30485611510791366 0.027722772277227723 0.07014388489208633
1 0.6698019801980198 0.21492805755395683 0.020792079207920793 0.03776978417266187
1 0.6658415841584159 0.26348920863309355 0.024752475247524754 0.044964028776978415
1 0.6846534653465347 0.3255395683453237 0.030693069306930693 0.07194244604316546
1 0.7188118811881188 0.23651079136690648 0.0297029702970297 0.05575539568345324
1 0.7381188118811881 0.17625899280575538 0.01881188118811881 0.039568345323741004
1 0.7445544554455445 0.13489208633093525 0.019801980198019802 0.04316546762589928
1 0.7222772277227723 0.35611510791366907 0.034653465346534656 0.07194244604316546
1 0.7613861386138614 0.12679856115107913 0.013861386138613862 0.02697841726618705
1 0.7673267326732673 0.1564748201438849 0.01782178217821782 0.04316546762589928
1 0.7846534653465347 0.1357913669064748 0.016831683168316833 0.04136690647482014
1 0.7816831683168317 0.1789568345323741 0.01881188118811881 0.04136690647482014
1 0.8113861386138614 0.36510791366906475 0.034653465346534656 0.0683453237410072
1 0.8074257425742575 0.289568345323741 0.032673267326732675 0.07194244604316546
1 0.8 0.210431654676259 0.019801980198019802 0.046762589928057555
1 0.8143564356435643 0.19154676258992806 0.01485148514851485 0.044964028776978415
1 0.843069306930693 0.1618705035971223 0.016831683168316833 0.03597122302158273
1 0.8316831683168316 0.1843525179856115 0.015841584158415842 0.04136690647482014
1 0.8301980198019802 0.2131294964028777 0.01881188118811881 0.044964028776978415
1 0.8514851485148515 0.3129496402877698 0.023762376237623763 0.06474820143884892
1 0.8915841584158416 0.4370503597122302 0.028712871287128714 0.08633093525179857
1 0.9163366336633664 0.3444244604316547 0.028712871287128714 0.07014388489208633
1 0.8678217821782178 0.1843525179856115 0.016831683168316833 0.03776978417266187
1 0.849009900990099 0.1960431654676259 0.024752475247524754 0.03597122302158273
1 0.8787128712871287 0.16546762589928057 0.016831683168316833 0.039568345323741004
1 0.8816831683168317 0.24910071942446044 0.024752475247524754 0.05935251798561151
1 0.9193069306930693 0.25539568345323743 0.02277227722772277 0.046762589928057555
1 0.9331683168316832 0.24190647482014388 0.016831683168316833 0.0341726618705036
1 0.9371287128712872 0.20413669064748202 0.02277227722772277 0.0341726618705036
1 0.9128712871287129 0.19514388489208634 0.019801980198019802 0.048561151079136694
1 0.9321782178217822 0.17266187050359713 0.01287128712871287 0.02877697841726619
1 0.9173267326732674 0.16636690647482014 0.01287128712871287 0.023381294964028777
1 0.9306930693069307 0.29406474820143885 0.033663366336633666 0.05575539568345324
1 0.8955445544554456 0.2077338129496403 0.024752475247524754 0.052158273381294966
1 0.7143564356435643 0.17446043165467626 0.028712871287128714 0.039568345323741004
1 0.5450495049504951 0.14118705035971224 0.016831683168316833 0.0341726618705036
1 0.7049504950495049 0.21133093525179855 0.01782178217821782 0.044964028776978415