1 0.09991708126036485 0.559850374064838 0.07213930348258707 0.10723192019950124
1 0.1546434494195688 0.5554862842892768 0.05721393034825871 0.09850374064837905
1 0.13723051409618575 0.4975062344139651 0.0439469320066335 0.06733167082294264
1 0.1558872305140962 0.456359102244389 0.029850746268656716 0.04987531172069826
1 0.0912106135986733 0.48815461346633415 0.04477611940298507 0.05361596009975062
1 0.06260364842454395 0.4613466334164589 0.03565505804311774 0.06234413965087282
1 0.06882255389718077 0.4332917705735661 0.029850746268656716 0.04114713216957606
1 0.1961028192371476 0.470074812967581 0.03731343283582089 0.06982543640897755
1 0.2234660033167496 0.4682044887780549 0.02736318407960199 0.05361596009975062
1 0.20978441127694858 0.4295511221945137 0.029850746268656716 0.046134663341645885
1 0.2790215588723051 0.5099750623441397 0.04892205638474295 0.09476309226932668
1 0.3038971807628524 0.5031172069825436 0.03731343283582089 0.07605985037406483
1 0.269485903814262 0.4339152119700748 0.026533996683250415 0.04987531172069826
1 0.33996683250414594 0.47506234413965087 0.03316749585406302 0.05486284289276808
1 0.3403814262023217 0.4314214463840399 0.02902155887230514 0.0399002493765586
1 0.4058872305140962 0.46633416458852867 0.09535655058043117 0.17955112219451372
1 0.4013266998341625 0.7967581047381546 0.11608623548922056 0.2169576059850374
1 0.5580431177446102 0.3167082294264339 0.0945273631840796 0.1770573566084788
1 0.6861525704809287 0.4320448877805486 0.02736318407960199 0.05112219451371571
1 0.4830016583747927 0.506857855361596 0.03897180762852405 0.07605985037406483
1 0.5190713101160862 0.513715710723192 0.028192371475953566 0.06982543640897755
1 0.5082918739635157 0.4644638403990025 0.03648424543946932 0.05860349127182045
1 0.533167495854063 0.4295511221945137 0.02155887230514096 0.048628428927680795
1 0.4763681592039801 0.42768079800498754 0.02404643449419569 0.05236907730673317