1 0.13658736669401148 0.5605187319884726 0.04675963904840033 0.09221902017291066
1 0.23256767842493847 0.34221902017291067 0.015586546349466776 0.03602305475504323
1 0.26292042657916326 0.35086455331412103 0.022149302707136997 0.03890489913544669
1 0.28137817883511074 0.3804034582132565 0.019688269073010665 0.040345821325648415
1 0.28794093519278097 0.31195965417867433 0.01804757998359311 0.03602305475504323
1 0.3305988515176374 0.37896253602305474 0.022969647251845776 0.04899135446685879
1 0.35397867104183756 0.3249279538904899 0.017227235438884332 0.03314121037463977
1 0.35438884331419196 0.29971181556195964 0.01804757998359311 0.02881844380403458
1 0.38720262510254305 0.34438040345821325 0.02132895816242822 0.037463976945244955
1 0.41058244462674326 0.33861671469740634 0.022149302707136997 0.040345821325648415
1 0.4081214109926169 0.30331412103746397 0.017227235438884332 0.03314121037463977
1 0.39581624282198524 0.2600864553314121 0.015586546349466776 0.03602305475504323
1 0.42616899097621 0.26512968299711814 0.01394585726004922 0.025936599423631124
1 0.4372436423297785 0.276657060518732 0.016406890894175553 0.03170028818443804
1 0.4372436423297785 0.3134005763688761 0.019688269073010665 0.03890489913544669
1 0.4479081214109926 0.34221902017291067 0.02461033634126333 0.04178674351585014
1 0.47292863002461033 0.3126801152737752 0.015586546349466776 0.037463976945244955
1 0.5012305168170632 0.329971181556196 0.02461033634126333 0.040345821325648415
1 0.5225594749794914 0.28097982708933716 0.016406890894175553 0.037463976945244955
1 0.5 0.27017291066282423 0.017227235438884332 0.03890489913544669
1 0.4782608695652174 0.26945244956772335 0.01804757998359311 0.0345821325648415
1 0.46759639048400325 0.24495677233429394 0.019688269073010665 0.03170028818443804
1 0.5209187858900738 0.24927953890489912 0.01804757998359311 0.0345821325648415
1 0.5418375717801477 0.25144092219020175 0.015586546349466776 0.03602305475504323
1 0.5553732567678425 0.28746397694524495 0.016406890894175553 0.03602305475504323
1 0.5746513535684987 0.2557636887608069 0.01394585726004922 0.03025936599423631
1 0.5684987694831829 0.2219020172910663 0.011484823625922888 0.025936599423631124
1 0.5844954881050041 0.23991354466858789 0.01394585726004922 0.03314121037463977
1 0.5992616899097621 0.2600864553314121 0.017227235438884332 0.03602305475504323
1 0.6021328958162429 0.2298270893371758 0.013125512715340444 0.027377521613832854
1 0.6086956521739131 0.21109510086455333 0.011484823625922888 0.024495677233429394
1 0.6271534044298606 0.21902017291066284 0.017227235438884332 0.02881844380403458
1 0.640278917145201 0.2276657060518732 0.015586546349466776 0.0345821325648415
1 0.6439704675963905 0.2507204610951009 0.011484823625922888 0.02881844380403458
1 0.6710418375717802 0.23270893371757925 0.014766201804757998 0.024495677233429394
1 0.6714520098441346 0.21037463976945245 0.015586546349466776 0.02881844380403458
1 0.6878589007383101 0.23414985590778098 0.01394585726004922 0.03602305475504323
1 0.5406070549630845 0.35662824207492794 0.029532403609515995 0.04755043227665706
1 0.49302707136997537 0.39121037463976943 0.034454470877768664 0.056195965417867436
1 0.5438884331419196 0.41138328530259366 0.026251025430680888 0.059077809798270896
1 0.5865463494667761 0.45172910662824206 0.034454470877768664 0.06195965417867435
1 0.6021328958162429 0.38256484149855907 0.029532403609515995 0.059077809798270896
1 0.5996718621821165 0.3371757925072046 0.026251025430680888 0.04610951008645533
1 0.6439704675963905 0.3069164265129683 0.02461033634126333 0.05475504322766571
1 0.6480721903199343 0.35662824207492794 0.02132895816242822 0.04178674351585014
1 0.6640689089417555 0.38904899135446686 0.02543068088597211 0.06628242074927954
1 0.6378178835110746 0.4776657060518732 0.03527481542247744 0.07348703170028818
1 0.7001640689089418 0.5489913544668588 0.04183757178014766 0.06628242074927954
1 0.6866283839212469 0.3681556195965418 0.026251025430680888 0.059077809798270896
1 0.6702214930270713 0.2831412103746398 0.022969647251845776 0.04178674351585014
1 0.6960623461853979 0.30403458213256485 0.020508613617719443 0.040345821325648415
1 0.7083675143560295 0.3061959654178674 0.018867924528301886 0.04178674351585014
1 0.706726825266612 0.2521613832853026 0.01394585726004922 0.037463976945244955
1 0.7362592288761279 0.25360230547550433 0.018867924528301886 0.037463976945244955
1 0.7493847415914684 0.2334293948126801 0.012305168170631665 0.02881844380403458
1 0.7682526661197703 0.2802593659942363 0.017227235438884332 0.03602305475504323
1 0.7805578342904019 0.24639769452449567 0.015586546349466776 0.025936599423631124
1 0.7805578342904019 0.2723342939481268 0.01394585726004922 0.0345821325648415
1 0.8158326497128794 0.3069164265129683 0.018867924528301886 0.0345821325648415
1 0.8162428219852338 0.2737752161383285 0.014766201804757998 0.03170028818443804
1 0.8092698933552092 0.24711815561959655 0.015586546349466776 0.03025936599423631
1 0.8096800656275636 0.36095100864553314 0.022969647251845776 0.053314121037463975
1 0.7280557834290402 0.40561959654178675 0.027071369975389663 0.053314121037463975
1 0.7920426579163249 0.4387608069164265 0.03199343724364233 0.06772334293948126
1 0.8310090237899918 0.5122478386167147 0.03609515996718622 0.06772334293948126
1 0.8461853978671042 0.44164265129682995 0.02871205906480722 0.06484149855907781
1 0.8593109105824446 0.37752161383285304 0.020508613617719443 0.05187319884726225
1 0.9216570959803118 0.473342939481268 0.03199343724364233 0.056195965417867436
1 0.9118129614438064 0.3962536023054755 0.02378999179655455 0.04610951008645533
1 0.9323215750615258 0.3595100864553314 0.018867924528301886 0.04178674351585014
1 0.9257588187038556 0.31628242074927954 0.018867924528301886 0.03890489913544669
1 0.9397046759639048 0.27521613832853026 0.015586546349466776 0.02881844380403458
1 0.9126333059885152 0.30403458213256485 0.017227235438884332 0.040345821325648415
1 0.8896636587366694 0.3285302593659942 0.018867924528301886 0.040345821325648415
1 0.8687448728465955 0.3414985590778098 0.019688269073010665 0.04610951008645533
1 0.8437243642329778 0.3170028818443804 0.022149302707136997 0.040345821325648415
1 0.8564397046759639 0.2788184438040346 0.01804757998359311 0.03602305475504323
1 0.8429040196882691 0.2615273775216138 0.017227235438884332 0.03602305475504323
1 0.8761279737489746 0.2600864553314121 0.016406890894175553 0.03890489913544669
1 0.8949958982772764 0.27521613832853026 0.014766201804757998 0.037463976945244955