1 0.1324607329842932 0.24208566108007448 0.019895287958115182 0.037243947858473
1 0.22251308900523561 0.34823091247672255 0.049214659685863874 0.0856610800744879
1 0.2570680628272251 0.20949720670391062 0.015706806282722512 0.035381750465549346
1 0.27486910994764396 0.16387337057728119 0.015706806282722512 0.0297951582867784
1 0.33612565445026177 0.22905027932960895 0.020942408376963352 0.037243947858473
1 0.38586387434554975 0.2309124767225326 0.02198952879581152 0.048417132216014895
1 0.41047120418848165 0.2569832402234637 0.023036649214659685 0.0446927374301676
1 0.35340314136125656 0.11731843575418995 0.013612565445026177 0.0260707635009311
1 0.38952879581151834 0.11824953445065177 0.016753926701570682 0.03165735567970205
1 0.42879581151832463 0.16945996275605213 0.015706806282722512 0.037243947858473
1 0.42408376963350786 0.2206703910614525 0.018848167539267015 0.035381750465549346
1 0.42513089005235605 0.14804469273743018 0.014659685863874346 0.020484171322160148
1 0.47277486910994765 0.17970204841713222 0.024083769633507852 0.03910614525139665
1 0.47172774869109946 0.20670391061452514 0.019895287958115182 0.0335195530726257
1 0.4643979057591623 0.09869646182495345 0.015706806282722512 0.0297951582867784
1 0.481151832460733 0.148975791433892 0.013612565445026177 0.0297951582867784
1 0.4968586387434555 0.14338919925512103 0.015706806282722512 0.0260707635009311
1 0.512565445026178 0.18808193668528864 0.01780104712041885 0.040968342644320296
1 0.5104712041884817 0.11731843575418995 0.013612565445026177 0.0297951582867784
1 0.5235602094240838 0.12476722532588454 0.012565445026178011 0.0223463687150838
1 0.5497382198952879 0.1191806331471136 0.014659685863874346 0.0260707635009311
1 0.5460732984293194 0.18528864059590316 0.02617801047120419 0.04283054003724395
1 0.5314136125654451 0.3324022346368715 0.04502617801047121 0.061452513966480445
1 0.5654450261780105 0.28212290502793297 0.027225130890052355 0.04283054003724395
1 0.5910994764397905 0.11638733705772812 0.019895287958115182 0.035381750465549346
1 0.5769633507853403 0.09497206703910614 0.020942408376963352 0.040968342644320296
1 0.6078534031413613 0.11266294227188083 0.011518324607329843 0.024208566108007448
1 0.6214659685863875 0.12476722532588454 0.013612565445026177 0.0297951582867784
1 0.6356020942408377 0.09683426443202979 0.014659685863874346 0.0260707635009311
1 0.6528795811518324 0.08100558659217877 0.015706806282722512 0.03165735567970205
1 0.6602094240837696 0.12290502793296089 0.02198952879581152 0.040968342644320296
1 0.6193717277486911 0.15828677839851024 0.01780104712041885 0.040968342644320296
1 0.6198952879581152 0.2430167597765363 0.033507853403141365 0.061452513966480445
1 0.6712041884816754 0.2616387337057728 0.02931937172774869 0.05027932960893855
1 0.681151832460733 0.2169459962756052 0.019895287958115182 0.04283054003724395
1 0.7109947643979058 0.16387337057728119 0.016753926701570682 0.0335195530726257
1 0.6916230366492147 0.07541899441340782 0.015706806282722512 0.027932960893854747
1 0.7256544502617801 0.06983240223463687 0.018848167539267015 0.027932960893854747
1 0.7083769633507854 0.11359404096834265 0.011518324607329843 0.0260707635009311
1 0.7366492146596859 0.10986964618249534 0.02198952879581152 0.0446927374301676
1 0.7586387434554974 0.0856610800744879 0.01780104712041885 0.040968342644320296
1 0.7785340314136125 0.09683426443202979 0.015706806282722512 0.037243947858473
1 0.7785340314136125 0.148975791433892 0.019895287958115182 0.037243947858473
1 0.7654450261780105 0.24860335195530725 0.023036649214659685 0.05027932960893855
1 0.7371727748691099 0.25977653631284914 0.025130890052356022 0.05772811918063315
1 0.7979057591623037 0.186219739292365 0.023036649214659685 0.0595903165735568
1 0.8130890052356021 0.12290502793296089 0.013612565445026177 0.0223463687150838
1 0.8424083769633508 0.09497206703910614 0.013612565445026177 0.0297951582867784
1 0.8335078534031414 0.10521415270018622 0.010471204188481676 0.024208566108007448
1 0.8691099476439791 0.10986964618249534 0.016753926701570682 0.0335195530726257
1 0.8623036649214659 0.17039106145251395 0.01780104712041885 0.03165735567970205
1 0.8471204188481676 0.21508379888268156 0.027225130890052355 0.061452513966480445
1 0.875392670157068 0.2383612662942272 0.023036649214659685 0.0521415270018622
1 0.8879581151832461 0.21601489757914338 0.014659685863874346 0.0335195530726257
1 0.9094240837696335 0.10893854748603352 0.013612565445026177 0.035381750465549346
1 0.9507853403141361 0.1340782122905028 0.016753926701570682 0.037243947858473
1 0.9680628272251309 0.16294227188081936 0.015706806282722512 0.035381750465549346
1 0.974869109947644 0.12849162011173185 0.014659685863874346 0.0335195530726257
1 0.9303664921465968 0.21415270018621974 0.019895287958115182 0.0446927374301676
1 0.9225130890052357 0.2532588454376164 0.020942408376963352 0.0446927374301676
1 0.9146596858638744 0.3249534450651769 0.024083769633507852 0.061452513966480445
1 0.9267015706806283 0.2951582867783985 0.025130890052356022 0.05027932960893855