1 0.15952518818760858 0.3704188481675393 0.04111175448755067 0.0636998254799302
1 0.19861030689056167 0.4040139616055846 0.049797336421540245 0.08900523560209424
1 0.27938621887666476 0.38481675392670156 0.033005211349160395 0.07155322862129145
1 0.3181818181818182 0.3992146596858639 0.04921829762594094 0.08115183246073299
1 0.3859293572669369 0.35602094240837695 0.039953676896352056 0.06282722513089005
1 0.41661841343370004 0.3878708551483421 0.04342790966994789 0.07242582897033159
1 0.4070642733063115 0.4476439790575916 0.06601042269832079 0.10296684118673648
1 0.49710480602200346 0.35209424083769636 0.04806022003474233 0.060209424083769635
1 0.5634047481181239 0.2556719022687609 0.03590040532715692 0.04712041884816754
1 0.5419803126809496 0.4192844677137871 0.05327156919513607 0.0881326352530541
1 0.6563404748118123 0.40663176265270506 0.05385060799073538 0.09773123909249563
1 0.7388535031847133 0.5309773123909249 0.09959467284308049 0.14048865619546247
1 0.9235668789808917 0.44589877835951136 0.09959467284308049 0.13089005235602094