1 0.06328125 0.3273542600896861 0.0546875 0.06726457399103139
1 0.01875 0.32286995515695066 0.034375 0.06726457399103139
1 0.1125 0.3217488789237668 0.0625 0.07399103139013453
1 0.2359375 0.46860986547085204 0.09375 0.11659192825112108
1 0.28046875 0.3710762331838565 0.0609375 0.08295964125560538
1 0.3546875 0.3329596412556054 0.059375 0.07399103139013453
1 0.4234375 0.31614349775784756 0.04375 0.06278026905829596
1 0.44609375 0.4103139013452915 0.0921875 0.10762331838565023
1 0.51953125 0.33183856502242154 0.0421875 0.06726457399103139
1 0.525 0.2982062780269058 0.034375 0.04484304932735426
1 0.625 0.2937219730941704 0.0375 0.04932735426008968
1 0.69375 0.3609865470852018 0.078125 0.11210762331838565
1 0.69765625 0.29260089686098656 0.0515625 0.08295964125560538
1 0.7984375 0.3038116591928251 0.0625 0.08744394618834081
1 0.8875 0.3688340807174888 0.06875 0.07847533632286996
1 0.8421875 0.33408071748878926 0.040625 0.07174887892376682
1 0.96015625 0.4977578475336323 0.0796875 0.16143497757847533
1 0.94453125 0.2645739910313901 0.0484375 0.04932735426008968