1 0.08361774744027303 0.42272727272727273 0.05802047781569966 0.08181818181818182
1 0.17064846416382254 0.3431818181818182 0.08191126279863481 0.10454545454545454
1 0.2593856655290102 0.36363636363636365 0.06143344709897611 0.08181818181818182
1 0.3412969283276451 0.3840909090909091 0.04778156996587031 0.06818181818181818
1 0.36689419795221845 0.45 0.06484641638225255 0.09090909090909091
1 0.3378839590443686 0.29545454545454547 0.040955631399317405 0.06363636363636363
1 0.38054607508532423 0.29318181818181815 0.030716723549488054 0.05
1 0.4232081911262799 0.2818181818181818 0.034129692832764506 0.05454545454545454
1 0.46075085324232085 0.31136363636363634 0.04778156996587031 0.06818181818181818
1 0.5170648464163823 0.33181818181818185 0.03754266211604096 0.07272727272727272
1 0.5443686006825939 0.3068181818181818 0.03754266211604096 0.05909090909090909
1 0.5204778156996587 0.42954545454545456 0.051194539249146756 0.08636363636363636
1 0.5614334470989761 0.5704545454545454 0.05802047781569966 0.09545454545454546
1 0.6348122866894198 0.38181818181818183 0.04778156996587031 0.08181818181818182
1 0.6177474402730375 0.6659090909090909 0.05460750853242321 0.08636363636363636
1 0.7184300341296929 0.615909090909091 0.05802047781569966 0.08636363636363636
1 0.742320819112628 0.5727272727272728 0.04436860068259386 0.07272727272727272
1 0.78839590443686 0.15 0.06143344709897611 0.1