1 0.04389994895354773 0.6880108991825613 0.07350689127105667 0.13896457765667575
1 0.1962736089841756 0.5930971843778383 0.0444104134762634 0.09264305177111716
1 0.2304747320061256 0.6743869209809265 0.0638080653394589 0.11898274296094459
1 0.2600816743236345 0.5445049954586739 0.042368555385400714 0.08083560399636694
1 0.3057682491066871 0.5127157129881925 0.03573251659009699 0.06085376930063579
1 0.3213374170495151 0.6017257039055404 0.043389484430832057 0.1044504995458674
1 0.36217457886676874 0.5563124432334242 0.030117406840224605 0.0681198910081744
1 0.39356814701378257 0.5217983651226158 0.026544155181214904 0.05722070844686648
1 0.4055640632976008 0.49227974568574023 0.026033690658499236 0.05994550408719346
1 0.39714139867279225 0.47048138056312444 0.022460438999489536 0.045413260672116255
1 0.4190913731495661 0.44550408719346046 0.02450229709035222 0.053587647593097185
1 0.5701888718734048 0.5953678474114441 0.04185809086268504 0.0971843778383288
1 0.6281265952016335 0.7120799273387829 0.061766207248596224 0.1307901907356948
1 0.5839714139867279 0.5581289736603088 0.030627871362940276 0.053587647593097185
1 0.5497702909647779 0.5213442325158947 0.02450229709035222 0.05812897366030881
1 0.5370086778968862 0.5113533151680291 0.021439509954058193 0.04904632152588556
1 0.5969882593159775 0.48455949137148047 0.019908116385911178 0.04087193460490463
1 0.6094946401225115 0.5072661217075386 0.025523226135783564 0.049954586739327886
1 0.6339969372128637 0.5227066303360581 0.026544155181214904 0.06085376930063579
1 0.6607963246554365 0.5504087193460491 0.034201123021949976 0.06721162579473206
1 0.6978050025523226 0.59763851044505 0.045941807044410414 0.09809264305177112
1 0.7884124553343542 0.6975476839237057 0.07299642674834099 0.14895549500454133
1 0.7442572741194488 0.5049954586739328 0.027565084226646247 0.05267938237965486
1 0.7769270035732516 0.5240690281562216 0.025523226135783564 0.061762034514078114
1 0.7848392036753445 0.48274296094459584 0.019908116385911178 0.048138056312443236
1 0.8139356814701378 0.5045413260672116 0.02909647779479326 0.05903723887375113
1 0.8575803981623277 0.5617620345140781 0.03471158754466565 0.07175295186194369
1 0.864982133741705 0.51952770208901 0.034201123021949976 0.05449591280653951
1 0.9198570699336396 0.5127157129881925 0.02858601327207759 0.07175295186194369
1 0.9430832057172026 0.5490463215258855 0.03828483920367534 0.07901907356948229
1 0.978305257784584 0.6344232515894641 0.043389484430832057 0.10263396911898275
1 0.985962225625319 0.4940962761126249 0.02807554874936192 0.05631244323342416
1 0.9277692700357325 0.48365122615803813 0.021949974476773864 0.03905540417801998