1 0.1971153846153846 0.4034582132564842 0.10192307692307692 0.16714697406340057
1 0.0798076923076923 0.1585014409221902 0.025 0.040345821325648415
1 0.11634615384615385 0.15129682997118155 0.025 0.043227665706051875
1 0.15 0.1844380403458213 0.03076923076923077 0.04610951008645533
1 0.16153846153846155 0.1585014409221902 0.026923076923076925 0.04610951008645533
1 0.2076923076923077 0.16714697406340057 0.026923076923076925 0.040345821325648415
1 0.22403846153846155 0.16138328530259366 0.021153846153846155 0.04610951008645533
1 0.2701923076923077 0.20605187319884727 0.03653846153846154 0.06051873198847262
1 0.2673076923076923 0.16570605187319884 0.026923076923076925 0.03170028818443804
1 0.2778846153846154 0.15706051873198848 0.028846153846153848 0.043227665706051875
1 0.34134615384615385 0.19164265129682997 0.04038461538461539 0.06628242074927954
1 0.3576923076923077 0.18587896253602307 0.026923076923076925 0.05475504322766571
1 0.3605769230769231 0.14553314121037464 0.021153846153846155 0.037463976945244955
1 0.3923076923076923 0.14265129682997119 0.019230769230769232 0.03170028818443804
1 0.41346153846153844 0.16138328530259366 0.019230769230769232 0.0345821325648415
1 0.40865384615384615 0.18587896253602307 0.021153846153846155 0.037463976945244955
1 0.43653846153846154 0.25360230547550433 0.05384615384615385 0.08645533141210375
1 0.4394230769230769 0.17723342939481268 0.03653846153846154 0.05475504322766571
1 0.44326923076923075 0.1440922190201729 0.021153846153846155 0.0345821325648415
1 0.4740384615384615 0.1628242074927954 0.021153846153846155 0.04899135446685879
1 0.5173076923076924 0.2420749279538905 0.05 0.07492795389048991
1 0.5211538461538462 0.1988472622478386 0.03461538461538462 0.05763688760806916
1 0.5509615384615385 0.16714697406340057 0.025 0.04610951008645533
1 0.6009615384615384 0.17435158501440923 0.032692307692307694 0.043227665706051875
1 0.6221153846153846 0.2478386167146974 0.04038461538461539 0.07492795389048991
1 0.6596153846153846 0.30835734870317005 0.057692307692307696 0.12680115273775217
1 0.6548076923076923 0.22046109510086456 0.032692307692307694 0.06051873198847262
1 0.6557692307692308 0.18587896253602307 0.026923076923076925 0.04899135446685879
1 0.7653846153846153 0.2910662824207493 0.057692307692307696 0.09221902017291066
1 0.8105769230769231 0.2737752161383285 0.04423076923076923 0.09798270893371758
1 0.8076923076923077 0.2132564841498559 0.026923076923076925 0.05187319884726225
1 0.8807692307692307 0.26512968299711814 0.046153846153846156 0.08645533141210375