1 0.3243781094527363 0.1972318339100346 0.01791044776119403 0.03460207612456748
1 0.3497512437810945 0.15484429065743946 0.020895522388059702 0.03633217993079585
1 0.491044776119403 0.19896193771626297 0.026865671641791045 0.05536332179930796
1 0.5626865671641791 0.1972318339100346 0.020895522388059702 0.04152249134948097
1 0.6059701492537314 0.24653979238754326 0.025870646766169153 0.04671280276816609
1 0.6104477611940299 0.1972318339100346 0.020895522388059702 0.04152249134948097
1 0.654228855721393 0.17474048442906576 0.028855721393034824 0.0657439446366782
1 0.6786069651741293 0.21366782006920415 0.023880597014925373 0.050173010380622836
1 0.7432835820895523 0.2742214532871972 0.029850746268656716 0.05363321799307959
1 0.7781094527363184 0.291522491349481 0.03781094527363184 0.07439446366782007
1 0.7945273631840796 0.2577854671280277 0.024875621890547265 0.05190311418685121
1 0.8149253731343283 0.21885813148788927 0.023880597014925373 0.05363321799307959
1 0.8313432835820895 0.26038062283737023 0.020895522388059702 0.050173010380622836
1 0.9019900497512437 0.27854671280276816 0.028855721393034824 0.058823529411764705
1 0.9144278606965174 0.32439446366782004 0.03582089552238806 0.07439446366782007