1 0.4274418604651163 0.19173553719008266 0.01953488372093023 0.03966942148760331
1 0.5088372093023256 0.14297520661157026 0.020465116279069766 0.04462809917355372
1 0.627906976744186 0.13801652892561983 0.014883720930232559 0.02809917355371901
1 0.652093023255814 0.13884297520661157 0.014883720930232559 0.026446280991735537
1 0.6525581395348837 0.12231404958677686 0.013953488372093023 0.026446280991735537
1 0.684186046511628 0.05950413223140496 0.012093023255813953 0.026446280991735537
1 0.7534883720930232 0.15123966942148762 0.014883720930232559 0.03471074380165289
1 0.7711627906976745 0.15123966942148762 0.013023255813953489 0.03471074380165289
1 0.8748837209302326 0.1884297520661157 0.013953488372093023 0.03305785123966942
1 0.893953488372093 0.2190082644628099 0.014883720930232559 0.04132231404958678
1 0.893953488372093 0.2553719008264463 0.014883720930232559 0.04462809917355372
1 0.9190697674418604 0.24710743801652893 0.01674418604651163 0.04462809917355372
1 0.8269767441860465 0.2603305785123967 0.020465116279069766 0.0512396694214876