1 0.055424528301886794 0.2797494780793319 0.01650943396226415 0.033402922755741124
1 0.32075471698113206 0.407098121085595 0.04009433962264151 0.0918580375782881
1 0.2647405660377358 0.20772442588726514 0.020047169811320754 0.03549060542797495
1 0.2971698113207547 0.2150313152400835 0.02122641509433962 0.037578288100208766
1 0.3113207547169811 0.18997912317327767 0.014150943396226415 0.033402922755741124
1 0.3313679245283019 0.21816283924843424 0.01650943396226415 0.03549060542797495
1 0.36674528301886794 0.16805845511482254 0.02122641509433962 0.04801670146137787
1 0.40860849056603776 0.1847599164926931 0.024764150943396228 0.04384133611691023
1 0.5636792452830188 0.1722338204592902 0.018867924528301886 0.04801670146137787
1 0.6845518867924528 0.33507306889352817 0.02240566037735849 0.05219206680584551
1 0.5495283018867925 0.07411273486430063 0.01179245283018868 0.022964509394572025