1 0.155 0.3633633633633634 0.046 0.06606606606606606
1 0.212 0.36186186186186187 0.032 0.06906906906906907
1 0.245 0.33783783783783783 0.034 0.06306306306306306
1 0.264 0.3888888888888889 0.036 0.06306306306306306
1 0.293 0.3738738738738739 0.03 0.06306306306306306
1 0.325 0.34984984984984985 0.038 0.06306306306306306
1 0.365 0.35735735735735735 0.034 0.07207207207207207
1 0.391 0.36786786786786785 0.03 0.06906906906906907
1 0.424 0.36936936936936937 0.032 0.07207207207207207
1 0.468 0.3633633633633634 0.024 0.06006006006006006
1 0.495 0.36186186186186187 0.026 0.057057057057057055
1 0.519 0.3588588588588589 0.034 0.07507507507507508
1 0.551 0.36036036036036034 0.034 0.06006006006006006
1 0.581 0.35585585585585583 0.034 0.06306306306306306
1 0.575 0.4009009009009009 0.034 0.057057057057057055
1 0.629 0.3588588588588589 0.038 0.06906906906906907
1 0.688 0.4159159159159159 0.032 0.06906906906906907
1 0.736 0.4069069069069069 0.036 0.06906906906906907
1 0.796 0.3993993993993994 0.04 0.06606606606606606
1 0.842 0.4069069069069069 0.052 0.08708708708708708
1 0.699 0.5525525525525525 0.042 0.07207207207207207
1 0.625 0.5795795795795796 0.038 0.06606606606606606
1 0.59 0.566066066066066 0.032 0.057057057057057055
1 0.523 0.551051051051051 0.038 0.06306306306306306
1 0.48 0.5615615615615616 0.04 0.07207207207207207
1 0.402 0.5615615615615616 0.04 0.06006006006006006
1 0.346 0.5645645645645646 0.04 0.06006006006006006