1 0.1421875 0.2007042253521127 0.0625 0.09624413145539906
1 0.209375 0.142018779342723 0.05 0.1056338028169014
1 0.23984375 0.2828638497652582 0.0796875 0.14788732394366197
1 0.34921875 0.13615023474178403 0.0453125 0.0892018779342723
1 0.36328125 0.05868544600938967 0.0515625 0.0892018779342723
1 0.47890625 0.14788732394366197 0.0578125 0.09859154929577464
1 0.50078125 0.1960093896713615 0.0546875 0.09624413145539906
1 0.6015625 0.3415492957746479 0.10625 0.18544600938967137
1 0.75234375 0.03286384976525822 0.0421875 0.06103286384976526
1 0.859375 0.07746478873239436 0.040625 0.06572769953051644
1 0.88203125 0.03169014084507042 0.0421875 0.05868544600938967
1 0.878125 0.5868544600938967 0.165625 0.29577464788732394