1 0.05032925682031985 0.3408333333333333 0.017873941674506115 0.03166666666666667
1 0.3508936970837253 0.265 0.022577610536218252 0.04666666666666667
1 0.39040451552210725 0.25416666666666665 0.01881467544684854 0.045
1 0.41157102539981183 0.25833333333333336 0.01975540921919097 0.05
1 0.44543744120413925 0.18333333333333332 0.01599247412982126 0.03666666666666667
1 0.47883349012229537 0.18083333333333335 0.020696142991533398 0.03166666666666667
1 0.4614299153339605 0.21916666666666668 0.021636876763875823 0.03833333333333333
1 0.4816556914393227 0.2175 0.022577610536218252 0.035
1 0.49200376293508935 0.19583333333333333 0.016933207902163686 0.028333333333333332
1 0.4905926622765757 0.3 0.027281279397930385 0.04666666666666667
1 0.6072436500470367 0.2608333333333333 0.02539981185324553 0.041666666666666664
1 0.5898400752587017 0.08666666666666667 0.016933207902163686 0.03666666666666667
1 0.6867356538099718 0.0625 0.015051740357478834 0.028333333333333332
1 0.7196613358419567 0.18333333333333332 0.016933207902163686 0.03666666666666667
1 0.753527751646284 0.21833333333333332 0.020696142991533398 0.03666666666666667
1 0.5780809031044214 0.12666666666666668 0.017873941674506115 0.02666666666666667