1 0.20224171539961014 0.4316987740805604 0.04580896686159844 0.06830122591943957
1 0.307504873294347 0.21891418563922943 0.018518518518518517 0.04203152364273205
1 0.3328460038986355 0.22942206654991243 0.016569200779727095 0.03852889667250438
1 0.3591617933723197 0.23642732049036777 0.018518518518518517 0.04553415061295972
1 0.41033138401559455 0.24605954465849386 0.023391812865497075 0.03327495621716287
1 0.41764132553606237 0.21103327495621715 0.018518518518518517 0.040280210157618214
1 0.4673489278752437 0.1978984238178634 0.022417153996101363 0.03502626970227671
1 0.42056530214424953 0.15499124343257442 0.012670565302144249 0.0297723292469352
1 0.4342105263157895 0.15761821366024517 0.012670565302144249 0.03852889667250438
1 0.4692982456140351 0.15586690017513136 0.024366471734892786 0.03852889667250438
1 0.4975633528265107 0.15411558669001751 0.016569200779727095 0.03502626970227671
1 0.543859649122807 0.15499124343257442 0.021442495126705652 0.040280210157618214
1 0.5599415204678363 0.19001751313485113 0.022417153996101363 0.03677758318739054
1 0.6330409356725146 0.23467600700525393 0.018518518518518517 0.05253940455341506
1 0.6710526315789473 0.23467600700525393 0.02631578947368421 0.03852889667250438
1 0.6418128654970761 0.04903677758318739 0.012670565302144249 0.03152364273204904
1 0.7324561403508771 0.14798598949211908 0.022417153996101363 0.040280210157618214
1 0.9049707602339181 0.1987740805604203 0.016569200779727095 0.040280210157618214
1 0.8937621832358674 0.24518388791593695 0.023391812865497075 0.0595446584938704
1 0.9113060428849903 0.3362521891418564 0.03313840155945419 0.07005253940455342
1 0.9244639376218323 0.2478108581436077 0.02046783625730994 0.050788091068301226
1 0.9405458089668616 0.20140105078809106 0.015594541910331383 0.04203152364273205
1 0.9644249512670565 0.18739054290718038 0.014619883040935672 0.03502626970227671
1 0.398635477582846 0.20928196147110334 0.017543859649122806 0.03677758318739054
1 0.6447368421052632 0.20665499124343256 0.018518518518518517 0.04203152364273205