1 0.11640625 0.32193396226415094 0.0140625 0.030660377358490566
1 0.36953125 0.38207547169811323 0.0171875 0.02830188679245283
1 0.421875 0.3867924528301887 0.021875 0.03773584905660377
1 0.47890625 0.38325471698113206 0.0203125 0.03537735849056604
1 0.5265625 0.37264150943396224 0.01875 0.0330188679245283
1 0.58984375 0.3903301886792453 0.0203125 0.030660377358490566
1 0.6578125 0.48702830188679247 0.075 0.11084905660377359
1 0.64296875 0.419811320754717 0.0359375 0.05188679245283019
1 0.71796875 0.6474056603773585 0.1078125 0.18160377358490565
1 0.81875 0.8702830188679245 0.175 0.25943396226415094
1 0.828125 0.5389150943396226 0.05625 0.09669811320754718
1 0.78359375 0.5082547169811321 0.0421875 0.07311320754716981
1 0.765625 0.4540094339622642 0.040625 0.0589622641509434
1 0.81875 0.44457547169811323 0.03125 0.054245283018867926
1 0.8625 0.4681603773584906 0.034375 0.06367924528301887
1 0.91640625 0.6214622641509434 0.0921875 0.15330188679245282
1 0.89921875 0.5389150943396226 0.0734375 0.09669811320754718
1 0.9171875 0.4964622641509434 0.053125 0.08726415094339622
1 0.4484375 0.45047169811320753 0.03125 0.0330188679245283
1 0.42421875 0.44339622641509435 0.0265625 0.04716981132075472
1 0.40625 0.4705188679245283 0.03125 0.054245283018867926
1 0.38046875 0.43514150943396224 0.0234375 0.054245283018867926
1 0.375 0.4893867924528302 0.03125 0.0589622641509434
1 0.35390625 0.5023584905660378 0.0421875 0.06132075471698113
1 0.31015625 0.5200471698113207 0.0421875 0.07311320754716981
1 0.23984375 0.5070754716981132 0.0453125 0.08490566037735849
1 0.2671875 0.47641509433962265 0.03125 0.06132075471698113
1 0.18125 0.5625 0.053125 0.09669811320754718
1 0.12265625 0.597877358490566 0.0859375 0.1580188679245283
1 0.159375 0.47641509433962265 0.034375 0.05188679245283019
1 0.1890625 0.45754716981132076 0.03125 0.0660377358490566
1 0.15 0.44457547169811323 0.034375 0.04481132075471698