1 0.18514946962391515 0.33595113438045376 0.04628736740597879 0.0924956369982548
1 0.37849566055930567 0.19895287958115182 0.01832208293153327 0.041884816753926704
1 0.381870781099325 0.17452006980802792 0.019286403085824494 0.031413612565445025
1 0.4156219864995178 0.21553228621291448 0.021215043394406944 0.04363001745200698
1 0.3900675024108004 0.27225130890052357 0.026036644165863067 0.04537521815008726
1 0.42381870781099323 0.1849912739965096 0.024108003857280617 0.034904013961605584
1 0.4811957569913211 0.18324607329842932 0.02700096432015429 0.04537521815008726
1 0.4792671166827387 0.156195462478185 0.017357762777242044 0.03664921465968586
1 0.4570877531340405 0.22774869109947643 0.021215043394406944 0.04013961605584642
1 0.517357762777242 0.19720767888307156 0.024108003857280617 0.05235602094240838
1 0.5376084860173578 0.19720767888307156 0.020250723240115717 0.041884816753926704
1 0.553519768563163 0.07068062827225131 0.013500482160077145 0.029668411867364748
1 0.5785920925747348 0.12652705061082026 0.015429122468659595 0.03315881326352531
1 0.6224686595949855 0.15357766143106458 0.024108003857280617 0.04886561954624782
1 0.6060752169720347 0.2469458987783595 0.022179363548698167 0.04712041884816754
1 0.6374156219864995 0.2469458987783595 0.02892960462873674 0.06108202443280977
1 0.6263259402121505 0.30977312390924955 0.033751205400192864 0.06806282722513089
1 0.733847637415622 0.2931937172774869 0.03085824493731919 0.06631762652705062
1 0.6856316297010607 0.18150087260034903 0.017357762777242044 0.038394415357766144
1 0.7107039537126326 0.16055846422338568 0.019286403085824494 0.038394415357766144
1 0.7116682738669238 0.2024432809773124 0.017357762777242044 0.041884816753926704
1 0.7444551591128254 0.17015706806282724 0.019286403085824494 0.03315881326352531
1 0.7555448408871746 0.1474694589877836 0.01639344262295082 0.03315881326352531
1 0.7820636451301832 0.14485165794066318 0.019286403085824494 0.038394415357766144
1 0.7695274831243973 0.17539267015706805 0.017357762777242044 0.03664921465968586
1 0.7839922854387656 0.1849912739965096 0.015429122468659595 0.031413612565445025
1 0.8018322082931534 0.1736474694589878 0.01253616200578592 0.03664921465968586
1 0.8061716489874639 0.2198952879581152 0.02507232401157184 0.04886561954624782
1 0.7545805207328833 0.20680628272251309 0.020250723240115717 0.04363001745200698
1 0.8379942140790743 0.2757417102966841 0.02507232401157184 0.05235602094240838
1 0.875602700096432 0.28883071553228623 0.02892960462873674 0.05759162303664921
1 0.9151398264223722 0.2914485165794066 0.02507232401157184 0.05235602094240838
1 0.9185149469623916 0.2181500872600349 0.01832208293153327 0.041884816753926704
1 0.9411764705882353 0.24083769633507854 0.019286403085824494 0.041884816753926704
1 0.946480231436837 0.21204188481675393 0.01639344262295082 0.03315881326352531