1 0.16666666666666666 0.588268156424581 0.06833333333333333 0.09050279329608939
1 0.12291666666666666 0.4994413407821229 0.035833333333333335 0.042458100558659215
1 0.04791666666666667 0.5 0.030833333333333334 0.034636871508379886
1 0.059583333333333335 0.47150837988826816 0.034166666666666665 0.03798882681564246
1 0.03125 0.5335195530726257 0.04416666666666667 0.05698324022346369
1 0.19666666666666666 0.5251396648044693 0.05333333333333334 0.05139664804469274
1 0.18875 0.4793296089385475 0.0275 0.042458100558659215
1 0.22541666666666665 0.48324022346368717 0.0425 0.05251396648044693
1 0.26875 0.4748603351955307 0.025833333333333333 0.042458100558659215
1 0.2916666666666667 0.4949720670391061 0.02666666666666667 0.0335195530726257
1 0.3129166666666667 0.47374301675977654 0.025833333333333333 0.02905027932960894
1 0.35041666666666665 0.5044692737430168 0.03916666666666667 0.041340782122905026
1 0.3516666666666667 0.4692737430167598 0.03166666666666667 0.0335195530726257
1 0.39458333333333334 0.48044692737430167 0.0225 0.0335195530726257
1 0.4175 0.488268156424581 0.04 0.05139664804469274
1 0.4583333333333333 0.4810055865921788 0.03 0.05251396648044693
1 0.4970833333333333 0.4670391061452514 0.034166666666666665 0.03798882681564246
1 0.49541666666666667 0.5139664804469274 0.04416666666666667 0.055865921787709494
1 0.4429166666666667 0.6435754189944134 0.0875 0.09608938547486033
1 0.3016666666666667 0.5770949720670391 0.06 0.07039106145251396
1 0.5941666666666666 0.6363128491620111 0.07166666666666667 0.08603351955307263
1 0.5704166666666667 0.5217877094972067 0.04583333333333333 0.060335195530726256
1 0.5533333333333333 0.4899441340782123 0.03166666666666667 0.03910614525139665
1 0.6004166666666667 0.4860335195530726 0.030833333333333334 0.042458100558659215
1 0.685 0.48659217877094973 0.04 0.054748603351955305
1 0.6929166666666666 0.5608938547486033 0.0575 0.07597765363128492
1 0.7670833333333333 0.48268156424581005 0.0375 0.049162011173184354
1 0.8208333333333333 0.5111731843575419 0.05 0.08156424581005586
1 0.87375 0.5217877094972067 0.04416666666666667 0.0670391061452514
1 0.8754166666666666 0.49385474860335193 0.04083333333333333 0.049162011173184354