1 0.880838894184938 0.15905245346869712 0.011439466158245948 0.030456852791878174
1 0.9051477597712106 0.1649746192893401 0.010486177311725452 0.032148900169204735
1 0.940419447092469 0.16835871404399322 0.008579599618684462 0.028764805414551606
1 0.9289799809342231 0.2038917089678511 0.010486177311725452 0.03553299492385787
1 0.8851286939942803 0.23519458544839256 0.014299332697807437 0.0338409475465313
1 0.9294566253574833 0.2521150592216582 0.015252621544327931 0.0338409475465313
1 0.9170638703527169 0.26311336717428085 0.017159199237368923 0.038917089678511
1 0.9180171591992373 0.30372250423011843 0.017159199237368923 0.04230118443316413
1 0.9142040038131554 0.3401015228426396 0.019065776930409915 0.05414551607445008
1 0.8665395614871306 0.27834179357022 0.017159199237368923 0.05245346869712352
1 0.8531935176358436 0.18781725888324874 0.015252621544327931 0.03722504230118443
1 0.8164918970448046 0.3003384094754653 0.02001906577693041 0.05583756345177665
1 0.8460438512869399 0.32318104906937395 0.023832221163012392 0.05752961082910321
1 0.8393708293612965 0.21150592216582065 0.014299332697807437 0.04060913705583756
1 0.8379408960915157 0.23434856175972926 0.017159199237368923 0.04230118443316413
1 0.8403241182078169 0.1548223350253807 0.012392755004766444 0.028764805414551606
1 0.8107721639656816 0.1463620981387479 0.014299332697807437 0.03553299492385787
1 0.7945662535748331 0.21489001692047377 0.016205910390848427 0.03722504230118443
1 0.7673975214489991 0.2521150592216582 0.017159199237368923 0.043993231810490696
1 0.7407054337464252 0.272419627749577 0.019065776930409915 0.050761421319796954
1 0.7387988560533841 0.19543147208121828 0.015252621544327931 0.038917089678511
1 0.717349857006673 0.2326565143824027 0.016205910390848427 0.04568527918781726
1 0.734509056244042 0.14805414551607446 0.010486177311725452 0.032148900169204735
1 0.7645376549094376 0.12013536379018612 0.011439466158245948 0.02707275803722504
1 0.7821734985700667 0.14805414551607446 0.010486177311725452 0.028764805414551606
1 0.7959961868446139 0.16159052453468697 0.01334604385128694 0.032148900169204735
1 0.7926596758817922 0.12944162436548223 0.010486177311725452 0.025380710659898477
1 0.7473784556720686 0.1802030456852792 0.015252621544327931 0.025380710659898477
1 0.7130600571973308 0.12098138747884941 0.009532888465204958 0.025380710659898477
1 0.6863679694947569 0.11421319796954314 0.011439466158245948 0.025380710659898477
1 0.6897044804575786 0.188663282571912 0.014299332697807437 0.03553299492385787
1 0.655862726406101 0.19627749576988154 0.015252621544327931 0.03722504230118443
1 0.67302192564347 0.21742808798646363 0.019065776930409915 0.04230118443316413
1 0.6796949475691134 0.26480541455160744 0.020972354623450904 0.049069373942470386
1 0.6258341277407055 0.2614213197969543 0.02001906577693041 0.049069373942470386
1 0.6258341277407055 0.20473773265651438 0.01811248808388942 0.04060913705583756
1 0.5800762631077216 0.23434856175972926 0.01811248808388942 0.04568527918781726
1 0.5753098188751191 0.17089678510998307 0.016205910390848427 0.0338409475465313
1 0.5934223069590085 0.11844331641285956 0.008579599618684462 0.023688663282571912
1 0.6039084842707341 0.10490693739424704 0.008579599618684462 0.023688663282571912
1 0.6124880838894184 0.12944162436548223 0.008579599618684462 0.028764805414551606
1 0.6205910390848427 0.12944162436548223 0.009532888465204958 0.028764805414551606
1 0.6377502383222117 0.14974619289340102 0.01334604385128694 0.032148900169204735
1 0.657769304099142 0.11844331641285956 0.009532888465204958 0.02707275803722504
1 0.5138226882745471 0.1260575296108291 0.009532888465204958 0.021996615905245348
1 0.5181124880838894 0.13028764805414553 0.008579599618684462 0.023688663282571912
1 0.5414680648236415 0.13705583756345177 0.009532888465204958 0.030456852791878174
1 0.5619637750238322 0.1412859560067682 0.014299332697807437 0.025380710659898477
1 0.5142993326978075 0.188663282571912 0.016205910390848427 0.038917089678511
1 0.5409914204003813 0.19627749576988154 0.016205910390848427 0.04060913705583756
1 0.5486177311725453 0.29018612521150594 0.02001906577693041 0.05583756345177665
1 0.4699714013346044 0.13705583756345177 0.009532888465204958 0.023688663282571912
1 0.494280266920877 0.13959390862944163 0.010486177311725452 0.021996615905245348
1 0.4799809342230696 0.15397631133671744 0.010486177311725452 0.02707275803722504
1 0.49761677788369874 0.15905245346869712 0.011439466158245948 0.023688663282571912
1 0.4852240228789323 0.2089678510998308 0.019065776930409915 0.04568527918781726
1 0.4408960915157293 0.15143824027072758 0.010486177311725452 0.025380710659898477
1 0.3913250714966635 0.17089678510998307 0.010486177311725452 0.02707275803722504
1 0.41468064823641565 0.16666666666666666 0.011439466158245948 0.028764805414551606
1 0.43136320305052434 0.17597292724196278 0.012392755004766444 0.02707275803722504
1 0.44852240228789325 0.21235194585448391 0.014299332697807437 0.04230118443316413
1 0.4270734032411821 0.2140439932318105 0.015252621544327931 0.03553299492385787
1 0.4132507149666349 0.2089678510998308 0.016205910390848427 0.03553299492385787
1 0.4065776930409914 0.272419627749577 0.023832221163012392 0.043993231810490696
1 0.3679694947569113 0.19373942470389172 0.015252621544327931 0.03553299492385787
1 0.3503336510962822 0.20642978003384094 0.014299332697807437 0.03722504230118443
1 0.3732125834127741 0.24873096446700507 0.01811248808388942 0.043993231810490696
1 0.2702573879885605 0.2233502538071066 0.012392755004766444 0.030456852791878174
1 0.3117254528122021 0.2622673434856176 0.019065776930409915 0.043993231810490696
1 0.2330791229742612 0.3248730964467005 0.029551954242135366 0.0676818950930626