1 0.10583333333333333 0.555625 0.04833333333333333 0.08125
1 0.23375 0.56375 0.05583333333333333 0.09
1 0.28708333333333336 0.546875 0.0575 0.09625
1 0.26625 0.475 0.04416666666666667 0.0625
1 0.3566666666666667 0.310625 0.065 0.12125
1 0.4825 0.385625 0.051666666666666666 0.08875
1 0.4691666666666667 0.501875 0.075 0.11875
1 0.36916666666666664 0.5225 0.06 0.09
1 0.44625 0.528125 0.03916666666666667 0.08375
1 0.58625 0.49375 0.04416666666666667 0.085
1 0.5708333333333333 0.52875 0.041666666666666664 0.0625
1 0.6483333333333333 0.531875 0.07833333333333334 0.13625
1 0.67375 0.470625 0.049166666666666664 0.09875
1 0.6983333333333334 0.49125 0.03 0.065
1 0.8358333333333333 0.483125 0.03166666666666667 0.07375
1 0.8583333333333333 0.4675 0.043333333333333335 0.09
1 0.8845833333333334 0.48625 0.0575 0.1125
1 0.9608333333333333 0.426875 0.07833333333333334 0.16125