1 0.1836622807017544 0.704358552631579 0.14473684210526316 0.265625
1 0.07821637426900585 0.5268640350877193 0.044956140350877194 0.05592105263157895
1 0.021564327485380116 0.5187774122807017 0.03728070175438596 0.04632675438596491
1 0.1945358187134503 0.4635416666666667 0.03307748538011696 0.04111842105263158
1 0.20440423976608188 0.48519736842105265 0.024671052631578948 0.03782894736842105
1 0.27074195906432746 0.5004111842105263 0.030884502923976608 0.04523026315789474
1 0.21217105263157895 0.5705866228070176 0.0668859649122807 0.10553728070175439
1 0.32876461988304095 0.48615679824561403 0.03033625730994152 0.04413377192982456
1 0.29395102339181284 0.4688870614035088 0.022478070175438597 0.03262061403508772
1 0.3709795321637427 0.46765350877192985 0.02448830409356725 0.03892543859649123
1 0.39766081871345027 0.5352247807017544 0.054093567251461985 0.08141447368421052
1 0.43283991228070173 0.6043037280701754 0.0893640350877193 0.14117324561403508
1 0.4465460526315789 0.4629934210526316 0.02540204678362573 0.042214912280701754
1 0.5327119883040936 0.47354714912280704 0.04568713450292398 0.078125
1 0.611750730994152 0.537828947368421 0.06743421052631579 0.09923245614035088
1 0.6032529239766082 0.4772478070175439 0.031067251461988302 0.04550438596491228
1 0.6046235380116959 0.8471765350877193 0.18841374269005848 0.28152412280701755
1 0.7712902046783626 0.6502192982456141 0.08863304093567251 0.15076754385964913
1 0.7621527777777778 0.5315241228070176 0.052083333333333336 0.06962719298245613