1 0.21333333333333335 0.38666666666666666 0.03 0.044444444444444446
1 0.12333333333333334 0.45222222222222225 0.03333333333333333 0.04666666666666667
1 0.095 0.48 0.03333333333333333 0.044444444444444446
1 0.09333333333333334 0.5144444444444445 0.03333333333333333 0.04666666666666667
1 0.04833333333333333 0.5233333333333333 0.056666666666666664 0.06444444444444444
1 0.31083333333333335 0.4955555555555556 0.041666666666666664 0.05333333333333334
1 0.325 0.5577777777777778 0.05333333333333334 0.07111111111111111
1 0.39916666666666667 0.5922222222222222 0.085 0.1
1 0.43666666666666665 0.6633333333333333 0.10333333333333333 0.13111111111111112
1 0.4866666666666667 0.8088888888888889 0.14 0.17777777777777778
1 0.33166666666666667 0.4533333333333333 0.03333333333333333 0.035555555555555556
1 0.3516666666666667 0.43555555555555553 0.023333333333333334 0.03111111111111111
1 0.38083333333333336 0.46111111111111114 0.028333333333333332 0.03777777777777778
1 0.42583333333333334 0.48444444444444446 0.03166666666666667 0.044444444444444446
1 0.44166666666666665 0.5233333333333333 0.05333333333333334 0.06
1 0.42 0.44 0.023333333333333334 0.035555555555555556
1 0.4866666666666667 0.46111111111111114 0.03333333333333333 0.04666666666666667
1 0.5058333333333334 0.48 0.03166666666666667 0.05333333333333334
1 0.5533333333333333 0.51 0.04666666666666667 0.06
1 0.5758333333333333 0.4711111111111111 0.03166666666666667 0.044444444444444446
1 0.6025 0.4488888888888889 0.028333333333333332 0.04
1 0.6258333333333334 0.5366666666666666 0.051666666666666666 0.06444444444444444
1 0.6633333333333333 0.5033333333333333 0.03333333333333333 0.05555555555555555
1 0.6408333333333334 0.4622222222222222 0.028333333333333332 0.03111111111111111
1 0.6625 0.45 0.018333333333333333 0.03333333333333333
1 0.7216666666666667 0.44666666666666666 0.03 0.044444444444444446
1 0.7325 0.5355555555555556 0.045 0.06222222222222222
1 0.6875 0.6322222222222222 0.09166666666666666 0.13111111111111112
1 0.5466666666666666 0.5888888888888889 0.07 0.08
1 0.4775 0.5388888888888889 0.051666666666666666 0.06
1 0.835 0.5666666666666667 0.06333333333333334 0.08888888888888889
1 0.7883333333333333 0.4888888888888889 0.03333333333333333 0.06222222222222222
1 0.7925 0.4533333333333333 0.041666666666666664 0.04888888888888889
1 0.8825 0.4866666666666667 0.03833333333333333 0.057777777777777775
1 0.9116666666666666 0.5044444444444445 0.04666666666666667 0.06666666666666667
1 0.9583333333333334 0.5455555555555556 0.04666666666666667 0.07777777777777778
1 0.9558333333333333 0.7188888888888889 0.085 0.14
1 0.9341666666666667 0.8544444444444445 0.13166666666666665 0.20222222222222222