1 0.04765625 0.8041666666666667 0.0515625 0.075
1 0.12109375 0.7197916666666667 0.0515625 0.07291666666666667
1 0.15390625 0.6677083333333333 0.0453125 0.052083333333333336
1 0.21015625 0.6291666666666667 0.0421875 0.07083333333333333
1 0.11875 0.8770833333333333 0.109375 0.14166666666666666
1 0.215625 0.7729166666666667 0.05625 0.07083333333333333
1 0.278125 0.7072916666666667 0.04375 0.06458333333333334
1 0.27421875 0.6552083333333333 0.0453125 0.06041666666666667
1 0.290625 0.6260416666666667 0.040625 0.05625
1 0.4203125 0.48541666666666666 0.034375 0.05
1 0.35390625 0.7885416666666667 0.0609375 0.08541666666666667
1 0.503125 0.7635416666666667 0.0625 0.08125
1 0.4671875 0.6583333333333333 0.0375 0.05416666666666667
1 0.45859375 0.6208333333333333 0.0359375 0.05
1 0.5453125 0.7125 0.046875 0.07083333333333333
1 0.578125 0.6572916666666667 0.04375 0.05625
1 0.56484375 0.621875 0.0359375 0.04791666666666667
1 0.63671875 0.771875 0.0546875 0.08125
1 0.68828125 0.69375 0.0453125 0.075
1 0.67890625 0.6270833333333333 0.0390625 0.058333333333333334
1 0.7125 0.6416666666666667 0.04375 0.0625
1 0.74609375 0.7802083333333333 0.0578125 0.08958333333333333
1 0.825 0.621875 0.046875 0.05625
1 0.878125 0.7760416666666666 0.053125 0.07708333333333334
1 0.93671875 0.8791666666666667 0.1140625 0.14166666666666666
1 0.97578125 0.7677083333333333 0.0484375 0.09791666666666667
1 0.97265625 0.6885416666666667 0.0484375 0.06875
1 0.934375 0.671875 0.040625 0.06041666666666667
1 0.92109375 0.6208333333333333 0.0390625 0.058333333333333334