1 0.056666666666666664 0.3933333333333333 0.05555555555555555 0.07333333333333333
1 0.20222222222222222 0.39166666666666666 0.044444444444444446 0.056666666666666664
1 0.24222222222222223 0.37166666666666665 0.02666666666666667 0.05
1 0.30333333333333334 0.4 0.042222222222222223 0.06
1 0.31555555555555553 0.51 0.07555555555555556 0.11333333333333333
1 0.3977777777777778 0.465 0.06666666666666667 0.09666666666666666
1 0.3788888888888889 0.395 0.03777777777777778 0.06333333333333334
1 0.35333333333333333 0.38 0.03111111111111111 0.04
1 0.4622222222222222 0.38166666666666665 0.03111111111111111 0.043333333333333335
1 0.5233333333333333 0.42833333333333334 0.042222222222222223 0.06333333333333334
1 0.5477777777777778 0.5416666666666666 0.09555555555555556 0.17666666666666667
1 0.5933333333333334 0.495 0.05333333333333334 0.09666666666666666
1 0.66 0.46 0.035555555555555556 0.06
1 0.5988888888888889 0.42 0.03333333333333333 0.04666666666666667
1 0.62 0.37666666666666665 0.02666666666666667 0.04
1 0.6722222222222223 0.4116666666666667 0.024444444444444446 0.043333333333333335
1 0.6911111111111111 0.38 0.022222222222222223 0.04
1 0.7444444444444445 0.4166666666666667 0.044444444444444446 0.06
1 0.7733333333333333 0.495 0.057777777777777775 0.09
1 0.7988888888888889 0.5783333333333334 0.10888888888888888 0.16333333333333333
1 0.8588888888888889 0.47 0.05555555555555555 0.08
1 0.8855555555555555 0.4483333333333333 0.03777777777777778 0.056666666666666664
1 0.8933333333333333 0.415 0.02666666666666667 0.043333333333333335