1 0.07677008750994431 0.5085227272727273 0.03898170246618934 0.09659090909090909
1 0.286793953858393 0.25639204545454547 0.016706443914081145 0.03835227272727273
1 0.301909307875895 0.24644886363636365 0.018297533810660304 0.03551136363636364
1 0.31941129673826574 0.2521306818181818 0.016706443914081145 0.03835227272727273
1 0.3317422434367542 0.2627840909090909 0.020684168655529037 0.045454545454545456
1 0.33810660302307083 0.2159090909090909 0.01909307875894988 0.03977272727272727
1 0.3743038981702466 0.26207386363636365 0.023070803500397773 0.04971590909090909
1 0.3997613365155131 0.2393465909090909 0.021479713603818614 0.046875
1 0.41726332537788385 0.2627840909090909 0.024661893396976928 0.056818181818181816
1 0.449085123309467 0.22727272727272727 0.021479713603818614 0.03977272727272727
1 0.4311853619729515 0.2237215909090909 0.01909307875894988 0.04403409090909091
1 0.46857597454256167 0.2237215909090909 0.01909307875894988 0.046875
1 0.40652346857597454 0.19176136363636365 0.01909307875894988 0.036931818181818184
1 0.42442322991249004 0.17542613636363635 0.016706443914081145 0.03551136363636364
1 0.4291964996022275 0.15696022727272727 0.016706443914081145 0.029829545454545456
1 0.44669848846459825 0.14914772727272727 0.016706443914081145 0.03125
1 0.46459824980111375 0.1640625 0.015910898965791568 0.032670454545454544
1 0.4809069212410501 0.19389204545454544 0.016706443914081145 0.032670454545454544
1 0.5119331742243437 0.18181818181818182 0.016706443914081145 0.036931818181818184
1 0.5350039777247414 0.19460227272727273 0.016706443914081145 0.03125
1 0.5369928400954654 0.1612215909090909 0.014319809069212411 0.03551136363636364
1 0.4968178202068417 0.12642045454545456 0.010342084327764518 0.028409090909090908
1 0.5083532219570406 0.14133522727272727 0.014319809069212411 0.03551136363636364
1 0.5302307080350039 0.13068181818181818 0.015115354017501989 0.028409090909090908
1 0.5521081941129674 0.13707386363636365 0.01909307875894988 0.032670454545454544
1 0.5787589498806682 0.14630681818181818 0.018297533810660304 0.03977272727272727
1 0.5958631662688942 0.16051136363636365 0.015910898965791568 0.03977272727272727
1 0.6034208432776452 0.14204545454545456 0.015115354017501989 0.036931818181818184
1 0.5894988066825776 0.10511363636363637 0.011137629276054098 0.02556818181818182
1 0.6089896579156723 0.1015625 0.011933174224343675 0.02130681818181818
1 0.616945107398568 0.12855113636363635 0.015115354017501989 0.024147727272727272
1 0.6404136833731106 0.11576704545454546 0.017501988862370723 0.03551136363636364
1 0.6690533015115354 0.11576704545454546 0.014319809069212411 0.032670454545454544
1 0.49840891010342087 0.2947443181818182 0.031026252983293555 0.05539772727272727
1 0.5445505171042164 0.3025568181818182 0.0294351630867144 0.056818181818181816
1 0.5767700875099443 0.2393465909090909 0.022275258552108195 0.046875
1 0.6105807478122514 0.20951704545454544 0.01988862370723946 0.041193181818181816
1 0.6356404136833731 0.24005681818181818 0.022275258552108195 0.048295454545454544
1 0.6543357199681782 0.25426136363636365 0.023070803500397773 0.05113636363636364
1 0.6499602227525855 0.20667613636363635 0.02545743834526651 0.046875
1 0.6515513126491647 0.16548295454545456 0.015910898965791568 0.03551136363636364
1 0.684964200477327 0.15980113636363635 0.017501988862370723 0.03835227272727273
1 0.6964996022275258 0.17826704545454544 0.018297533810660304 0.041193181818181816
1 0.7159904534606205 0.14630681818181818 0.017501988862370723 0.03977272727272727
1 0.684964200477327 0.30610795454545453 0.03341288782816229 0.06676136363636363
1 0.7052505966587113 0.23011363636363635 0.023070803500397773 0.048295454545454544
1 0.7275258552108194 0.2634943181818182 0.023070803500397773 0.05823863636363636
1 0.747016706443914 0.24005681818181818 0.022275258552108195 0.05397727272727273
1 0.7728719172633254 0.32386363636363635 0.0294351630867144 0.07954545454545454
1 0.7362768496420048 0.18607954545454544 0.01988862370723946 0.045454545454545456
1 0.7466189339697693 0.14133522727272727 0.016706443914081145 0.03551136363636364
1 0.7605409705648369 0.1768465909090909 0.015910898965791568 0.032670454545454544
1 0.7669053301511536 0.11860795454545454 0.015910898965791568 0.03551136363636364
1 0.7828162291169452 0.14204545454545456 0.015910898965791568 0.036931818181818184
1 0.7939538583929993 0.12713068181818182 0.015910898965791568 0.03835227272727273
1 0.801909307875895 0.1747159090909091 0.01909307875894988 0.036931818181818184
1 0.7848050914876691 0.1924715909090909 0.01988862370723946 0.04403409090909091
1 0.8186157517899761 0.15625 0.014319809069212411 0.03977272727272727
1 0.8436754176610979 0.1747159090909091 0.015115354017501989 0.036931818181818184
1 0.8675417661097852 0.14133522727272727 0.016706443914081145 0.041193181818181816
1 0.8361177406523469 0.15482954545454544 0.011137629276054098 0.02556818181818182
1 0.8381066030230708 0.20383522727272727 0.016706443914081145 0.041193181818181816
1 0.8062848050914877 0.2294034090909091 0.026252983293556086 0.05539772727272727
1 0.799920445505171 0.2663352272727273 0.02784407319013524 0.05823863636363636
1 0.8532219570405728 0.30610795454545453 0.0294351630867144 0.061079545454545456
1 0.8619729514717581 0.25142045454545453 0.023070803500397773 0.048295454545454544
1 0.8774860779634049 0.2137784090909091 0.01909307875894988 0.04403409090909091
1 0.8850437549721559 0.18394886363636365 0.018297533810660304 0.041193181818181816
1 0.9021479713603818 0.25 0.022275258552108195 0.05113636363636364