1 0.06 0.20083333333333334 0.048 0.10833333333333334
1 0.20633333333333334 0.25666666666666665 0.022 0.043333333333333335
1 0.23266666666666666 0.245 0.010666666666666666 0.04
1 0.24333333333333335 0.25416666666666665 0.017333333333333333 0.041666666666666664
1 0.2723333333333333 0.2525 0.019333333333333334 0.055
1 0.28733333333333333 0.2475 0.013333333333333334 0.041666666666666664
1 0.32366666666666666 0.26166666666666666 0.015333333333333332 0.04666666666666667
1 0.3406666666666667 0.26666666666666666 0.016 0.05
1 0.3426666666666667 0.23916666666666667 0.012 0.028333333333333332
1 0.3596666666666667 0.24833333333333332 0.015333333333333332 0.03666666666666667
1 0.36533333333333334 0.2733333333333333 0.021333333333333333 0.056666666666666664
1 0.38533333333333336 0.24583333333333332 0.016 0.035
1 0.4056666666666667 0.23416666666666666 0.014 0.03833333333333333
1 0.43 0.22916666666666666 0.013333333333333334 0.03833333333333333
1 0.448 0.2225 0.013333333333333334 0.041666666666666664
1 0.428 0.2725 0.02 0.051666666666666666
1 0.4196666666666667 0.25666666666666665 0.012666666666666666 0.043333333333333335
1 0.446 0.2816666666666667 0.025333333333333333 0.07333333333333333
1 0.45566666666666666 0.31833333333333336 0.03 0.08666666666666667
1 0.47933333333333333 0.27166666666666667 0.017333333333333333 0.05333333333333334
1 0.473 0.23166666666666666 0.014 0.043333333333333335
1 0.48533333333333334 0.23083333333333333 0.013333333333333334 0.041666666666666664
1 0.485 0.37583333333333335 0.038 0.11166666666666666
1 0.49766666666666665 0.3175 0.03133333333333333 0.085
1 0.508 0.25166666666666665 0.018666666666666668 0.06333333333333334
1 0.541 0.22583333333333333 0.014 0.045
1 0.5543333333333333 0.23833333333333334 0.016666666666666666 0.05
1 0.5313333333333333 0.38416666666666666 0.05333333333333334 0.17166666666666666
1 0.5506666666666666 0.43583333333333335 0.06266666666666666 0.16833333333333333
1 0.5723333333333334 0.22666666666666666 0.015333333333333332 0.04
1 0.5663333333333334 0.205 0.011333333333333334 0.03333333333333333
1 0.5906666666666667 0.25083333333333335 0.018666666666666668 0.04833333333333333
1 0.6013333333333334 0.2 0.010666666666666666 0.03666666666666667
1 0.629 0.22166666666666668 0.018 0.04666666666666667
1 0.6253333333333333 0.195 0.013333333333333334 0.04
1 0.6223333333333333 0.29833333333333334 0.024666666666666667 0.06666666666666667
1 0.6443333333333333 0.31416666666666665 0.028666666666666667 0.075
1 0.6566666666666666 0.5183333333333333 0.10666666666666667 0.26666666666666666
1 0.736 0.36833333333333335 0.04133333333333333 0.13
1 0.7173333333333334 0.2733333333333333 0.024 0.06333333333333334
1 0.743 0.2633333333333333 0.027333333333333334 0.06333333333333334
1 0.7086666666666667 0.2275 0.017333333333333333 0.04833333333333333
1 0.686 0.23916666666666667 0.016 0.04833333333333333
1 0.6696666666666666 0.21083333333333334 0.014 0.041666666666666664
1 0.7156666666666667 0.21083333333333334 0.016666666666666666 0.045
1 0.7473333333333333 0.20833333333333334 0.018666666666666668 0.05
1 0.7713333333333333 0.22583333333333333 0.018666666666666668 0.051666666666666666
1 0.7943333333333333 0.285 0.027333333333333334 0.09
1 0.816 0.22166666666666668 0.013333333333333334 0.05
1 0.8353333333333334 0.27166666666666667 0.029333333333333333 0.07666666666666666
1 0.8376666666666667 0.22 0.019333333333333334 0.05333333333333334
1 0.876 0.2633333333333333 0.02666666666666667 0.08
1 0.906 0.29333333333333333 0.04 0.1
1 0.9816666666666667 0.26916666666666667 0.03666666666666667 0.08833333333333333
1 0.988 0.215 0.018666666666666668 0.07
1 0.9726666666666667 0.4475 0.05466666666666667 0.235