1 0.965 0.7213855421686747 0.07 0.12349397590361445
1 0.854 0.7183734939759037 0.072 0.1355421686746988
1 0.705 0.6656626506024096 0.066 0.12048192771084337
1 0.581 0.6445783132530121 0.062 0.1144578313253012
1 0.44 0.6174698795180723 0.068 0.12048192771084337
1 0.359 0.677710843373494 0.074 0.1144578313253012
1 0.157 0.6506024096385542 0.07 0.12048192771084337
1 0.071 0.5436746987951807 0.054 0.08132530120481928
1 0.024 0.4759036144578313 0.04 0.07228915662650602
1 0.087 0.4743975903614458 0.042 0.06325301204819277
1 0.076 0.42771084337349397 0.044 0.04819277108433735
1 0.033 0.42168674698795183 0.03 0.05421686746987952
1 0.113 0.4246987951807229 0.03 0.060240963855421686
1 0.15 0.4743975903614458 0.04 0.08132530120481928
1 0.173 0.4307228915662651 0.046 0.04819277108433735
1 0.19 0.49096385542168675 0.032 0.07228915662650602
1 0.231 0.5 0.05 0.0783132530120482
1 0.228 0.4397590361445783 0.032 0.05421686746987952
1 0.288 0.4307228915662651 0.036 0.060240963855421686
1 0.345 0.5060240963855421 0.042 0.07228915662650602
1 0.346 0.4442771084337349 0.032 0.06325301204819277
1 0.4 0.45933734939759036 0.044 0.07530120481927711
1 0.443 0.5 0.038 0.060240963855421686
1 0.514 0.49698795180722893 0.04 0.07228915662650602
1 0.537 0.463855421686747 0.038 0.06626506024096386
1 0.588 0.5331325301204819 0.044 0.0783132530120482
1 0.605 0.4743975903614458 0.034 0.06927710843373494
1 0.658 0.4789156626506024 0.036 0.06626506024096386
1 0.689 0.5331325301204819 0.046 0.09036144578313253
1 0.772 0.5617469879518072 0.056 0.08734939759036145
1 0.756 0.4759036144578313 0.036 0.060240963855421686
1 0.82 0.48493975903614456 0.032 0.05421686746987952
1 0.87 0.5256024096385542 0.04 0.06927710843373494
1 0.91 0.5135542168674698 0.04 0.06927710843373494
1 0.964 0.5572289156626506 0.048 0.0783132530120482
1 0.936 0.30873493975903615 0.032 0.05120481927710843
1 0.904 0.3117469879518072 0.032 0.05120481927710843
1 0.886 0.3042168674698795 0.024 0.04216867469879518
1 0.858 0.3117469879518072 0.028 0.045180722891566265
1 0.824 0.30120481927710846 0.024 0.04216867469879518
1 0.789 0.3072289156626506 0.026 0.04216867469879518
1 0.775 0.28463855421686746 0.026 0.0391566265060241
1 0.807 0.2786144578313253 0.018 0.03313253012048193
1 0.852 0.2756024096385542 0.02 0.0391566265060241
1 0.837 0.1822289156626506 0.022 0.0391566265060241
1 0.808 0.1686746987951807 0.02 0.04216867469879518
1 0.772 0.17319277108433734 0.028 0.045180722891566265
1 0.748 0.13855421686746988 0.02 0.030120481927710843
1 0.73 0.16566265060240964 0.02 0.03614457831325301
1 0.715 0.17018072289156627 0.018 0.02710843373493976
1 0.692 0.16566265060240964 0.02 0.03614457831325301
1 0.668 0.17319277108433734 0.02 0.03313253012048193
1 0.655 0.1746987951807229 0.018 0.03614457831325301
1 0.628 0.17018072289156627 0.016 0.045180722891566265
1 0.615 0.17018072289156627 0.018 0.03313253012048193
1 0.579 0.17319277108433734 0.014 0.03313253012048193
1 0.558 0.17620481927710843 0.02 0.02710843373493976
1 0.515 0.14909638554216867 0.022 0.03313253012048193
1 0.498 0.16716867469879518 0.02 0.03313253012048193
1 0.474 0.16716867469879518 0.016 0.03313253012048193
1 0.736 0.3042168674698795 0.024 0.05421686746987952
1 0.749 0.2605421686746988 0.018 0.0391566265060241
1 0.711 0.2876506024096386 0.022 0.0391566265060241
1 0.692 0.2816265060240964 0.024 0.0391566265060241
1 0.67 0.2876506024096386 0.024 0.045180722891566265
1 0.652 0.2756024096385542 0.02 0.0391566265060241
1 0.626 0.286144578313253 0.024 0.03614457831325301
1 0.621 0.2545180722891566 0.022 0.03313253012048193
1 0.606 0.2816265060240964 0.016 0.0391566265060241
1 0.578 0.26656626506024095 0.02 0.0391566265060241
1 0.559 0.27259036144578314 0.022 0.02710843373493976
1 0.508 0.2891566265060241 0.024 0.04216867469879518
1 0.528 0.286144578313253 0.024 0.04216867469879518
1 0.502 0.2620481927710843 0.02 0.03614457831325301
1 0.478 0.2710843373493976 0.02 0.03614457831325301
1 0.463 0.3042168674698795 0.026 0.04216867469879518
1 0.435 0.2891566265060241 0.026 0.03614457831325301
1 0.441 0.25301204819277107 0.026 0.04216867469879518
1 0.409 0.26957831325301207 0.022 0.03313253012048193
1 0.375 0.26957831325301207 0.022 0.0391566265060241
1 0.35 0.26957831325301207 0.024 0.045180722891566265
1 0.327 0.286144578313253 0.022 0.04216867469879518
1 0.226 0.2921686746987952 0.036 0.04216867469879518
1 0.199 0.2710843373493976 0.034 0.04819277108433735
1 0.151 0.29518072289156627 0.026 0.04819277108433735
1 0.115 0.29518072289156627 0.03 0.04216867469879518
1 0.126 0.26957831325301207 0.024 0.045180722891566265
1 0.087 0.2786144578313253 0.026 0.03313253012048193
1 0.064 0.29066265060240964 0.024 0.0391566265060241
1 0.046 0.2740963855421687 0.024 0.03614457831325301
1 0.06 0.24397590361445784 0.02 0.030120481927710843
1 0.027 0.2620481927710843 0.022 0.030120481927710843
1 0.014 0.2996987951807229 0.024 0.05120481927710843
1 0.075 0.16716867469879518 0.022 0.03313253012048193
1 0.119 0.1822289156626506 0.022 0.03313253012048193
1 0.156 0.17319277108433734 0.024 0.0391566265060241
1 0.178 0.1746987951807229 0.02 0.03614457831325301
1 0.194 0.17018072289156627 0.016 0.02710843373493976
1 0.211 0.17319277108433734 0.018 0.0391566265060241
1 0.239 0.1716867469879518 0.022 0.030120481927710843
1 0.27 0.1716867469879518 0.016 0.03614457831325301
1 0.286 0.17319277108433734 0.024 0.0391566265060241
1 0.33 0.1686746987951807 0.016 0.030120481927710843
1 0.366 0.1686746987951807 0.02 0.030120481927710843
1 0.349 0.17921686746987953 0.014 0.03313253012048193
1 0.314 0.16566265060240964 0.016 0.030120481927710843
1 0.406 0.15512048192771086 0.02 0.03313253012048193
1 0.437 0.1716867469879518 0.022 0.03614457831325301