1 0.6000926784059314 0.25533661740558294 0.030583873957367932 0.05090311986863711
1 0.7493049119555144 0.21510673234811165 0.025023169601482854 0.04926108374384237
1 0.7154772937905468 0.18472906403940886 0.016682113067655237 0.041050903119868636
1 0.6788693234476367 0.07881773399014778 0.015755329008341055 0.029556650246305417
1 0.6056533827618165 0.10098522167487685 0.019462465245597776 0.041050903119868636
1 0.5727525486561631 0.13218390804597702 0.016682113067655237 0.034482758620689655
1 0.4902687673772011 0.2988505747126437 0.027803521779425393 0.04926108374384237
1 0.4267840593141798 0.25205254515599346 0.025023169601482854 0.05090311986863711
1 0.38924930491195553 0.25205254515599346 0.016682113067655237 0.04433497536945813
1 0.32252085264133457 0.27011494252873564 0.020389249304911955 0.041050903119868636
1 0.4606116774791474 0.21921182266009853 0.016682113067655237 0.041050903119868636
1 0.44670991658943465 0.180623973727422 0.014828544949026877 0.0361247947454844
1 0.4749768303985171 0.180623973727422 0.013901760889712697 0.03940886699507389
1 0.48748841519925856 0.19458128078817735 0.016682113067655237 0.03776683087027915
1 0.4763670064874884 0.2175697865353038 0.018535681186283594 0.041050903119868636
1 0.0505097312326228 0.34236453201970446 0.019462465245597776 0.03776683087027915