1 0.0896039603960396 0.2829861111111111 0.020792079207920793 0.04861111111111111
1 0.27920792079207923 0.2378472222222222 0.015841584158415842 0.03125
1 0.29405940594059404 0.234375 0.013861386138613862 0.027777777777777776
1 0.3316831683168317 0.22569444444444445 0.015841584158415842 0.03125
1 0.35099009900990097 0.18489583333333334 0.01485148514851485 0.029513888888888888
1 0.35544554455445543 0.2013888888888889 0.015841584158415842 0.027777777777777776
1 0.35099009900990097 0.2309027777777778 0.01881188118811881 0.03125
1 0.3792079207920792 0.2421875 0.01782178217821782 0.03298611111111111
1 0.3797029702970297 0.20833333333333334 0.01485148514851485 0.027777777777777776
1 0.3925742574257426 0.2152777777777778 0.01881188118811881 0.03819444444444445
1 0.41237623762376235 0.24131944444444445 0.020792079207920793 0.03819444444444445
1 0.4064356435643564 0.17708333333333334 0.01485148514851485 0.027777777777777776
1 0.4034653465346535 0.1675347222222222 0.01287128712871287 0.022569444444444444
1 0.4277227722772277 0.1684027777777778 0.011881188118811881 0.017361111111111112
1 0.42475247524752474 0.19444444444444445 0.013861386138613862 0.024305555555555556
1 0.4301980198019802 0.2092013888888889 0.01485148514851485 0.029513888888888888
1 0.44801980198019803 0.203125 0.01485148514851485 0.024305555555555556
1 0.4618811881188119 0.21788194444444445 0.01881188118811881 0.03298611111111111
1 0.44653465346534654 0.2569444444444444 0.02178217821782178 0.03819444444444445
1 0.4514851485148515 0.1640625 0.015841584158415842 0.029513888888888888
1 0.4900990099009901 0.1579861111111111 0.011881188118811881 0.024305555555555556
1 0.500990099009901 0.1605902777777778 0.013861386138613862 0.026041666666666668
1 0.5064356435643564 0.1362847222222222 0.01089108910891089 0.019097222222222224
1 0.5341584158415842 0.13975694444444445 0.01485148514851485 0.029513888888888888
1 0.5287128712871287 0.1892361111111111 0.015841584158415842 0.027777777777777776
1 0.5089108910891089 0.1918402777777778 0.013861386138613862 0.029513888888888888
1 0.5405940594059406 0.1675347222222222 0.013861386138613862 0.029513888888888888
1 0.553960396039604 0.1345486111111111 0.01287128712871287 0.026041666666666668
1 0.557920792079208 0.1467013888888889 0.01485148514851485 0.029513888888888888
1 0.5618811881188119 0.1909722222222222 0.01485148514851485 0.034722222222222224
1 0.5722772277227722 0.17100694444444445 0.013861386138613862 0.03298611111111111
1 0.5797029702970297 0.14930555555555555 0.01287128712871287 0.027777777777777776
1 0.598019801980198 0.08333333333333333 0.011881188118811881 0.020833333333333332
1 0.6207920792079208 0.11024305555555555 0.009900990099009901 0.019097222222222224
1 0.6198019801980198 0.1284722222222222 0.011881188118811881 0.020833333333333332
1 0.5995049504950495 0.1519097222222222 0.01287128712871287 0.026041666666666668
1 0.6103960396039604 0.1701388888888889 0.01287128712871287 0.027777777777777776
1 0.6297029702970297 0.1484375 0.011881188118811881 0.026041666666666668
1 0.6455445544554456 0.12760416666666666 0.013861386138613862 0.026041666666666668
1 0.6643564356435644 0.1171875 0.011881188118811881 0.022569444444444444
1 0.6673267326732674 0.13020833333333334 0.011881188118811881 0.020833333333333332
1 0.6475247524752475 0.16319444444444445 0.011881188118811881 0.024305555555555556
1 0.6851485148514852 0.1423611111111111 0.013861386138613862 0.027777777777777776
1 0.6905940594059405 0.11979166666666667 0.01089108910891089 0.020833333333333332
1 0.7128712871287128 0.125 0.013861386138613862 0.024305555555555556
1 0.599009900990099 0.23524305555555555 0.019801980198019802 0.036458333333333336
1 0.6435643564356436 0.2612847222222222 0.02574257425742574 0.03993055555555555
1 0.6747524752475248 0.1918402777777778 0.016831683168316833 0.03298611111111111
1 0.6881188118811881 0.22916666666666666 0.01782178217821782 0.03819444444444445
1 0.693069306930693 0.2760416666666667 0.01782178217821782 0.041666666666666664
1 0.7029702970297029 0.3203125 0.02574257425742574 0.06076388888888889
1 0.7207920792079208 0.19444444444444445 0.015841584158415842 0.03125
1 0.7064356435643564 0.18836805555555555 0.01881188118811881 0.03298611111111111
1 0.7396039603960396 0.1579861111111111 0.013861386138613862 0.027777777777777776
1 0.7435643564356436 0.1779513888888889 0.01782178217821782 0.03298611111111111
1 0.7603960396039604 0.20572916666666666 0.01782178217821782 0.03298611111111111
1 0.7405940594059406 0.24131944444444445 0.01782178217821782 0.03819444444444445
1 0.7747524752475248 0.2526041666666667 0.01881188118811881 0.046875
1 0.8004950495049505 0.296875 0.024752475247524754 0.04513888888888889
1 0.807920792079208 0.2222222222222222 0.01782178217821782 0.034722222222222224
1 0.8287128712871287 0.2717013888888889 0.02178217821782178 0.046875
1 0.848019801980198 0.2282986111111111 0.016831683168316833 0.036458333333333336
1 0.9178217821782179 0.3602430555555556 0.02574257425742574 0.05381944444444445
1 0.9297029702970298 0.265625 0.01782178217821782 0.03819444444444445
1 0.9519801980198019 0.22743055555555555 0.01485148514851485 0.03125
1 0.942079207920792 0.21614583333333334 0.01485148514851485 0.03298611111111111
1 0.9589108910891089 0.20225694444444445 0.01287128712871287 0.029513888888888888
1 0.9519801980198019 0.1953125 0.01089108910891089 0.022569444444444444
1 0.9188118811881189 0.1640625 0.013861386138613862 0.022569444444444444
1 0.9138613861386139 0.18836805555555555 0.013861386138613862 0.03298611111111111
1 0.9074257425742575 0.1918402777777778 0.01287128712871287 0.03298611111111111
1 0.9004950495049505 0.21961805555555555 0.01287128712871287 0.03993055555555555
1 0.8871287128712871 0.2465277777777778 0.019801980198019802 0.041666666666666664
1 0.8772277227722772 0.19010416666666666 0.015841584158415842 0.029513888888888888
1 0.8816831683168317 0.1684027777777778 0.01287128712871287 0.024305555555555556
1 0.8618811881188119 0.1640625 0.01089108910891089 0.026041666666666668
1 0.846039603960396 0.17274305555555555 0.01485148514851485 0.029513888888888888
1 0.8376237623762376 0.1875 0.011881188118811881 0.024305555555555556
1 0.8237623762376237 0.2170138888888889 0.015841584158415842 0.024305555555555556
1 0.8014851485148515 0.1779513888888889 0.01287128712871287 0.022569444444444444
1 0.8094059405940595 0.14322916666666666 0.01089108910891089 0.022569444444444444
1 0.8415841584158416 0.1467013888888889 0.009900990099009901 0.022569444444444444
1 0.7910891089108911 0.15885416666666666 0.011881188118811881 0.026041666666666668
1 0.7787128712871287 0.15538194444444445 0.01287128712871287 0.022569444444444444
1 0.7861386138613862 0.140625 0.011881188118811881 0.020833333333333332
1 0.7648514851485149 0.1449652777777778 0.01287128712871287 0.029513888888888888
1 0.752970297029703 0.3888888888888889 0.030693069306930693 0.0625