1 0.020168067226890758 0.43713872832369943 0.02857142857142857 0.059248554913294796
1 0.6256302521008403 0.20881502890173412 0.012605042016806723 0.02167630057803468
1 0.4815126050420168 0.24421965317919075 0.013445378151260505 0.028901734104046242
1 0.28991596638655465 0.3106936416184971 0.01680672268907563 0.03468208092485549
1 0.2415966386554622 0.3439306358381503 0.01764705882352941 0.03757225433526012
1 0.36764705882352944 0.2984104046242775 0.012605042016806723 0.033236994219653176
1 0.2718487394957983 0.35621387283236994 0.0226890756302521 0.04190751445086705
1 0.29327731092436976 0.3684971098265896 0.020168067226890758 0.04335260115606936
1 0.39663865546218485 0.2695086705202312 0.013445378151260505 0.036127167630057806
1 0.34789915966386553 0.3684971098265896 0.021848739495798318 0.049132947976878616
1 0.3907563025210084 0.3547687861271676 0.01680672268907563 0.03901734104046243
1 0.4361344537815126 0.26445086705202314 0.010084033613445379 0.02023121387283237
1 0.4180672268907563 0.35332369942196534 0.02100840336134454 0.04190751445086705
1 0.4226890756302521 0.3078034682080925 0.015126050420168067 0.03468208092485549
1 0.45546218487394957 0.31358381502890176 0.018487394957983194 0.04046242774566474
1 0.4638655462184874 0.34609826589595377 0.021848739495798318 0.036127167630057806
1 0.48445378151260504 0.31141618497109824 0.01764705882352941 0.036127167630057806
1 0.5172268907563026 0.27167630057803466 0.019327731092436976 0.03468208092485549
1 0.5340336134453781 0.25578034682080925 0.012605042016806723 0.028901734104046242
1 0.5521008403361345 0.2586705202312139 0.013445378151260505 0.031791907514450865
1 0.5659663865546218 0.23482658959537572 0.014285714285714285 0.02745664739884393
1 0.5882352941176471 0.23627167630057805 0.01680672268907563 0.033236994219653176
1 0.5764705882352941 0.2904624277456647 0.015126050420168067 0.031791907514450865
1 0.534453781512605 0.32008670520231214 0.013445378151260505 0.030346820809248554
1 0.6218487394957983 0.25939306358381503 0.011764705882352941 0.033236994219653176
1 0.646218487394958 0.22687861271676302 0.015126050420168067 0.03468208092485549
1 0.6596638655462185 0.25072254335260113 0.018487394957983194 0.044797687861271675
1 0.6756302521008404 0.22326589595375723 0.010084033613445379 0.01878612716763006
1 0.6869747899159664 0.23049132947976878 0.014285714285714285 0.024566473988439308
1 0.7016806722689075 0.24421965317919075 0.015126050420168067 0.031791907514450865
1 0.7201680672268908 0.26011560693641617 0.01680672268907563 0.03468208092485549
1 0.6899159663865546 0.27239884393063585 0.025210084033613446 0.033236994219653176
1 0.6516806722689076 0.3041907514450867 0.02100840336134454 0.036127167630057806
1 0.6067226890756302 0.33815028901734107 0.023529411764705882 0.04046242774566474
1 0.7605042016806722 0.22904624277456648 0.013445378151260505 0.030346820809248554
1 0.8016806722689076 0.23771676300578035 0.013445378151260505 0.036127167630057806
1 0.8289915966386555 0.24855491329479767 0.014285714285714285 0.02601156069364162
1 0.5121848739495798 0.4046242774566474 0.0226890756302521 0.049132947976878616
1 0.5529411764705883 0.37210982658959535 0.023529411764705882 0.05635838150289017
1 0.5550420168067227 0.41184971098265893 0.024369747899159664 0.049132947976878616
1 0.6218487394957983 0.43352601156069365 0.02857142857142857 0.05202312138728324
1 0.6260504201680672 0.38511560693641617 0.030252100840336135 0.05057803468208093
1 0.6659663865546218 0.33598265895953755 0.01764705882352941 0.04190751445086705
1 0.6827731092436975 0.37572254335260113 0.02773109243697479 0.049132947976878616
1 0.680672268907563 0.4523121387283237 0.030252100840336135 0.057803468208092484
1 0.6983193277310924 0.3179190751445087 0.025210084033613446 0.04046242774566474
1 0.7075630252100841 0.36054913294797686 0.021848739495798318 0.033236994219653176
1 0.7403361344537815 0.2991329479768786 0.01680672268907563 0.03757225433526012
1 0.765126050420168 0.2745664739884393 0.015966386554621848 0.031791907514450865
1 0.7840336134453781 0.28829479768786126 0.013445378151260505 0.02745664739884393
1 0.7600840336134453 0.40390173410404623 0.029411764705882353 0.05057803468208093
1 0.7331932773109243 0.5122832369942196 0.03949579831932773 0.09971098265895954
1 0.8521008403361344 0.5267341040462428 0.030252100840336135 0.06213872832369942
1 0.8109243697478992 0.4147398843930636 0.025210084033613446 0.04335260115606936
1 0.8676470588235294 0.25939306358381503 0.01764705882352941 0.030346820809248554
1 0.8798319327731092 0.2745664739884393 0.01680672268907563 0.04046242774566474
1 0.8953781512605042 0.2579479768786127 0.012605042016806723 0.024566473988439308
1 0.8331932773109244 0.3078034682080925 0.014285714285714285 0.03468208092485549
1 0.8689075630252101 0.3157514450867052 0.015126050420168067 0.033236994219653176
1 0.8957983193277311 0.36921965317919075 0.02689075630252101 0.05057803468208093
1 0.9012605042016807 0.3236994219653179 0.015966386554621848 0.04046242774566474
1 0.9147058823529411 0.29696531791907516 0.014285714285714285 0.03901734104046243
1 0.9399159663865546 0.4067919075144509 0.026050420168067228 0.044797687861271675
1 0.8642857142857143 0.4458092485549133 0.034453781512605045 0.044797687861271675
1 0.8289915966386555 0.3829479768786127 0.015966386554621848 0.03757225433526012
1 0.9310924369747899 0.4689306358381503 0.031932773109243695 0.05346820809248555
1 0.9483193277310924 0.3583815028901734 0.01764705882352941 0.03757225433526012
1 0.9588235294117647 0.2904624277456647 0.015126050420168067 0.03468208092485549
1 0.47352941176470587 0.25216763005780346 0.015966386554621848 0.033236994219653176
1 0.6378151260504201 0.2709537572254335 0.015126050420168067 0.03901734104046243
1 0.6189075630252101 0.22976878612716764 0.012605042016806723 0.03468208092485549
1 0.638235294117647 0.22976878612716764 0.009243697478991597 0.031791907514450865
1 0.9588235294117647 0.3041907514450867 0.013445378151260505 0.033236994219653176
1 0.8827731092436975 0.4234104046242775 0.01764705882352941 0.049132947976878616