1 0.0175 0.606516290726817 0.018333333333333333 0.03007518796992481
1 0.0475 0.6040100250626567 0.018333333333333333 0.02506265664160401
1 0.1175 0.6090225563909775 0.015 0.02506265664160401
1 0.09083333333333334 0.6140350877192983 0.011666666666666667 0.020050125313283207
1 0.1025 0.6102756892230576 0.011666666666666667 0.022556390977443608
1 0.15583333333333332 0.600250626566416 0.011666666666666667 0.017543859649122806
1 0.17333333333333334 0.606516290726817 0.013333333333333334 0.020050125313283207
1 0.1875 0.6052631578947368 0.015 0.022556390977443608
1 0.1875 0.556390977443609 0.011666666666666667 0.015037593984962405
1 0.20583333333333334 0.5964912280701754 0.011666666666666667 0.020050125313283207
1 0.22333333333333333 0.5939849624060151 0.013333333333333334 0.02506265664160401
1 0.23833333333333334 0.5914786967418546 0.013333333333333334 0.020050125313283207
1 0.25833333333333336 0.600250626566416 0.013333333333333334 0.022556390977443608
1 0.26916666666666667 0.5989974937343359 0.011666666666666667 0.020050125313283207
1 0.2925 0.5964912280701754 0.011666666666666667 0.02506265664160401
1 0.011666666666666667 0.7957393483709273 0.02 0.03258145363408521
1 0.034166666666666665 0.8295739348370927 0.018333333333333333 0.03508771929824561
1 0.04833333333333333 0.8383458646616542 0.02 0.02756892230576441
1 0.11916666666666667 0.8546365914786967 0.025 0.03508771929824561
1 0.1675 0.8308270676691729 0.025 0.042606516290726815
1 0.15833333333333333 0.8007518796992481 0.023333333333333334 0.042606516290726815
1 0.13083333333333333 0.8145363408521303 0.028333333333333332 0.03508771929824561
1 0.2 0.8383458646616542 0.03333333333333333 0.042606516290726815
1 0.21833333333333332 0.8107769423558897 0.02 0.03759398496240601
1 0.36583333333333334 0.7706766917293233 0.021666666666666667 0.03258145363408521
1 0.4066666666666667 0.7731829573934837 0.016666666666666666 0.03258145363408521
1 0.4025 0.8270676691729323 0.025 0.03508771929824561
1 0.37166666666666665 0.8508771929824561 0.023333333333333334 0.03759398496240601
1 0.30583333333333335 0.8383458646616542 0.021666666666666667 0.03759398496240601
1 0.34 0.849624060150376 0.03 0.045112781954887216
1 0.265 0.8333333333333334 0.03 0.042606516290726815
1 0.45666666666666667 0.8471177944862155 0.03333333333333333 0.05012531328320802
1 0.455 0.7794486215538847 0.02 0.040100250626566414
1 0.4975 0.793233082706767 0.018333333333333333 0.03258145363408521
1 0.5216666666666666 0.8458646616541353 0.03333333333333333 0.047619047619047616
1 0.5575 0.7731829573934837 0.021666666666666667 0.042606516290726815
1 0.5858333333333333 0.8471177944862155 0.028333333333333332 0.03508771929824561
1 0.6008333333333333 0.8383458646616542 0.018333333333333333 0.02756892230576441
1 0.6316666666666667 0.8471177944862155 0.02666666666666667 0.040100250626566414
1 0.6575 0.8345864661654135 0.018333333333333333 0.03508771929824561
1 0.6841666666666667 0.8533834586466166 0.025 0.02756892230576441
1 0.6891666666666667 0.8283208020050126 0.018333333333333333 0.02756892230576441
1 0.7125 0.8283208020050126 0.018333333333333333 0.03258145363408521
1 0.7483333333333333 0.849624060150376 0.023333333333333334 0.03508771929824561
1 0.7675 0.8245614035087719 0.021666666666666667 0.02506265664160401
1 0.7875 0.7418546365914787 0.018333333333333333 0.03508771929824561
1 0.8275 0.843358395989975 0.018333333333333333 0.02756892230576441
1 0.8625 0.8358395989974937 0.015 0.03258145363408521
1 0.8275 0.8233082706766918 0.018333333333333333 0.022556390977443608
1 0.9341666666666667 0.8521303258145363 0.028333333333333332 0.040100250626566414
1 0.8816666666666667 0.8508771929824561 0.03 0.03759398496240601
1 0.9325 0.62531328320802 0.015 0.02756892230576441
1 0.9125 0.6278195488721805 0.015 0.02756892230576441
1 0.8941666666666667 0.6265664160401002 0.015 0.02506265664160401
1 0.8875 0.6215538847117794 0.015 0.02506265664160401
1 0.8683333333333333 0.6265664160401002 0.016666666666666666 0.02506265664160401
1 0.855 0.6215538847117794 0.013333333333333334 0.02506265664160401
1 0.8216666666666667 0.6090225563909775 0.013333333333333334 0.02506265664160401
1 0.8333333333333334 0.6102756892230576 0.013333333333333334 0.022556390977443608
1 0.8066666666666666 0.6090225563909775 0.013333333333333334 0.020050125313283207
1 0.7791666666666667 0.6077694235588973 0.011666666666666667 0.022556390977443608
1 0.7708333333333334 0.6052631578947368 0.008333333333333333 0.022556390977443608
1 0.7633333333333333 0.606516290726817 0.01 0.020050125313283207