1 0.211306765523633 0.35633116883116883 0.04819277108433735 0.09253246753246754
1 0.28544949026876737 0.26136363636363635 0.022242817423540315 0.03896103896103896
1 0.33225208526413347 0.2824675324675325 0.023169601482854494 0.04220779220779221
1 0.34615384615384615 0.26055194805194803 0.021316033364226137 0.040584415584415584
1 0.35032437442076 0.21428571428571427 0.016682113067655237 0.03896103896103896
1 0.3799814643188137 0.20292207792207792 0.018535681186283594 0.032467532467532464
1 0.3860055607043559 0.20535714285714285 0.013901760889712697 0.024350649350649352
1 0.42863762743280814 0.2800324675324675 0.028730305838739572 0.04707792207792208
1 0.4397590361445783 0.2353896103896104 0.017608897126969416 0.032467532467532464
1 0.41936978683966636 0.21753246753246752 0.017608897126969416 0.03896103896103896
1 0.422613531047266 0.1737012987012987 0.016682113067655237 0.02922077922077922
1 0.4406858202038925 0.19967532467532467 0.017608897126969416 0.03571428571428571
1 0.4652455977757183 0.19480519480519481 0.018535681186283594 0.032467532467532464
1 0.44439295644114923 0.16314935064935066 0.015755329008341055 0.030844155844155844
1 0.46570898980537534 0.1590909090909091 0.015755329008341055 0.02922077922077922
1 0.494902687673772 0.17126623376623376 0.016682113067655237 0.03409090909090909
1 0.49212233549582945 0.21103896103896103 0.018535681186283594 0.03571428571428571
1 0.48285449490268767 0.13392857142857142 0.012974976830398516 0.021103896103896104
1 0.5157553290083411 0.14123376623376624 0.017608897126969416 0.03896103896103896
1 0.5375347544022243 0.13392857142857142 0.016682113067655237 0.030844155844155844
1 0.5542168674698795 0.1241883116883117 0.012974976830398516 0.021103896103896104
1 0.5625579240037072 0.16152597402597402 0.014828544949026877 0.037337662337662336
1 0.5481927710843374 0.16152597402597402 0.015755329008341055 0.030844155844155844
1 0.5750695088044485 0.16152597402597402 0.015755329008341055 0.03409090909090909
1 0.5240963855421686 0.23457792207792208 0.019462465245597776 0.040584415584415584
1 0.5866543095458758 0.1396103896103896 0.011121408711770158 0.02922077922077922
1 0.58758109360519 0.10957792207792208 0.012974976830398516 0.024350649350649352
1 0.6098239110287303 0.12175324675324675 0.012974976830398516 0.01948051948051948
1 0.6042632066728453 0.14204545454545456 0.012974976830398516 0.030844155844155844
1 0.6862835959221502 0.10795454545454546 0.015755329008341055 0.037337662337662336
1 0.4763670064874884 0.32386363636363635 0.029657089898053754 0.05357142857142857
1 0.5421686746987951 0.31655844155844154 0.03151065801668211 0.06168831168831169
1 0.5634847080630213 0.23944805194805194 0.020389249304911955 0.04383116883116883
1 0.6061167747914736 0.2556818181818182 0.022242817423540315 0.04707792207792208
1 0.6130676552363299 0.20616883116883117 0.021316033364226137 0.045454545454545456
1 0.5945319740500463 0.3181818181818182 0.030583873957367932 0.06168831168831169
1 0.6566265060240963 0.2637987012987013 0.021316033364226137 0.04707792207792208
1 0.6658943466172382 0.2021103896103896 0.023169601482854494 0.04707792207792208
1 0.6770157553290084 0.1672077922077922 0.019462465245597776 0.04220779220779221
1 0.7080630213160334 0.20373376623376624 0.020389249304911955 0.04383116883116883
1 0.7085264133456904 0.2832792207792208 0.030583873957367932 0.056818181818181816
1 0.706209453197405 0.3352272727272727 0.03151065801668211 0.0633116883116883
1 0.767840593141798 0.32142857142857145 0.026876737720111215 0.06168831168831169
1 0.6983317886932344 0.17775974025974026 0.017608897126969416 0.03409090909090909
1 0.7048192771084337 0.14366883116883117 0.019462465245597776 0.040584415584415584
1 0.7293790546802595 0.15584415584415584 0.018535681186283594 0.03571428571428571
1 0.7432808155699722 0.1875 0.016682113067655237 0.037337662337662336
1 0.747451343836886 0.1525974025974026 0.015755329008341055 0.03571428571428571
1 0.7312326227988879 0.12824675324675325 0.014828544949026877 0.032467532467532464
1 0.7488415199258572 0.10633116883116883 0.014828544949026877 0.027597402597402596
1 0.7613531047265987 0.12824675324675325 0.015755329008341055 0.032467532467532464
1 0.7868396663577386 0.14204545454545456 0.018535681186283594 0.037337662337662336
1 0.8072289156626506 0.13230519480519481 0.011121408711770158 0.030844155844155844
1 0.7974976830398517 0.18181818181818182 0.015755329008341055 0.04220779220779221
1 0.8127896200185357 0.17126623376623376 0.016682113067655237 0.030844155844155844
1 0.8419833178869324 0.19480519480519481 0.019462465245597776 0.04220779220779221
1 0.8688600556070436 0.23133116883116883 0.021316033364226137 0.04383116883116883
1 0.8836886005560705 0.1875 0.019462465245597776 0.037337662337662336
1 0.9147358665430955 0.18831168831168832 0.018535681186283594 0.045454545454545456
1 0.8670064874884152 0.13230519480519481 0.013901760889712697 0.027597402597402596
1 0.9666357738646896 0.11201298701298701 0.016682113067655237 0.032467532467532464