1 0.0840080971659919 0.2824956672443674 0.02631578947368421 0.05199306759098787
1 0.28643724696356276 0.231369150779896 0.020242914979757085 0.03292894280762565
1 0.3016194331983806 0.24263431542461006 0.022267206477732792 0.03119584055459272
1 0.34210526315789475 0.18804159445407279 0.016194331983805668 0.03292894280762565
1 0.3623481781376518 0.19324090121317158 0.018218623481781375 0.03292894280762565
1 0.3674089068825911 0.22616984402079723 0.022267206477732792 0.03986135181975736
1 0.3876518218623482 0.23570190641247835 0.020242914979757085 0.0415944540727903
1 0.3866396761133603 0.2001733102253033 0.018218623481781375 0.03292894280762565
1 0.40384615384615385 0.20537261698440207 0.020242914979757085 0.03292894280762565
1 0.3942307692307692 0.17417677642980936 0.01720647773279352 0.029462738301559793
1 0.4159919028340081 0.17244367417677642 0.01417004048582996 0.029462738301559793
1 0.4331983805668016 0.2001733102253033 0.018218623481781375 0.036395147313691506
1 0.41953441295546556 0.2391681109185442 0.02327935222672065 0.038128249566724434
1 0.45799595141700405 0.24436741767764297 0.02327935222672065 0.045060658578856154
1 0.4716599190283401 0.21057192374350087 0.020242914979757085 0.03986135181975736
1 0.4600202429149798 0.2001733102253033 0.01720647773279352 0.03292894280762565
1 0.43775303643724695 0.16291161178509533 0.015182186234817813 0.024263431542461005
1 0.45546558704453444 0.16204506065857885 0.016194331983805668 0.03292894280762565
1 0.5005060728744939 0.14904679376083188 0.015182186234817813 0.02772963604852686
1 0.5116396761133604 0.15337954939341422 0.01720647773279352 0.03292894280762565
1 0.5161943319838057 0.18457538994800693 0.016194331983805668 0.03292894280762565
1 0.5161943319838057 0.13344887348353554 0.012145748987854251 0.024263431542461005
1 0.5268218623481782 0.14991334488734837 0.015182186234817813 0.029462738301559793
1 0.5394736842105263 0.18024263431542462 0.018218623481781375 0.02772963604852686
1 0.5541497975708503 0.16031195840554593 0.019230769230769232 0.029462738301559793
1 0.5374493927125507 0.1386481802426343 0.01417004048582996 0.02079722703639515
1 0.5683198380566802 0.13951473136915077 0.015182186234817813 0.025996533795493933
1 0.5662955465587044 0.12391681109185441 0.011133603238866396 0.01559792027729636
1 0.5845141700404858 0.16204506065857885 0.015182186234817813 0.029462738301559793
1 0.5743927125506073 0.18630849220103987 0.02125506072874494 0.03986135181975736
1 0.5926113360323887 0.14211438474870017 0.013157894736842105 0.02772963604852686
1 0.6244939271255061 0.1663778162911612 0.016194331983805668 0.03119584055459272
1 0.6082995951417004 0.1412478336221837 0.01417004048582996 0.025996533795493933
1 0.6300607287449392 0.1291161178509532 0.015182186234817813 0.029462738301559793
1 0.6427125506072875 0.1386481802426343 0.016194331983805668 0.03119584055459272
1 0.659919028340081 0.12131715771230503 0.01417004048582996 0.02772963604852686
1 0.6766194331983806 0.11265164644714037 0.013157894736842105 0.02079722703639515
1 0.6821862348178138 0.1265164644714038 0.01417004048582996 0.03119584055459272
1 0.6624493927125507 0.15944540727902945 0.013157894736842105 0.03119584055459272
1 0.701417004048583 0.1360485268630849 0.01417004048582996 0.03292894280762565
1 0.7064777327935222 0.11611785095320624 0.012145748987854251 0.024263431542461005
1 0.7282388663967612 0.11871750433275563 0.013157894736842105 0.029462738301559793
1 0.6108299595141701 0.22616984402079723 0.025303643724696356 0.043327556325823226
1 0.6422064777327935 0.21057192374350087 0.025303643724696356 0.043327556325823226
1 0.6568825910931174 0.2538994800693241 0.024291497975708502 0.05025996533795494
1 0.6857287449392713 0.18284228769497402 0.019230769230769232 0.03986135181975736
1 0.7034412955465587 0.22357019064124783 0.022267206477732792 0.038128249566724434
1 0.7115384615384616 0.25736568457538994 0.024291497975708502 0.04679376083188908
1 0.7171052631578947 0.3275563258232236 0.0354251012145749 0.07625649913344887
1 0.770748987854251 0.38128249566724437 0.04149797570850203 0.0658578856152513
1 0.7358299595141701 0.1854419410745234 0.020242914979757085 0.0415944540727903
1 0.7211538461538461 0.18024263431542462 0.01720647773279352 0.03119584055459272
1 0.757085020242915 0.1733102253032929 0.018218623481781375 0.038128249566724434
1 0.7545546558704453 0.1464471403812825 0.01720647773279352 0.03292894280762565
1 0.7834008097165992 0.13778162911611785 0.01417004048582996 0.03292894280762565
1 0.8031376518218624 0.13778162911611785 0.011133603238866396 0.025996533795493933
1 0.8107287449392713 0.1464471403812825 0.012145748987854251 0.025996533795493933
1 0.819331983805668 0.17157712305025996 0.015182186234817813 0.03119584055459272
1 0.8208502024291497 0.2123050259965338 0.020242914979757085 0.03986135181975736
1 0.7889676113360324 0.24956672443674177 0.025303643724696356 0.04852686308492201
1 0.756578947368421 0.24090121317157712 0.02327935222672065 0.045060658578856154
1 0.7788461538461539 0.19930675909878684 0.019230769230769232 0.038128249566724434
1 0.8183198380566802 0.29462738301559793 0.027327935222672066 0.05199306759098787
1 0.8446356275303644 0.2564991334488735 0.02125506072874494 0.058925476603119586
1 0.8451417004048583 0.20883882149046792 0.018218623481781375 0.03986135181975736
1 0.8552631578947368 0.17764298093587522 0.016194331983805668 0.03292894280762565
1 0.8299595141700404 0.13951473136915077 0.012145748987854251 0.025996533795493933
1 0.8481781376518218 0.14471403812824957 0.012145748987854251 0.029462738301559793
1 0.8643724696356275 0.16204506065857885 0.012145748987854251 0.029462738301559793
1 0.8810728744939271 0.15771230502599654 0.013157894736842105 0.03466204506065858
1 0.9003036437246964 0.16724436741767765 0.01720647773279352 0.03292894280762565
1 0.8932186234817814 0.19324090121317158 0.015182186234817813 0.036395147313691506
1 0.8785425101214575 0.22530329289428075 0.018218623481781375 0.03466204506065858
1 0.8658906882591093 0.21923743500866552 0.01720647773279352 0.043327556325823226
1 0.9418016194331984 0.3197573656845754 0.027327935222672066 0.060658578856152515
1 0.9149797570850202 0.23483535528596186 0.020242914979757085 0.043327556325823226
1 0.9185222672064778 0.20883882149046792 0.019230769230769232 0.036395147313691506
1 0.9291497975708503 0.19324090121317158 0.018218623481781375 0.03292894280762565
1 0.9321862348178138 0.17244367417677642 0.016194331983805668 0.025996533795493933
1 0.9382591093117408 0.15424610051993068 0.012145748987854251 0.02772963604852686
1 0.9478744939271255 0.2582322357019064 0.01720647773279352 0.045060658578856154
1 0.9691295546558705 0.23743500866551126 0.015182186234817813 0.038128249566724434
1 0.9615384615384616 0.20883882149046792 0.01417004048582996 0.03292894280762565
1 0.9817813765182186 0.19844020797227035 0.012145748987854251 0.03292894280762565